1 765.00 426.00 792.00 482.00 0.980000
1 778.00 457.00 807.00 524.00 0.980000
1 705.00 138.00 720.00 184.00 0.980000
1 314.00 511.00 341.00 587.00 0.980000
1 905.00 118.00 920.00 153.00 0.980000
10 401.00 498.00 432.00 570.00 0.980000
4 556.00 203.00 597.00 337.00 0.980000
4 622.00 238.00 679.00 353.00 0.980000
4 612.00 150.00 661.00 238.00 0.980000
4 744.00 229.00 807.00 343.00 0.980000
4 776.00 163.00 835.00 245.00 0.980000
4 804.00 240.00 872.00 337.00 0.980000
4 865.00 229.00 940.00 343.00 0.980000
4 927.00 218.00 1000.00 295.00 0.980000
4 905.00 145.00 999.00 200.00 0.980000
4 905.00 185.00 1000.00 240.00 0.980000
4 662.00 473.00 743.00 669.00 0.980000
4 656.00 694.00 754.00 935.00 0.980000
5 504.00 680.00 633.00 970.00 0.980000
