6 183.00 454.00 617.00 667.00 0.980000
6 234.00 354.00 627.00 494.00 0.980000
6 307.00 325.00 629.00 437.00 0.980000
6 327.00 220.00 642.00 354.00 0.980000
6 370.00 185.00 642.00 260.00 0.980000
6 370.00 120.00 602.00 177.00 0.980000
6 330.00 77.00 602.00 137.00 0.980000
6 357.00 47.00 570.00 87.00 0.980000
6 420.00 0.00 567.00 47.00 0.980000
6 655.00 0.00 794.00 63.00 0.980000
6 939.00 17.00 1000.00 102.00 0.980000
6 968.00 124.00 1000.00 167.00 0.980000
6 984.00 167.00 1000.00 227.00 0.980000
6 629.00 154.00 663.00 237.00 0.980000
6 597.00 230.00 642.00 367.00 0.980000
6 557.00 325.00 627.00 427.00 0.980000
6 540.00 17.00 570.00 87.00 0.980000
6 540.00 37.00 570.00 87.00 0.980000
6 540.00 37.00 570.00 87.00 0.000000
