4 867.00 208.00 931.00 272.00 0.980000
4 847.00 183.00 905.00 238.00 0.970000
4 929.00 253.00 985.00 325.00 0.970000
4 976.00 305.00 1000.00 355.00 0.970000
4 604.00 10.00 658.00 54.00 0.970000
4 638.00 22.00 675.00 72.00 0.970000
6 762.00 120.00 797.00 158.00 0.970000
6 762.00 120.00 797.00 158.00 0.970000
6 762.00 120.00 797.00 158.00 0.970000
6 762.00 120.00 797.00 158.00 0.970000
6 762.00 120.00 797.00 158.00 0.970000
6 762.00 120.00 797.00 158.00 0.970000
6 762.00 120.00 797.00 158.00 0.970000
6 762.00 120.00 797.00 158.00 0.970000
6 762.00 120.00 797.00 158.00 0.970000
6 762.00 120.00 797.00 158.00 0.970000
6 762.00 120.00 797.00 158.00 0.970000
6 762.00 120.00 797.00 158.00 0.970000
6 762.00 120.00 797.00 158.00 0.970000
