1 261.00 568.00 276.00 633.00 0.980000
1 58.00 449.00 68.00 488.00 0.980000
1 39.00 418.00 50.00 467.00 0.980000
1 1.00 418.00 10.00 467.00 0.980000
1 18.00 407.00 30.00 458.00 0.980000
1 18.00 407.00 30.00 458.00 0.980000
1 18.00 407.00 30.00 458.00 0.980000
1 18.00 407.00 30.00 458.00 0.980000
1 18.00 407.00 30.00 458.00 0.980000
1 18.00 407.00 30.00 458.00 0.980000
1 18.00 407.00 30.00 458.00 0.980000
1 18.00 407.00 30.00 458.00 0.980000
1 18.00 407.00 30.00 458.00 0.980000
1 18.00 407.00 30.00 458.00 0.980000
1 18.00 407.00 30.00 458.00 0.980000
1 18.00 407.00 30.00 458.00 0.980000
1 18.00 407.00 30.00 458.00 0.980000
1 18.00 407.00 30.00 458.00 0.980000
1 18.00 407.00 30.00 458.00 0.980000
1 18.00 407.00 30.00 458.00 0.980000
