1 389.00 398.00 396.00 413.00 0.980000
1 432.00 362.00 439.00 387.00 0.980000
1 432.00 357.00 439.00 378.00 0.980000
1 432.00 352.00 439.00 372.00 0.980000
1 432.00 347.00 439.00 367.00 0.980000
1 432.00 342.00 439.00 362.00 0.980000
1 432.00 337.00 439.00 357.00 0.980000
1 432.00 332.00 439.00 352.00 0.980000
1 432.00 327.00 439.00 347.00 0.980000
1 432.00 322.00 439.00 342.00 0.980000
1 432.00 317.00 439.00 337.00 0.980000
1 432.00 312.00 439.00 332.00 0.980000
1 432.00 307.00 439.00 327.00 0.980000
1 432.00 302.00 439.00 322.00 0.980000
1 432.00 297.00 439.00 317.00 0.980000
1 432.00 292.00 439.00 312.00 0.980000
1 432.00 287.00 439.00 307.00 0.980000
1 432.00 282.00 439.00 302.00 0.980000
1 432.00 277.00 439.00 297.00 0.980000
