4 0.00 662.00 173.00 764.00 0.980000
4 98.00 576.00 254.00 720.00 0.980000
4 185.00 487.00 323.00 610.00 0.980000
4 448.00 233.00 540.00 320.00 0.980000
4 498.00 192.00 570.00 262.00 0.980000
4 516.00 175.00 588.00 238.00 0.980000
4 536.00 155.00 608.00 215.00 0.980000
4 558.00 135.00 622.00 192.00 0.980000
4 603.00 70.00 670.00 125.00 0.980000
4 642.00 22.00 700.00 98.00 0.980000
4 644.00 437.00 779.00 547.00 0.980000
4 590.00 544.00 751.00 683.00 0.980000
4 642.00 392.00 784.00 470.00 0.980000
4 678.00 355.00 800.00 437.00 0.980000
4 684.00 315.00 800.00 392.00 0.980000
4 698.00 280.00 808.00 355.00 0.980000
4 702.00 250.00 810.00 320.00 0.980000
4 708.00 220.00 814.00 290.00 0.980000
