4 429.00 0.00 433.00 10.00 0.990000
4 433.00 0.00 437.00 10.00 0.990000
4 437.00 0.00 441.00 10.00 0.990000
4 441.00 0.00 445.00 10.00 0.990000
4 445.00 0.00 449.00 10.00 0.990000
4 449.00 0.00 453.00 10.00 0.990000
4 453.00 0.00 457.00 10.00 0.990000
4 457.00 0.00 461.00 10.00 0.990000
4 461.00 0.00 465.00 10.00 0.990000
4 465.00 0.00 469.00 10.00 0.990000
4 469.00 0.00 473.00 10.00 0.990000
4 473.00 0.00 477.00 10.00 0.990000
4 477.00 0.00 481.00 10.00 0.990000
4 481.00 0.00 485.00 10.00 0.990000
4 485.00 0.00 489.00 10.00 0.990000
4 489.00 0.00 493.00 10.00 0.990000
4 493.00 0.00 497.00 10.00 0.990000
4 497.00 0.00 501.00 10.00 0.990000
4 501.00 0.00 505.00 10.00 0.990000
4 505.00 0.00 509.00 10.00 0.990000
4 509.00 0.00 513.00 10.00 0.990000
