4 393.00 84.00 407.00 113.00 0.980000
4 423.00 272.00 437.00 317.00 0.980000
4 440.00 272.00 457.00 322.00 0.980000
4 342.00 488.00 366.00 542.00 0.980000
4 358.00 415.00 378.00 470.00 0.980000
4 398.00 272.00 412.00 317.00 0.980000
4 443.00 722.00 470.00 787.00 0.980000
4 377.00 512.00 400.00 575.00 0.980000
4 397.00 512.00 417.00 575.00 0.980000
4 397.00 592.00 420.00 682.00 0.980000
4 407.00 672.00 444.00 787.00 0.980000
4 366.00 542.00 397.00 712.00 0.980000
4 420.00 602.00 450.00 687.00 0.980000
4 377.00 235.00 392.00 292.00 0.980000
4 661.00 262.00 677.00 297.00 0.980000
4 677.00 262.00 694.00 297.00 0.980000
