1 334.00 789.00 367.00 877.00 0.970000
1 419.00 685.00 449.00 765.00 0.970000
1 517.00 572.00 552.00 625.00 0.970000
1 19.00 363.00 47.00 422.00 0.970000
1 393.00 179.00 405.00 215.00 0.970000
1 399.00 179.00 410.00 215.00 0.970000
1 393.00 267.00 410.00 313.00 0.970000
1 365.00 290.00 383.00 340.00 0.970000
1 710.00 377.00 729.00 436.00 0.970000
1 670.00 353.00 685.00 400.00 0.970000
1 658.00 258.00 671.00 305.00 0.970000
1 555.00 127.00 564.00 153.00 0.970000
1 668.00 153.00 678.00 187.00 0.970000
1 678.00 153.00 687.00 187.00 0.970000
1 687.00 153.00 696.00 187.00 0.970000
1 696.00 153.00 705.00 187.00 0.970000
1 724.00 83.00 733.00 109.00 0.970000
1 724.00 73.00 733.00 97.00 0.970000
1 758.00 57.00 767.00 80.00 0.970000
