1 537.00 437.00 578.00 539.00 0.980000
1 414.00 395.00 445.00 539.00 0.980000
1 348.00 484.00 387.00 539.00 0.980000
1 282.00 498.00 331.00 539.00 0.980000
1 154.00 402.00 184.00 539.00 0.980000
1 368.00 370.00 400.00 484.00 0.980000
1 318.00 417.00 354.00 539.00 0.980000
1 320.00 279.00 345.00 387.00 0.980000
1 204.00 307.00 233.00 427.00 0.980000
1 137.00 237.00 154.00 273.00 0.980000
1 83.00 307.00 108.00 370.00 0.980000
1 113.00 320.00 134.00 370.00 0.980000
1 178.00 118.00 193.00 177.00 0.980000
1 137.00 118.00 152.00 155.00 0.980000
1 347.00 127.00 360.00 187.00 0.980000
1 320.00 137.00 335.00 220.00 0.980000
1 417.00 100.00 432.00 143.00 0.980000
