4 708.52 470.67 780.52 506.40 0.681627
2 409.18 114.99 633.74 195.95 0.647690
4 540.01 371.18 603.95 405.86 0.583213
4 422.80 432.37 494.02 477.29 0.577992
4 595.49 399.89 658.59 450.67 0.571504
4 513.36 333.91 582.22 369.57 0.570491
4 561.36 389.77 625.18 428.44 0.568729
4 638.46 423.41 699.84 471.58 0.567326
5 513.31 333.94 582.22 369.51 0.564213
4 169.75 111.83 184.61 126.15 0.557401
4 310.60 150.92 347.25 166.24 0.553319
4 345.06 163.56 381.79 180.79 0.553067
5 314.92 187.19 360.71 225.70 0.548143
4 392.97 391.75 459.69 429.70 0.530710
4 501.65 316.92 563.81 348.98 0.529870
4 86.10 125.26 102.98 142.39 0.528644
4 398.22 190.66 432.58 207.64 0.526978
4 360.42 143.80 393.56 161.18 0.524348
4 397.06 408.20 469.89 458.65 0.519226
4 33.32 278.49 63.70 311.35 0.513049
4 370.43 347.03 430.94 378.95 0.511557
4 377.17 363.12 442.62 402.97 0.508737
4 307.57 178.23 347.30 197.45 0.507403
4 48.10 242.97 75.41 272.49 0.506126
4 357.71 312.06 416.03 343.43 0.498355
4 383.91 165.15 409.57 187.65 0.496763
4 0.08 298.45 25.57 330.03 0.490879
3 48.57 398.76 61.29 417.15 0.487928
6 734.92 79.31 757.00 94.78 0.479156
4 442.35 229.75 489.06 250.76 0.477531
4 322.26 213.86 369.43 237.76 0.476900
4 343.81 268.78 397.92 291.90 0.476675
4 359.37 297.52 414.32 318.32 0.475697
3 232.89 237.90 243.19 252.12 0.473599
4 735.02 79.19 757.80 94.78 0.473195
4 708.90 91.11 725.46 104.10 0.469249
4 102.73 81.88 115.31 96.16 0.465268
2 752.61 27.41 959.89 109.27 0.465163
4 231.23 117.96 252.14 130.66 0.461707
4 249.41 302.42 265.98 328.61 0.461673
9 117.47 0.91 167.31 15.83 0.452564
4 490.07 285.55 537.74 311.95 0.451625
4 334.52 230.83 382.58 258.35 0.447286
3 192.81 241.63 202.22 253.38 0.447276
4 0.09 110.20 17.14 127.65 0.446833
6 315.11 188.58 360.82 225.94 0.446395
4 498.84 299.23 545.72 327.57 0.446247
4 458.33 251.27 504.63 276.04 0.445759
4 258.58 376.09 287.22 418.63 0.444436
6 289.55 45.88 333.61 88.63 0.442202
4 217.42 345.19 236.95 377.44 0.435467
4 463.74 262.32 511.87 291.39 0.435407
3 177.23 236.72 186.20 249.40 0.433637
9 473.66 121.99 498.05 142.81 0.432353
4 88.81 79.14 98.55 92.44 0.421504
4 109.91 29.44 120.65 39.37 0.417290
4 83.55 99.21 96.45 115.62 0.417098
4 315.12 186.97 354.68 200.87 0.409665
5 490.30 285.62 538.02 311.84 0.409353
4 446.09 241.13 493.52 263.65 0.406884
5 303.16 128.94 325.79 149.43 0.406745
4 70.98 210.27 92.04 231.36 0.404744
4 53.52 34.31 64.34 44.01 0.403619
4 689.68 97.24 705.86 108.10 0.400894
4 25.12 63.62 38.04 72.69 0.389574
4 99.19 17.55 108.79 26.40 0.387103
5 346.58 283.66 392.01 312.87 0.379659
1 898.52 223.98 906.40 242.04 0.378767
3 56.16 344.71 67.68 365.10 0.377000
4 196.41 54.85 205.78 69.88 0.375107
1 880.69 256.05 891.34 272.86 0.373540
1 53.13 311.45 64.26 336.55 0.361731
9 118.19 2.26 139.53 14.19 0.360181
4 135.41 113.26 143.54 127.63 0.356819
4 725.01 76.81 738.16 88.85 0.345149
4 87.72 106.47 97.01 115.86 0.344572
1 115.90 200.34 126.16 219.06 0.330153
9 289.87 45.86 333.56 88.97 0.327772
4 20.28 224.09 40.53 244.64 0.312820
3 117.08 206.41 126.60 218.56 0.291876
4 192.90 72.51 200.18 83.25 0.288842
3 844.27 485.48 858.52 512.35 0.251682
4 64.05 243.14 75.58 270.88 0.245101
1 233.86 399.18 246.05 415.89 0.233890
3 339.70 306.79 350.52 327.24 0.233353
1 46.70 389.51 58.06 409.80 0.218248
1 931.08 165.66 938.02 178.93 0.216598
