4 916.00 338.65 1003.83 374.65 0.724613
4 933.41 391.73 1007.19 439.23 0.720805
3 172.06 571.73 216.32 606.97 0.714723
4 197.03 397.33 309.40 441.66 0.710531
4 254.54 483.22 372.06 543.33 0.708937
4 1111.94 502.09 1185.29 563.20 0.706560
4 239.92 364.96 335.68 404.66 0.690731
4 0.47 397.66 105.47 439.14 0.659698
4 74.99 309.61 170.14 342.10 0.639446
5 301.57 231.44 350.55 285.22 0.634392
4 260.54 549.21 339.50 634.57 0.629730
4 113.26 277.90 180.71 308.68 0.629604
3 520.93 329.91 552.91 349.24 0.613109
5 829.11 199.84 883.08 265.04 0.602163
4 1185.52 326.02 1257.00 363.15 0.596714
4 0.10 309.82 56.53 342.19 0.593643
4 242.61 265.10 293.79 295.35 0.579345
7 237.99 296.23 288.55 318.35 0.569128
7 1044.36 327.40 1111.89 365.08 0.567434
3 120.36 424.48 191.17 458.93 0.564349
4 148.65 637.96 228.30 729.56 0.559662
4 480.82 241.79 516.25 273.87 0.559025
7 119.87 421.97 191.61 459.39 0.555978
4 664.07 135.72 697.20 151.47 0.550060
3 685.77 325.23 729.72 348.24 0.534896
3 0.14 457.71 61.50 505.71 0.534828
6 584.51 120.74 623.31 158.58 0.532246
7 181.75 334.56 254.52 366.13 0.528248
4 654.84 119.74 676.46 135.16 0.526065
4 474.31 528.57 515.87 561.77 0.509723
3 685.36 328.93 711.15 348.49 0.501804
4 340.94 248.49 380.99 285.60 0.500170
4 541.98 243.05 572.86 273.81 0.497744
3 112.74 324.13 146.35 351.67 0.487033
4 490.44 140.59 529.48 157.22 0.481125
4 61.55 288.25 98.47 308.89 0.479963
9 584.80 120.54 623.11 158.56 0.459513
3 709.89 326.49 730.15 343.26 0.457066
4 520.25 169.39 546.86 190.44 0.454554
4 591.60 243.59 619.15 272.97 0.449724
2 433.33 215.80 468.86 267.68 0.440458
4 652.81 73.04 663.73 85.66 0.433836
4 555.34 220.14 582.19 248.36 0.433265
4 525.49 141.71 563.47 164.19 0.426746
4 531.19 113.38 566.24 125.87 0.423281
5 827.39 138.85 845.61 158.80 0.423274
4 850.10 43.56 872.38 55.20 0.418870
4 61.83 240.06 95.62 266.59 0.418220
4 591.83 222.23 619.70 250.42 0.416413
4 789.63 141.30 811.33 158.88 0.409815
4 553.13 203.95 577.64 228.27 0.409040
4 862.34 182.58 884.72 204.92 0.406953
4 804.47 152.66 819.30 164.39 0.406235
4 614.25 42.04 630.34 51.74 0.406016
4 745.44 93.34 758.59 105.25 0.399622
4 680.02 102.66 689.50 113.67 0.397393
3 967.43 330.04 991.34 344.41 0.397244
4 565.57 176.47 588.11 198.65 0.396919
4 564.51 189.91 585.89 213.42 0.384995
4 606.83 167.09 626.84 183.13 0.381926
4 599.75 202.43 623.45 228.96 0.381438
4 203.60 274.84 234.83 294.71 0.377136
4 558.48 129.61 575.31 144.59 0.377104
4 540.60 152.65 558.94 167.12 0.374631
3 497.06 199.27 517.31 218.26 0.374186
9 469.77 83.90 506.97 109.89 0.370947
3 1044.75 340.29 1070.89 363.29 0.369999
3 215.29 283.86 230.07 303.59 0.368100
6 0.12 579.71 74.19 641.32 0.364371
1 976.51 318.81 989.02 342.84 0.361796
4 827.56 139.43 843.07 158.35 0.358527
4 606.89 184.17 624.48 201.80 0.356792
4 658.58 35.98 668.22 43.54 0.352564
1 906.34 227.36 917.41 252.08 0.346726
2 190.99 333.41 209.30 357.48 0.344479
4 578.40 108.77 594.07 123.06 0.336306
1 892.23 219.60 904.09 244.32 0.332437
6 1131.95 262.14 1159.11 301.69 0.332331
1 334.44 274.91 345.79 304.01 0.329014
1 797.63 206.29 806.66 227.66 0.327998
1 178.10 560.51 196.50 596.00 0.325782
1 713.07 314.31 723.16 335.27 0.322972
2 218.27 270.01 233.62 302.29 0.322926
3 931.79 271.66 955.24 292.30 0.313191
1 637.08 139.88 645.31 156.68 0.311115
1 531.00 320.70 543.93 344.67 0.308544
1 812.28 195.96 821.33 215.17 0.307015
9 831.55 158.57 844.31 185.92 0.298682
1 696.17 320.54 706.54 341.81 0.282571
2 888.21 220.46 917.90 252.68 0.278247
1 486.15 186.49 495.26 205.49 0.263528
3 931.29 274.64 941.48 291.72 0.263022
9 735.07 155.59 746.10 179.67 0.255586
1 151.74 419.53 169.60 454.29 0.252499
1 352.31 277.09 361.67 298.56 0.241157
2 120.80 322.92 133.39 346.97 0.240202
1 538.38 184.99 545.34 202.89 0.226740
1 887.00 225.40 894.01 245.82 0.203028
2 463.93 224.96 468.69 247.46 0.166598
