4 160.02 472.77 254.77 531.64 0.667934
4 734.91 522.12 783.24 606.64 0.588692
4 824.56 148.46 856.83 185.48 0.586065
4 1101.37 228.21 1148.48 269.52 0.574157
4 812.39 229.14 852.16 284.69 0.558648
4 458.14 36.97 482.44 69.43 0.549346
4 648.62 52.69 672.86 86.52 0.546076
4 550.52 34.65 577.99 71.11 0.540685
4 613.36 38.85 636.73 71.94 0.539701
5 792.37 517.15 842.88 608.10 0.530240
4 1200.41 375.86 1252.98 416.58 0.523716
5 678.60 146.47 713.68 198.53 0.518596
4 101.51 978.67 154.93 1014.64 0.516848
1 130.83 878.94 180.36 899.23 0.508180
4 791.84 516.80 842.91 608.45 0.503210
2 61.59 499.33 83.09 523.48 0.490272
6 679.25 145.25 714.27 198.15 0.489477
1 945.36 457.52 964.13 489.93 0.488537
3 56.61 505.83 96.60 527.17 0.478796
2 339.60 727.75 371.97 770.27 0.475628
3 949.32 471.61 962.45 491.48 0.454556
4 688.75 541.47 726.26 622.65 0.450839
4 1098.49 186.05 1117.01 222.96 0.441532
6 688.91 542.05 725.78 623.01 0.438145
4 521.70 44.91 535.48 65.99 0.435982
1 62.35 499.30 83.69 523.01 0.426008
1 505.62 166.23 519.78 193.35 0.400350
1 353.95 740.14 372.03 767.80 0.384418
2 506.20 167.93 520.07 192.59 0.382884
3 57.04 509.95 76.00 526.98 0.376061
1 499.51 131.80 512.86 156.61 0.370905
4 564.62 594.68 589.13 608.74 0.369709
7 12.75 641.34 58.08 670.78 0.357851
1 339.91 728.31 355.45 757.47 0.343904
4 732.96 0.08 744.14 9.83 0.332703
4 1199.56 344.48 1215.13 366.79 0.311932
2 340.09 728.34 355.87 756.38 0.298959
3 335.69 744.97 355.43 774.36 0.293583
7 411.15 180.30 427.84 206.90 0.291100
1 605.14 335.09 616.94 345.33 0.282358
2 0.08 641.18 13.47 666.60 0.237579
2 347.45 758.39 356.62 775.66 0.211567
2 347.55 728.28 357.32 750.88 0.205226
