4 919.44 729.66 1055.82 981.30 0.768327
4 1176.97 701.50 1399.25 992.23 0.754820
5 1128.75 497.68 1281.66 705.27 0.735562
4 927.21 495.42 1042.99 705.08 0.727225
5 1177.51 701.22 1399.63 992.13 0.727188
4 705.75 713.44 887.46 1019.40 0.726952
9 128.23 198.19 354.57 396.26 0.717704
4 873.40 247.81 953.14 371.22 0.692155
3 1022.38 227.12 1063.39 255.76 0.688773
1 1089.54 481.12 1129.28 549.64 0.685777
9 0.56 195.09 196.50 453.75 0.683458
4 1245.13 151.37 1394.06 208.71 0.674977
4 1212.66 239.53 1317.31 358.65 0.671899
1 442.04 537.24 481.08 618.71 0.665326
4 1265.52 193.46 1399.44 255.19 0.661191
4 1126.40 252.08 1220.85 351.99 0.655591
4 1295.93 230.84 1399.69 309.55 0.655175
1 1071.22 448.17 1108.18 507.89 0.653463
4 1042.87 240.81 1131.88 359.41 0.646864
4 1318.80 705.70 1399.77 910.74 0.643670
4 951.55 207.40 1043.12 355.71 0.640763
4 776.10 214.22 845.41 354.03 0.637226
4 1087.01 172.53 1170.79 260.73 0.629411
4 1327.26 496.70 1399.80 647.63 0.624242
4 1289.05 8.67 1384.78 112.91 0.618755
4 859.04 158.56 926.31 248.33 0.598834
4 142.13 3.29 230.22 59.09 0.592330
4 777.07 213.17 833.69 247.82 0.585923
1 987.02 144.67 1010.84 193.52 0.578879
3 1133.83 103.43 1177.89 133.40 0.575568
7 563.57 523.69 604.06 599.80 0.543531
4 1228.31 17.14 1295.74 107.39 0.517873
5 1225.78 18.13 1295.45 108.62 0.491473
4 361.45 8.23 421.97 45.05 0.483736
4 872.60 249.46 895.90 367.62 0.454108
1 1268.32 126.48 1290.26 160.37 0.449372
4 142.20 6.72 188.25 46.57 0.439183
4 383.29 209.98 401.55 259.36 0.419254
3 829.34 84.47 869.65 113.99 0.416576
7 829.25 86.39 870.07 114.02 0.404226
4 1214.39 0.00 1261.56 40.16 0.378536
7 799.22 101.35 832.76 127.81 0.361320
2 1126.87 258.03 1162.86 342.38 0.330550
10 566.64 523.08 603.77 557.03 0.320691
3 712.14 128.63 731.68 178.97 0.291871
