4 1374.93 978.73 1530.91 1079.65 0.808079
4 1147.38 877.83 1263.00 990.57 0.787880
4 1022.18 597.23 1084.67 650.41 0.734781
4 904.04 529.30 951.32 570.58 0.705014
4 509.62 212.25 539.94 221.61 0.611650
6 733.94 225.21 937.67 268.31 0.596486
4 963.12 446.83 1000.97 482.08 0.594933
4 1149.78 877.69 1229.17 895.65 0.585681
4 184.81 217.86 228.12 227.62 0.583650
4 858.60 399.20 888.65 427.04 0.554468
4 855.51 363.04 879.60 384.93 0.545832
4 962.22 401.54 989.24 426.51 0.539562
4 760.83 256.42 781.22 267.16 0.533274
4 781.46 268.00 799.09 282.48 0.523007
4 289.98 216.28 325.75 224.70 0.514507
6 898.95 285.06 927.70 318.16 0.482067
4 1279.69 213.32 1299.80 221.57 0.479423
4 914.75 394.18 943.50 418.51 0.478849
4 949.20 351.92 975.60 373.13 0.477773
4 484.78 213.08 507.81 221.56 0.476567
4 1000.50 208.56 1025.23 217.70 0.473217
5 898.69 284.46 928.02 317.97 0.468518
4 793.16 249.92 809.92 262.28 0.455877
4 910.18 378.21 937.52 400.11 0.452235
4 839.77 286.21 854.56 297.26 0.450649
4 837.63 249.04 852.73 261.36 0.444952
9 1752.01 284.04 1877.02 318.88 0.437669
4 925.90 340.96 946.84 358.36 0.437515
9 792.22 194.63 813.17 205.92 0.436075
6 1847.22 296.70 1919.76 329.29 0.430788
4 911.36 318.27 929.82 333.21 0.429481
9 1634.24 289.85 1770.72 322.85 0.429021
9 1425.29 287.03 1505.92 317.47 0.428560
4 899.47 361.95 923.07 381.96 0.425185
9 822.18 195.23 842.67 204.84 0.420836
9 1619.19 321.89 1675.29 343.31 0.420463
4 954.60 240.14 972.04 251.61 0.420117
6 820.05 247.51 853.18 262.10 0.419162
6 744.42 246.87 781.54 268.41 0.410081
4 835.14 272.12 848.73 285.27 0.410058
4 749.24 277.75 764.62 287.72 0.404328
9 367.24 197.64 406.25 208.31 0.396950
4 757.04 327.44 774.13 337.79 0.386503
9 1251.63 213.78 1303.21 242.50 0.385023
4 955.90 373.88 968.35 390.25 0.380531
4 883.26 325.00 901.05 344.57 0.378488
4 1787.18 323.10 1822.82 338.64 0.373009
4 987.38 241.14 1009.12 254.57 0.368247
4 881.34 308.76 900.35 325.59 0.367848
4 872.82 298.02 889.51 313.21 0.354830
9 855.45 219.89 870.02 227.99 0.354810
4 858.32 268.87 872.96 281.97 0.352023
4 939.42 323.51 952.94 336.19 0.329793
4 1291.62 316.23 1305.45 327.89 0.327111
4 868.06 286.35 882.61 300.32 0.326988
6 880.96 234.54 895.93 268.53 0.323144
6 819.49 246.64 832.00 263.59 0.303214
1 1129.38 488.61 1137.80 506.59 0.231905
1 753.42 290.75 759.68 304.27 0.228332
1 956.37 374.79 968.81 397.34 0.226310
