2 354.05 832.04 389.76 879.61 0.690145
2 968.29 172.29 989.12 217.84 0.586056
2 904.42 169.72 924.90 213.60 0.564293
2 162.09 408.31 191.26 462.89 0.532377
2 541.42 230.55 571.03 284.85 0.532322
2 130.39 395.85 165.57 445.53 0.528181
2 50.04 356.22 195.87 467.47 0.527190
2 772.70 93.73 791.38 131.60 0.511478
2 51.46 358.04 88.22 418.77 0.490432
2 0.18 928.13 60.69 972.51 0.479007
2 626.52 91.02 646.82 136.42 0.475858
2 735.91 91.09 752.62 134.11 0.470365
2 80.66 367.16 120.64 429.32 0.465533
2 645.83 108.77 660.94 138.00 0.460938
2 1336.38 45.29 1359.35 79.13 0.457830
2 399.34 85.58 417.42 122.08 0.455273
2 1311.41 108.20 1350.53 160.34 0.448176
2 399.44 189.33 418.04 230.45 0.439416
2 331.92 17.09 347.93 59.14 0.435310
2 794.54 101.66 808.27 144.83 0.431808
2 416.78 226.20 445.65 280.78 0.430028
2 1298.56 14.86 1324.25 53.66 0.414965
2 923.90 40.57 946.03 73.61 0.411636
2 377.59 188.17 395.16 220.34 0.390936
2 382.07 264.77 442.99 333.70 0.379231
3 1292.56 124.44 1345.72 181.71 0.369247
2 1326.88 0.00 1349.47 21.75 0.363847
2 370.12 236.30 398.25 278.42 0.361334
2 518.41 989.44 545.75 1026.91 0.348164
2 392.25 301.57 421.99 357.18 0.340060
2 371.59 295.64 399.57 350.57 0.337258
2 1292.75 154.08 1337.73 182.56 0.334438
2 367.43 187.05 453.43 361.79 0.326386
2 1316.95 45.69 1360.25 93.77 0.311077
