4 139.95 24.95 207.57 95.77 0.619960
4 71.81 242.17 185.51 336.10 0.599834
4 0.07 162.56 50.28 251.56 0.586274
6 71.29 107.60 233.09 336.51 0.571516
2 583.41 502.49 600.94 537.25 0.545194
2 818.71 482.53 831.38 510.18 0.537017
2 824.97 671.99 840.09 703.53 0.520100
2 714.01 243.99 725.75 272.99 0.504230
2 675.57 33.19 694.48 56.05 0.499760
2 756.59 772.25 773.20 787.65 0.497470
2 741.22 771.49 757.71 787.81 0.472093
2 506.32 596.21 518.59 622.39 0.470701
2 684.59 202.78 701.04 225.60 0.468271
2 583.86 169.56 620.13 198.42 0.461507
2 679.90 152.05 694.93 172.11 0.448671
2 615.91 22.43 635.21 41.80 0.445570
2 592.85 0.00 602.14 12.71 0.426101
2 395.47 98.31 407.53 123.75 0.424713
2 433.27 167.54 445.27 189.39 0.423944
2 678.02 116.47 696.56 147.51 0.423397
2 670.12 2.08 681.22 23.21 0.408780
4 352.23 252.14 391.40 290.59 0.406602
2 604.05 169.59 616.59 183.74 0.398539
6 352.63 251.21 391.78 291.39 0.395625
2 274.44 317.17 318.67 355.64 0.387345
2 636.79 23.75 650.44 42.99 0.386884
2 616.47 22.33 651.54 43.74 0.362455
2 304.95 328.91 316.58 355.21 0.318223
2 416.68 48.28 428.30 74.56 0.307162
2 111.40 280.76 127.51 297.85 0.298877
2 856.49 653.58 868.10 672.21 0.296223
2 844.71 628.14 853.64 646.26 0.292088
2 349.86 265.37 362.02 291.56 0.285339
2 286.33 688.15 299.71 710.70 0.279767
2 851.50 670.45 860.70 694.52 0.276219
2 592.43 179.25 605.66 198.22 0.272134
2 779.35 181.72 788.88 197.46 0.263719
2 374.81 24.72 389.92 52.80 0.252204
2 292.24 327.81 307.46 354.34 0.240451
2 776.26 181.64 783.51 198.77 0.221085
2 772.65 162.04 779.82 179.06 0.214881
