4 799.23 577.39 1033.26 764.08 0.805247
4 799.49 577.18 895.75 716.06 0.755407
3 3.63 328.37 90.74 369.56 0.697764
4 587.22 383.94 680.00 522.61 0.693418
4 831.20 312.60 936.81 413.89 0.688763
4 822.78 228.75 894.80 300.60 0.672619
4 640.82 170.07 703.00 243.31 0.666491
4 778.54 153.51 838.09 211.05 0.643868
4 595.81 267.40 669.99 367.69 0.643115
4 738.19 78.53 783.30 122.18 0.630741
3 532.50 321.09 557.82 369.04 0.620147
3 553.44 251.93 577.73 292.89 0.619945
1 1319.00 443.14 1353.96 479.91 0.619910
4 673.36 0.00 701.62 7.54 0.597018
5 512.16 97.00 570.74 179.07 0.590357
4 332.58 219.19 428.32 275.00 0.582755
1 1333.77 295.79 1359.68 355.03 0.582625
3 458.42 282.68 488.08 326.77 0.581622
1 38.21 382.75 81.98 449.73 0.580317
4 728.79 0.00 759.37 10.77 0.579165
4 737.36 11.98 779.08 52.01 0.570750
2 554.44 232.53 578.76 278.03 0.562957
4 824.27 0.00 865.91 17.05 0.555153
4 278.93 209.06 428.12 292.57 0.545043
1 453.81 328.28 474.91 399.38 0.531875
4 866.83 12.60 902.07 42.77 0.530628
1 929.09 236.40 947.46 288.92 0.528281
2 1107.68 400.40 1135.18 460.16 0.526990
1 398.89 277.72 425.25 356.19 0.522384
4 311.74 209.38 402.25 252.95 0.520583
3 602.88 72.23 615.77 96.58 0.511322
4 607.58 0.83 627.31 26.30 0.500849
4 856.45 155.63 883.10 209.71 0.495420
2 399.16 278.29 424.16 355.79 0.493753
4 1128.07 0.00 1172.75 23.46 0.482865
1 1107.89 400.65 1135.46 460.38 0.471296
2 1119.20 426.77 1155.71 493.90 0.465527
9 1004.93 93.84 1121.99 213.55 0.453465
2 602.54 58.18 616.54 88.37 0.450650
2 951.26 181.53 968.05 218.79 0.450400
3 974.43 210.32 1024.87 243.32 0.444898
9 973.28 171.14 1018.95 200.20 0.439111
3 1004.07 210.16 1025.92 244.03 0.435160
4 915.14 155.05 948.90 212.88 0.432676
4 943.62 171.90 976.24 199.21 0.430387
4 278.89 240.77 338.45 291.87 0.430267
7 566.05 39.70 589.67 70.40 0.425624
3 974.44 209.50 999.14 240.38 0.415269
1 950.98 180.26 968.93 219.83 0.398611
3 930.38 184.97 951.07 225.47 0.393583
4 546.56 13.53 566.10 35.37 0.385157
3 789.64 12.21 800.81 29.08 0.383454
4 989.97 0.83 1012.33 29.94 0.380195
4 0.08 713.97 34.27 764.59 0.374532
2 991.80 131.75 1007.72 171.31 0.362551
3 929.35 206.40 942.53 225.51 0.351751
2 937.42 131.91 950.04 157.20 0.350695
9 1057.40 156.96 1089.30 214.81 0.340392
3 1058.65 332.96 1082.60 376.99 0.335179
1 69.99 233.47 92.58 272.70 0.331756
2 69.92 232.70 92.82 272.18 0.329228
2 1033.20 58.58 1050.99 95.49 0.328838
2 978.66 136.09 989.86 171.67 0.314337
1 1032.79 58.88 1051.47 96.09 0.297810
3 1004.72 213.76 1035.30 263.92 0.289478
3 566.62 50.11 578.47 72.05 0.260805
2 932.47 68.82 943.62 91.78 0.249656
2 967.03 121.55 979.42 145.57 0.249474
2 973.54 48.51 985.00 70.39 0.244682
2 542.65 296.17 558.76 353.99 0.241165
2 961.42 131.91 974.78 163.70 0.230197
2 464.05 330.88 473.92 385.10 0.196409
