5 1081.91 649.76 1170.50 726.72 0.640515
4 1203.29 726.80 1275.45 786.60 0.637821
4 1156.81 652.19 1237.87 718.87 0.631716
4 925.01 498.08 996.39 561.51 0.621331
4 757.23 395.29 823.41 454.41 0.613385
4 641.09 428.44 707.08 479.87 0.613324
4 687.96 354.72 747.55 404.07 0.613063
6 637.58 0.02 895.74 378.76 0.612109
4 87.80 714.41 180.38 750.85 0.611083
4 975.52 640.93 1055.65 710.17 0.610655
4 688.88 402.06 747.93 450.93 0.609626
4 1081.84 649.67 1170.18 727.21 0.606369
4 586.41 373.46 645.01 424.19 0.601757
5 1007.24 546.92 1086.44 616.48 0.600681
4 81.01 751.50 167.02 787.16 0.597698
4 893.93 581.56 970.24 647.09 0.597128
6 751.08 438.12 847.45 514.73 0.596092
4 128.77 646.64 207.55 680.41 0.594444
4 110.59 680.51 192.61 716.58 0.592679
4 190.96 556.42 264.03 586.81 0.592084
5 469.27 251.37 591.13 379.00 0.588115
4 813.65 533.52 886.44 594.90 0.586608
4 185.85 583.96 259.50 617.13 0.584987
4 623.75 354.85 671.81 399.47 0.581488
4 729.34 470.20 799.36 533.89 0.579933
4 184.95 613.04 255.95 651.31 0.578118
4 964.60 573.75 1048.32 644.45 0.576785
4 749.17 536.04 830.51 607.06 0.575879
4 1007.50 546.75 1086.35 616.78 0.574243
4 1301.99 744.58 1372.48 787.60 0.566032
4 445.44 216.36 480.26 259.95 0.563477
5 751.19 437.42 847.07 514.53 0.560303
5 853.47 500.28 925.44 565.38 0.557805
4 558.68 298.92 615.17 354.56 0.556546
6 1194.22 473.28 1399.34 633.35 0.555105
6 680.67 171.04 927.83 394.23 0.551949
6 1066.90 694.83 1170.26 780.98 0.517767
4 425.93 101.67 455.72 150.72 0.512975
6 682.19 173.67 773.39 313.25 0.505827
4 431.82 162.74 461.30 208.04 0.498448
4 172.11 735.86 223.16 787.16 0.478513
4 1.12 135.24 28.96 161.30 0.475596
4 510.81 507.14 543.94 573.59 0.463388
6 806.55 252.18 927.01 381.99 0.458496
4 194.77 667.25 240.47 730.96 0.447628
4 853.80 561.30 886.66 594.24 0.447580
4 588.21 135.45 620.31 158.21 0.422125
4 465.64 503.34 503.40 575.59 0.419538
4 0.12 140.50 18.10 172.97 0.390912
1 606.77 68.32 615.54 86.24 0.384935
4 417.57 34.85 438.64 66.01 0.368128
4 1241.41 577.74 1286.30 612.42 0.356419
4 550.77 512.39 576.31 560.58 0.325712
1 584.20 71.82 593.12 90.74 0.278960
1 830.17 400.31 840.86 414.40 0.276327
3 822.61 397.40 846.27 428.18 0.272234
1 599.98 767.77 615.86 786.63 0.247776
