4 1294.26 1047.69 1446.04 1229.50 0.751001
1 1647.71 1401.06 1694.81 1476.82 0.713680
2 1286.37 1459.73 1333.95 1499.20 0.668468
1 1082.49 1142.80 1121.23 1216.60 0.662343
5 1138.90 687.62 1207.62 774.81 0.654828
4 844.56 484.76 916.81 526.32 0.651336
4 952.06 456.15 985.09 492.12 0.646968
6 776.37 1301.02 895.78 1423.11 0.639214
4 818.84 567.54 895.53 619.38 0.635883
6 776.12 1036.21 925.29 1426.20 0.634719
6 1192.69 743.97 1281.37 833.47 0.617923
4 1294.50 1048.68 1404.08 1115.00 0.599191
5 826.00 566.18 910.73 619.22 0.586313
2 1577.93 1365.50 1619.32 1418.76 0.584352
4 934.25 417.71 967.53 454.71 0.560493
2 1594.10 1335.06 1631.15 1408.82 0.552283
3 1166.78 887.14 1187.17 924.92 0.545996
7 1221.08 856.64 1274.33 895.51 0.545231
4 978.49 421.92 1011.31 451.28 0.544569
7 777.03 1297.78 924.46 1425.29 0.536854
1 1070.72 637.06 1091.04 678.51 0.531757
7 1284.93 980.06 1349.45 1040.37 0.523649
6 1057.61 535.26 1115.22 610.50 0.522210
4 894.66 410.86 920.48 444.21 0.516043
4 896.32 447.76 918.96 469.73 0.514933
4 744.60 285.74 767.21 301.03 0.511483
6 946.40 728.03 1012.84 823.82 0.503822
4 1070.48 603.94 1121.11 611.77 0.502480
2 1573.31 1334.13 1696.12 1479.24 0.501852
4 907.31 293.73 925.85 312.31 0.501382
7 1173.61 816.69 1275.67 895.54 0.501130
1 934.49 1091.17 958.04 1149.77 0.497506
1 1572.89 1365.49 1619.10 1437.48 0.496962
4 766.78 275.35 800.67 291.44 0.487742
7 776.23 1037.34 923.92 1424.35 0.473625
4 976.83 384.76 1003.37 410.92 0.473356
4 827.09 450.40 857.83 491.08 0.465139
4 1018.59 435.05 1047.83 454.56 0.464439
4 954.99 322.87 979.49 344.15 0.462709
4 885.51 236.67 901.63 253.31 0.458774
6 1138.45 686.81 1282.41 835.43 0.452242
3 1042.56 1392.63 1099.16 1463.71 0.450364
3 1099.60 604.01 1121.83 623.95 0.448719
4 833.74 339.90 869.79 368.30 0.444777
1 1020.93 874.59 1044.59 895.64 0.439945
1 1593.52 1336.31 1638.51 1398.15 0.437642
4 824.18 318.55 844.23 341.41 0.436707
4 507.72 260.42 540.45 279.78 0.436363
4 1604.12 879.35 1640.39 895.62 0.433558
3 1187.33 867.55 1211.83 898.29 0.428275
2 1180.60 825.67 1210.46 893.91 0.427995
5 812.49 287.59 845.08 309.09 0.427349
4 955.75 333.72 974.63 344.97 0.426066
7 945.46 726.73 1011.84 819.76 0.425286
9 586.07 250.27 745.51 302.86 0.412972
4 822.60 399.44 841.05 420.34 0.411183
2 1167.48 872.19 1187.60 895.14 0.410545
4 505.77 263.61 525.28 276.83 0.410258
3 1099.77 588.99 1125.08 624.13 0.409894
5 794.91 280.81 823.49 304.16 0.407354
6 1069.05 534.10 1101.92 581.74 0.403529
4 1071.85 498.93 1093.60 520.26 0.401088
4 523.52 264.12 541.85 277.72 0.400463
4 1012.91 411.39 1031.73 429.40 0.398569
2 937.56 1142.54 954.19 1182.96 0.396366
4 914.35 233.21 929.32 249.48 0.396106
7 834.48 337.59 869.28 369.14 0.395909
4 891.73 198.98 904.15 210.42 0.393724
6 1018.41 435.50 1054.25 480.98 0.390798
6 794.35 280.73 825.42 308.26 0.389165
7 1381.99 994.15 1438.58 1059.39 0.387733
4 833.55 292.22 852.55 309.43 0.385013
3 1011.30 985.60 1057.64 1035.96 0.377794
2 486.34 1381.98 504.10 1419.18 0.376819
1 1011.84 708.06 1027.52 753.39 0.372461
4 547.39 239.22 563.48 252.67 0.369683
4 1020.07 440.38 1054.68 477.22 0.364636
2 1104.16 587.72 1126.10 623.01 0.358934
7 943.20 645.96 971.08 681.99 0.352986
4 716.16 288.20 737.89 302.16 0.352706
4 651.54 187.15 663.65 196.74 0.351237
4 874.83 480.81 894.77 493.95 0.348874
2 469.95 1379.55 505.17 1422.60 0.347572
4 906.57 224.35 921.71 238.85 0.343422
3 1010.28 466.01 1029.33 483.14 0.343194
4 1038.72 493.09 1070.65 526.84 0.337625
2 966.91 634.71 1017.98 683.83 0.331539
2 471.80 1380.26 488.95 1416.86 0.327354
9 834.52 296.65 854.87 334.61 0.325126
3 1278.83 1440.94 1299.90 1499.20 0.321441
4 875.42 205.39 886.44 216.82 0.317774
4 881.64 174.90 890.71 184.64 0.312536
4 1103.97 585.98 1116.50 607.64 0.310329
2 1604.95 793.10 1640.37 823.91 0.307287
2 1103.98 1144.52 1120.56 1188.10 0.307282
1 1003.78 636.25 1017.77 676.02 0.302302
3 955.97 604.85 976.03 631.61 0.297613
3 1380.87 627.41 1407.40 664.74 0.294256
2 1027.45 898.43 1050.20 949.47 0.288781
4 939.56 659.20 952.17 673.73 0.287047
2 1165.70 872.62 1186.48 924.26 0.277359
2 1002.27 634.14 1019.75 677.18 0.276531
1 981.40 646.06 995.67 688.97 0.269354
2 963.66 634.09 980.56 677.90 0.261033
1 840.89 424.50 852.04 449.56 0.258305
10 0.00 568.80 16.15 590.67 0.256169
2 825.71 399.53 837.49 419.79 0.255268
2 1010.36 707.06 1027.41 749.61 0.254703
3 991.71 656.01 1007.22 678.92 0.251951
2 1239.87 890.38 1256.46 935.24 0.243277
2 1594.53 1340.71 1611.86 1377.06 0.242203
2 1274.42 854.02 1295.66 895.28 0.238161
2 1183.40 824.45 1200.75 851.59 0.229537
2 993.79 736.03 1009.93 761.39 0.223311
3 1006.19 767.52 1022.35 805.28 0.221626
2 968.83 349.54 976.10 372.12 0.212571
2 1028.36 483.11 1039.85 512.16 0.198536
