4 1865.64 1361.51 1999.45 1499.00 0.822281
5 1615.98 1189.00 1802.38 1293.28 0.822117
5 1317.61 1250.18 1527.90 1326.93 0.812819
6 1141.26 786.59 1272.24 837.87 0.807249
5 1233.53 1206.77 1407.46 1318.02 0.803504
4 1791.94 1277.08 1999.08 1405.99 0.791400
5 1868.30 1210.95 1999.48 1303.91 0.790008
4 711.64 815.26 777.06 838.88 0.777527
4 1069.60 1004.08 1164.05 1065.14 0.768438
5 759.81 1093.14 895.79 1176.33 0.753324
4 517.92 815.90 580.78 838.71 0.750158
4 934.29 885.62 1007.75 921.21 0.748073
4 826.30 865.54 910.16 898.55 0.735566
4 975.82 839.41 1049.58 871.39 0.734951
4 1177.53 845.88 1258.82 874.27 0.729351
4 1075.27 873.20 1161.42 906.19 0.724276
4 748.42 867.70 825.20 906.03 0.718623
6 831.85 801.52 1077.79 852.26 0.701412
5 1128.80 1202.65 1214.36 1339.59 0.694018
1 1788.29 1223.60 1825.50 1280.77 0.691839
4 1112.03 862.87 1168.56 889.70 0.686436
4 1246.79 870.42 1315.15 903.99 0.685822
5 1164.11 864.77 1244.06 895.75 0.678736
4 798.19 957.83 916.43 1007.27 0.678439
6 1187.41 917.23 1313.08 997.24 0.666867
5 1077.67 1054.83 1148.07 1142.16 0.665740
4 341.85 746.27 378.10 759.79 0.663407
4 1305.53 868.48 1347.55 888.64 0.654132
6 1234.25 949.92 1495.19 1019.75 0.653124
4 932.75 885.85 988.30 895.98 0.641617
4 1045.46 915.68 1098.60 966.05 0.640904
1 1948.17 1337.77 1977.53 1368.05 0.637994
4 771.58 986.29 895.04 1034.31 0.630824
4 1048.03 882.16 1087.63 918.45 0.623243
7 1606.15 1281.43 1686.79 1372.24 0.620019
4 819.95 952.31 933.96 991.16 0.616314
4 1626.56 733.50 1662.84 749.00 0.616240
7 1775.66 1268.39 1862.34 1322.96 0.614060
5 1301.21 1317.98 1611.73 1499.38 0.609583
1 1234.04 1137.87 1264.73 1199.62 0.607240
6 783.70 1007.44 942.77 1121.29 0.603323
4 699.20 879.58 718.26 901.57 0.592166
4 1163.42 865.84 1244.74 904.30 0.591406
4 1104.12 1055.17 1149.13 1142.53 0.589923
1 1401.87 1142.36 1430.49 1196.13 0.588146
3 646.53 1126.69 669.11 1186.39 0.575585
1 1069.30 1192.23 1099.55 1267.36 0.568948
4 663.45 752.59 699.37 765.91 0.563171
1 1345.48 1159.77 1372.25 1210.60 0.556247
6 832.37 800.02 935.68 851.53 0.549340
4 814.74 818.72 838.24 838.38 0.545986
4 1071.83 942.00 1122.42 1002.90 0.543567
1 980.24 1237.38 1014.09 1320.14 0.538356
3 1019.99 950.50 1036.82 976.99 0.537751
6 1234.46 952.66 1337.60 1018.70 0.522716
4 1048.11 882.39 1082.22 895.75 0.522662
1 1021.92 1176.74 1053.55 1254.86 0.505474
4 828.36 888.60 939.78 940.33 0.501911
7 905.56 1267.78 969.12 1358.84 0.498775
1 782.93 1155.42 813.91 1175.77 0.477085
2 983.33 1176.22 1014.91 1239.71 0.474762
1 1278.00 1077.62 1304.29 1109.93 0.469428
3 451.55 822.45 510.36 847.36 0.467057
2 977.50 1029.13 1108.46 1318.60 0.447627
9 846.24 888.11 939.69 932.33 0.445345
1 993.06 1031.62 1014.75 1075.57 0.444490
6 833.06 800.23 872.34 849.05 0.444304
10 911.89 1319.65 946.04 1358.82 0.440539
7 1497.13 1102.68 1533.45 1134.81 0.440285
3 1260.96 1150.07 1284.88 1208.99 0.433717
4 321.86 635.45 344.15 642.46 0.421650
1 936.91 1119.06 957.68 1179.49 0.421541
1 994.62 1077.94 1022.37 1141.74 0.420504
2 1265.29 1102.70 1294.23 1130.47 0.385278
1 1393.80 1070.10 1414.88 1106.95 0.374808
1 984.21 1171.41 1013.94 1241.94 0.367808
1 1005.22 1129.46 1027.32 1192.47 0.364489
1 1390.65 913.70 1405.96 950.92 0.354929
4 316.96 748.52 344.67 765.84 0.350988
3 840.16 1173.72 854.33 1188.17 0.339452
3 1330.49 1172.35 1350.89 1202.58 0.324285
4 1104.07 956.22 1119.45 1003.18 0.321678
1 895.63 1190.28 918.90 1262.03 0.319058
1 983.99 1069.99 1002.13 1129.90 0.318779
4 822.53 934.64 850.13 955.76 0.317589
2 996.56 1161.26 1020.49 1233.13 0.314469
3 1093.28 1213.36 1113.50 1257.44 0.307282
2 1267.65 1097.94 1296.62 1158.01 0.306251
2 907.55 1282.90 931.90 1321.14 0.298802
2 1262.27 1149.50 1287.85 1202.84 0.285600
2 1145.37 801.39 1164.90 820.82 0.258818
1 1038.40 1070.01 1051.79 1101.14 0.253161
2 980.76 1061.73 1000.29 1130.19 0.249198
3 699.32 910.01 712.22 949.18 0.219286
