4 1326.28 298.08 1355.20 348.10 0.546358
4 1253.34 735.11 1308.50 758.92 0.539602
4 796.62 66.83 841.50 100.99 0.539160
4 454.49 269.04 502.04 311.36 0.526119
4 641.68 595.85 665.22 647.98 0.523188
4 1283.12 417.92 1332.50 453.30 0.499317
4 483.90 676.34 531.32 724.85 0.496393
4 472.07 7.44 510.64 47.32 0.490771
4 794.91 31.17 834.67 64.87 0.489456
4 794.15 203.89 829.63 253.81 0.484374
4 428.94 749.30 479.91 764.60 0.480578
4 668.02 0.41 686.27 22.69 0.479230
4 461.36 315.44 491.20 357.32 0.464914
4 1095.44 603.13 1139.98 632.89 0.459091
4 1250.81 295.62 1276.73 342.30 0.456692
4 1189.61 290.50 1217.26 340.31 0.456017
4 1058.12 162.44 1082.95 192.30 0.455321
4 551.51 337.56 574.93 377.37 0.446766
4 1222.31 294.66 1249.55 342.27 0.440739
4 452.74 546.37 487.91 602.65 0.435871
4 457.99 390.19 482.56 440.59 0.435257
4 836.42 332.62 862.05 381.85 0.432458
4 1055.68 209.95 1090.03 263.09 0.432113
4 530.22 624.78 555.59 684.03 0.432010
5 483.60 676.29 530.52 725.21 0.431034
4 1210.66 420.90 1261.14 455.40 0.426601
4 793.32 262.01 833.60 303.74 0.422257
5 1212.33 421.96 1261.51 455.45 0.401311
4 15.61 693.64 39.64 705.29 0.394783
4 995.26 0.08 1021.94 24.89 0.392803
4 830.06 725.57 852.72 764.40 0.384721
4 1171.60 0.06 1194.24 18.73 0.370879
4 475.84 105.88 497.38 152.39 0.364223
6 6.51 40.31 34.34 85.30 0.359574
5 793.45 261.69 833.76 303.91 0.356640
4 1226.84 0.00 1249.81 16.33 0.354660
4 1201.98 0.00 1224.84 15.42 0.351431
5 475.79 105.93 497.62 152.11 0.348848
1 562.02 509.82 572.62 530.77 0.334648
4 786.81 335.38 810.95 386.08 0.326920
4 1067.58 3.58 1094.69 37.43 0.320478
4 0.04 122.70 17.38 173.99 0.306060
5 6.41 40.71 34.42 85.47 0.302793
2 758.23 419.27 768.19 440.56 0.296752
4 800.44 121.44 817.87 145.21 0.294848
10 431.50 613.14 455.61 665.01 0.286290
4 314.43 594.17 329.38 626.06 0.285664
3 1174.39 430.44 1192.95 460.79 0.282848
1 757.76 419.52 768.78 440.57 0.269443
3 1069.46 242.41 1089.12 282.08 0.253528
2 589.59 197.60 598.60 214.82 0.239176
2 577.73 137.77 586.17 156.03 0.231669
