4 276.48 510.86 363.43 539.77 0.713793
2 274.59 266.95 676.34 514.50 0.706904
4 95.89 451.20 178.82 501.09 0.683102
4 93.26 387.10 167.34 427.41 0.681233
4 194.53 356.43 255.32 399.34 0.653342
4 112.88 520.24 183.23 539.47 0.653076
4 76.67 489.60 167.88 539.23 0.633351
4 240.15 427.71 296.13 484.16 0.607117
4 631.49 222.09 668.57 242.40 0.568551
2 742.08 55.63 959.22 199.67 0.564343
4 709.56 238.47 760.50 264.54 0.563070
9 390.83 283.38 431.64 321.45 0.544317
5 730.49 153.31 767.43 178.70 0.538759
4 647.45 261.90 705.70 292.35 0.535903
2 0.98 103.50 222.12 433.36 0.524597
1 168.22 392.64 182.54 416.04 0.514837
4 679.63 248.87 729.75 279.58 0.500379
4 31.22 321.20 60.61 343.22 0.452564
6 715.51 181.93 738.49 200.86 0.449391
3 74.83 367.43 98.14 391.29 0.448641
6 80.56 333.58 125.37 373.26 0.442541
4 666.50 261.43 709.70 284.71 0.431827
4 176.71 292.30 195.58 306.69 0.414139
3 372.74 449.55 394.76 471.88 0.402420
4 179.54 302.50 203.90 316.17 0.380143
7 416.54 417.42 455.93 448.96 0.368299
3 276.30 416.57 294.39 437.78 0.350573
3 768.58 172.01 784.87 187.57 0.346434
3 370.77 477.82 384.86 512.68 0.338260
1 36.12 405.49 48.47 430.76 0.333353
7 368.90 298.81 392.30 331.49 0.314849
1 231.74 417.18 242.53 442.15 0.305305
1 818.93 249.22 828.97 266.24 0.233327
