4 837.89 777.18 922.28 787.85 0.697583
4 820.38 695.42 908.67 732.37 0.664219
4 807.15 635.77 905.11 679.99 0.657502
4 808.10 553.85 890.54 592.55 0.640581
4 344.28 178.15 396.06 212.28 0.634762
4 790.34 519.09 874.09 555.46 0.631810
4 784.42 472.68 870.56 510.10 0.625300
4 739.82 0.00 797.26 12.84 0.624513
4 783.07 435.76 863.80 471.37 0.624038
4 788.97 323.57 861.06 356.27 0.614432
4 787.32 397.86 872.13 435.59 0.612695
4 761.06 290.98 836.05 324.56 0.611272
4 346.12 83.52 411.31 115.92 0.610804
4 632.92 356.46 707.66 393.11 0.610617
4 639.42 252.61 707.69 285.03 0.606099
4 792.05 356.28 870.03 391.67 0.604697
4 640.65 322.97 712.17 355.03 0.596536
4 816.20 736.19 892.46 772.85 0.595557
4 1256.99 67.87 1299.02 92.46 0.593562
4 637.71 288.96 706.40 321.85 0.591272
4 792.02 261.35 868.85 297.19 0.587935
4 683.72 218.28 750.74 249.92 0.586709
4 684.86 159.45 753.90 190.00 0.585402
4 786.36 228.47 858.25 262.68 0.581181
4 786.77 201.84 858.24 232.80 0.578410
4 396.12 0.00 457.55 19.93 0.576315
4 685.49 186.14 749.28 218.17 0.574597
4 515.94 90.63 547.90 146.51 0.570491
4 693.43 98.29 760.37 128.27 0.564699
4 697.67 71.93 762.65 102.61 0.563242
4 503.73 0.20 527.71 18.59 0.556802
4 607.56 96.01 634.66 145.19 0.549717
4 693.19 40.54 752.15 73.27 0.546575
4 385.53 42.74 423.91 71.07 0.539225
4 705.51 120.38 759.52 155.29 0.526690
3 1256.60 68.85 1299.86 92.82 0.510030
4 392.80 13.95 431.10 43.36 0.507013
4 238.68 510.23 288.09 592.81 0.505331
7 917.21 30.30 969.62 52.02 0.473979
4 941.60 1.53 973.96 24.29 0.467071
5 840.11 63.80 871.52 124.17 0.450663
4 912.96 0.16 932.08 13.04 0.444338
6 915.29 28.50 969.95 53.03 0.444015
7 995.90 32.41 1028.23 53.13 0.441863
1 917.05 312.28 929.18 334.67 0.439032
4 769.86 60.61 799.06 118.33 0.430626
1 884.25 203.88 895.29 223.64 0.426641
1 678.27 38.78 688.84 59.17 0.420940
1 906.02 194.74 916.39 215.63 0.420623
4 544.06 499.65 579.26 582.74 0.418578
1 918.48 200.80 927.82 218.54 0.418406
1 881.71 469.64 894.03 491.14 0.413986
1 726.87 465.36 737.90 487.82 0.406113
1 648.14 0.00 663.05 7.63 0.403192
6 980.34 332.02 1032.04 451.69 0.399984
4 840.16 63.91 871.46 124.72 0.394374
1 711.87 461.28 723.22 485.89 0.393936
4 1096.14 81.70 1134.67 99.68 0.380321
1 949.98 146.70 964.37 169.23 0.380054
1 950.80 506.57 965.75 526.16 0.375270
1 936.78 355.79 950.35 374.99 0.373856
6 995.95 32.63 1027.46 53.60 0.373809
2 1207.17 22.35 1233.51 51.80 0.373660
1 962.38 566.54 973.85 584.35 0.373615
1 814.69 36.97 825.13 68.64 0.370531
4 885.41 25.55 905.70 43.77 0.368236
7 884.82 13.03 910.49 44.58 0.365667
6 805.40 70.13 836.02 124.70 0.363242
1 1305.79 83.80 1321.16 102.50 0.349216
3 877.12 87.46 894.74 114.15 0.348830
2 950.65 146.73 963.64 168.48 0.346649
2 931.69 514.78 945.97 546.76 0.344431
4 805.71 70.64 837.58 123.96 0.342407
1 980.89 738.08 995.36 754.11 0.341628
5 751.56 592.62 782.97 663.08 0.340856
4 1258.35 128.10 1271.26 141.71 0.340096
1 931.09 105.47 942.30 126.10 0.338803
2 849.44 0.00 863.92 10.58 0.334344
2 929.61 105.02 942.01 125.56 0.327762
2 916.48 137.17 925.88 159.91 0.316836
2 981.03 737.48 995.67 753.85 0.302647
4 1003.26 602.27 1019.04 629.81 0.300511
2 868.32 78.57 888.31 112.43 0.291188
2 802.13 106.82 811.07 124.15 0.286654
2 1254.51 162.01 1266.21 178.19 0.272839
2 1120.01 0.19 1138.42 37.85 0.258169
2 940.95 21.67 949.94 36.08 0.253184
2 752.31 369.96 763.35 386.55 0.234710
2 1105.99 7.43 1120.33 42.72 0.227858
