4 927.71 328.38 996.30 449.24 0.694840
6 1014.01 982.90 1163.79 1049.71 0.641647
5 845.26 0.00 916.85 70.41 0.629869
6 554.61 0.00 1398.89 1049.55 0.614220
9 845.73 0.16 916.71 70.16 0.609997
3 639.13 176.07 671.15 205.24 0.531583
2 532.22 126.48 550.88 169.77 0.473063
1 532.12 126.56 550.47 169.02 0.462751
1 616.13 956.14 650.72 998.24 0.460316
2 578.65 180.49 598.29 221.47 0.459870
2 552.69 126.67 572.15 166.95 0.458714
1 551.93 126.64 572.17 166.91 0.457521
3 721.61 367.54 747.10 399.14 0.455662
1 549.51 176.05 568.20 215.65 0.454542
5 622.93 731.88 654.64 786.59 0.445971
7 718.70 323.56 755.78 395.89 0.435958
1 179.91 105.96 203.41 148.93 0.428642
1 712.78 279.57 730.83 316.98 0.424543
2 639.90 158.81 664.67 195.75 0.418783
2 531.44 124.45 600.09 222.34 0.416461
2 549.55 176.32 566.71 213.78 0.408065
2 549.77 171.89 599.07 222.07 0.404735
4 635.00 650.79 657.32 667.42 0.399729
2 537.54 153.91 550.85 169.92 0.393848
2 556.55 153.74 571.30 166.61 0.377660
7 638.11 138.32 690.17 203.19 0.369638
3 549.41 200.57 571.51 217.31 0.364772
2 568.23 169.59 587.25 196.52 0.358757
10 616.28 957.11 653.30 997.50 0.354261
2 702.51 317.88 719.48 360.18 0.351735
4 662.29 1031.03 692.55 1049.81 0.334612
4 744.60 1027.34 765.83 1049.68 0.321613
2 731.65 347.88 754.83 375.29 0.320264
3 638.45 174.75 652.79 195.52 0.279938
2 719.04 323.36 737.93 361.77 0.225647
