4 899.48 264.34 949.21 283.91 0.676256
4 368.75 275.94 418.59 296.09 0.662549
4 208.85 303.70 264.47 326.43 0.659259
5 290.58 217.76 330.53 237.53 0.643368
4 495.94 268.38 538.17 288.06 0.629240
4 112.81 227.29 155.53 245.78 0.628131
4 3.19 232.52 50.27 252.38 0.625682
4 183.88 226.15 226.26 242.91 0.622600
4 850.45 201.68 884.23 214.74 0.621640
4 238.80 222.02 279.72 239.55 0.616135
4 749.00 203.84 786.39 218.60 0.610545
4 605.73 276.94 653.15 298.49 0.608919
4 610.28 206.00 647.84 223.51 0.600716
4 808.33 200.29 843.95 216.31 0.600657
4 706.11 205.82 741.52 219.13 0.600653
4 658.88 207.93 696.34 221.51 0.596748
4 341.05 218.52 381.50 235.11 0.592403
4 894.21 197.86 930.89 214.40 0.588935
4 437.47 215.45 474.56 231.73 0.586370
4 651.42 273.81 699.50 296.32 0.584969
4 383.12 218.89 417.61 233.37 0.578904
4 540.82 204.08 572.09 216.13 0.578530
4 489.97 211.37 524.99 227.82 0.578393
4 540.30 211.49 572.95 226.66 0.562303
4 940.66 200.52 959.57 213.15 0.534273
2 64.61 106.41 263.77 166.29 0.461842
1 58.15 299.70 67.51 318.89 0.449740
9 0.29 99.16 87.67 112.78 0.436041
6 64.15 99.36 87.75 111.71 0.394622
3 82.31 220.09 96.70 240.36 0.384152
1 789.16 251.23 800.34 267.66 0.361496
4 40.34 305.18 55.32 318.76 0.358212
3 731.36 261.20 749.80 283.92 0.356324
3 803.43 257.48 822.68 279.67 0.355650
4 71.53 153.92 85.46 166.74 0.351952
4 658.01 208.93 670.50 220.92 0.339343
1 713.88 229.74 720.62 244.02 0.220625
