4 655.32 259.58 734.30 296.99 0.713675
5 1159.23 685.89 1300.81 764.54 0.696051
4 1301.51 695.77 1359.79 764.52 0.678566
5 539.38 360.28 654.11 438.10 0.616040
6 816.47 333.73 1155.59 499.20 0.612023
5 1033.13 661.01 1155.06 764.53 0.595743
6 322.59 428.43 441.56 520.24 0.585746
6 913.54 648.61 1062.60 764.24 0.583813
5 909.33 646.79 1063.13 764.50 0.574662
6 0.49 579.43 302.89 764.22 0.574637
6 592.27 599.72 761.33 764.34 0.571668
6 434.09 575.72 638.48 764.25 0.571558
6 1236.63 300.94 1359.98 391.16 0.565784
6 144.61 254.71 228.88 314.43 0.547324
6 755.00 626.92 879.53 764.22 0.545902
6 1246.49 416.51 1359.69 510.26 0.541319
6 1105.52 371.62 1224.57 450.96 0.540563
6 816.99 409.72 952.00 498.72 0.536960
6 1213.20 237.81 1316.77 317.79 0.536558
4 908.15 644.48 1018.98 684.59 0.535980
6 1173.22 391.67 1298.98 474.05 0.535369
4 653.43 323.07 705.21 351.14 0.533367
6 546.57 309.31 620.28 343.15 0.525550
6 325.31 556.31 511.72 756.90 0.517889
6 1157.51 144.94 1265.19 199.84 0.503248
5 588.47 353.17 695.30 420.93 0.499734
6 268.23 551.02 427.45 698.99 0.492744
2 236.38 273.26 276.42 301.84 0.491858
6 868.20 391.22 1007.96 477.64 0.490832
6 1012.68 153.24 1114.90 213.76 0.487594
5 768.99 313.87 835.05 372.28 0.484625
6 912.45 370.48 1097.10 456.61 0.478954
5 674.77 341.29 743.74 402.12 0.477667
6 856.35 206.12 936.50 253.51 0.474382
6 1045.33 340.86 1155.52 417.07 0.474350
6 240.97 540.31 374.94 650.72 0.473801
5 718.22 323.98 783.31 382.84 0.473225
5 809.11 302.51 873.77 359.95 0.462941
6 1126.27 187.80 1238.98 241.12 0.458463
6 1287.35 251.63 1359.65 310.60 0.451375
1 1179.31 344.25 1194.60 372.52 0.441853
3 1253.52 674.72 1290.82 716.94 0.441190
6 803.98 264.86 907.72 347.55 0.439430
5 274.94 540.51 376.05 608.87 0.438250
6 1002.33 333.01 1090.76 397.29 0.420447
5 855.80 205.98 895.74 247.45 0.404646
4 464.20 556.20 528.94 599.83 0.403930
5 1324.42 483.61 1359.74 539.77 0.374993
2 677.04 328.14 694.21 347.51 0.356169
5 862.59 287.73 895.86 347.46 0.342260
4 1296.58 184.04 1332.12 213.82 0.334583
5 867.15 391.80 895.87 441.84 0.309809
6 464.12 321.52 520.84 487.50 0.301374
1 1255.95 350.19 1272.94 385.55 0.291061
3 1126.38 667.11 1144.57 692.48 0.263633
1 1336.94 228.06 1347.43 252.82 0.260539
