4 804.46 853.81 883.08 895.40 0.726668
4 885.58 699.25 950.48 777.03 0.701155
4 525.59 1269.53 662.68 1441.26 0.688849
4 789.15 853.52 882.70 964.93 0.683011
4 1095.61 389.39 1142.67 432.83 0.681292
4 972.70 572.12 1029.88 636.97 0.671663
4 1147.99 328.02 1184.86 365.53 0.652524
4 623.28 1099.26 734.26 1255.69 0.645525
4 1312.50 215.11 1340.97 248.67 0.635877
4 1009.19 503.14 1064.80 565.92 0.617117
4 1208.22 254.28 1240.42 285.82 0.597532
2 1609.59 1162.45 1796.30 1495.59 0.467315
4 963.52 443.15 993.40 470.11 0.463212
4 106.65 243.75 172.85 265.07 0.452353
4 1264.92 193.39 1285.87 206.80 0.451263
4 62.83 256.43 89.96 271.85 0.447606
6 756.06 135.42 789.34 160.30 0.429928
6 1433.20 165.10 1473.58 187.69 0.405402
5 755.51 137.28 790.12 161.65 0.394037
4 867.27 723.10 895.85 775.75 0.391819
4 1759.44 261.64 1793.65 307.55 0.389276
4 1228.48 81.49 1253.42 100.02 0.386147
4 1538.90 132.18 1554.24 142.51 0.366946
4 716.03 1102.90 735.80 1189.83 0.365875
4 1272.74 115.81 1288.07 125.45 0.361012
4 1587.97 65.86 1597.44 73.94 0.337669
4 1135.40 341.28 1153.25 364.62 0.281369
1 657.36 1165.70 678.91 1185.93 0.254623
4 884.94 729.65 895.98 775.81 0.238590
1 672.03 1165.06 692.22 1200.10 0.229071
