4 257.83 145.54 286.87 156.85 0.575579
5 303.71 593.46 403.31 643.92 0.545458
4 126.23 170.55 153.03 183.88 0.542628
6 1140.10 578.84 1399.21 746.54 0.521341
6 329.94 257.94 538.59 412.89 0.487092
6 425.09 559.75 535.93 704.33 0.485951
6 304.46 478.57 540.37 644.99 0.485221
7 678.87 619.69 749.83 697.95 0.445134
6 724.37 263.42 765.33 284.85 0.438145
6 324.53 410.52 430.68 513.54 0.435278
5 575.11 526.85 646.31 559.44 0.426174
6 331.18 349.12 428.54 411.20 0.405166
6 1041.42 377.39 1105.51 416.63 0.403926
6 805.24 263.94 831.34 285.15 0.398594
4 1240.81 305.97 1258.71 323.83 0.395542
2 616.53 259.02 669.07 307.98 0.393208
6 846.22 299.19 880.35 322.58 0.392791
6 837.42 246.49 886.66 288.32 0.392069
4 483.81 702.63 516.95 737.29 0.377123
5 504.11 560.37 535.53 637.87 0.339569
2 1346.62 286.26 1394.58 320.74 0.319460
2 0.04 208.37 20.57 231.79 0.303259
2 579.28 388.65 602.95 415.46 0.285248
2 229.27 678.66 261.72 710.18 0.273252
