4 10.05 408.93 154.23 529.31 0.761804
6 881.08 248.84 1069.88 360.67 0.657585
5 222.18 511.28 470.77 616.99 0.635079
5 86.34 671.72 395.84 764.75 0.621974
4 813.50 157.22 902.47 200.15 0.616550
6 668.54 647.11 938.58 764.27 0.616429
6 87.51 97.72 685.27 762.58 0.607295
6 1207.81 435.77 1359.42 633.27 0.590420
5 241.19 671.93 394.89 764.22 0.584597
6 267.04 82.47 548.28 292.97 0.566329
6 671.02 399.15 938.73 763.88 0.565739
7 141.62 600.33 290.13 680.92 0.562512
5 1286.73 282.06 1359.70 390.68 0.555501
5 283.33 585.57 421.26 693.05 0.553803
6 1100.60 439.13 1225.91 596.09 0.550353
4 831.72 10.21 888.31 34.45 0.535096
5 1100.78 438.82 1225.58 595.92 0.524233
4 846.89 38.19 903.87 63.82 0.524040
4 286.54 586.25 420.52 690.84 0.519407
6 319.55 377.82 522.59 495.17 0.518631
6 532.69 28.50 624.64 92.49 0.518153
4 681.03 564.74 766.39 660.02 0.515725
7 1116.30 239.67 1240.33 390.00 0.502984
6 413.23 82.39 546.40 163.34 0.492470
6 911.63 421.30 1003.86 563.52 0.491671
6 1003.98 427.44 1104.64 570.90 0.490767
4 696.01 507.34 778.54 584.87 0.489939
4 845.46 28.22 906.38 53.08 0.486434
5 1004.03 427.50 1104.88 571.10 0.484573
6 267.97 208.38 396.12 292.64 0.484322
6 813.95 406.01 895.77 545.00 0.483858
5 381.95 457.42 500.62 549.09 0.475463
6 399.55 138.16 516.80 184.95 0.453559
5 633.13 74.13 714.99 113.97 0.451866
5 910.56 421.54 1003.66 563.51 0.446571
4 860.41 0.51 903.88 22.41 0.434356
6 845.94 182.21 894.31 263.39 0.428831
4 534.91 46.57 565.23 67.09 0.428199
6 831.83 180.59 911.49 286.50 0.419136
6 632.68 0.01 769.50 113.97 0.417604
6 719.79 399.28 804.29 534.74 0.411950
6 762.96 174.40 825.32 257.39 0.406614
5 674.62 645.67 759.93 759.88 0.398260
6 869.50 61.41 934.61 111.73 0.387095
6 464.61 99.04 685.19 573.47 0.380542
6 868.83 60.72 895.86 110.75 0.361110
4 464.07 459.79 500.51 548.18 0.344615
6 1320.20 446.11 1359.79 542.31 0.344301
4 881.11 283.93 895.86 341.38 0.343241
4 464.16 400.04 522.01 494.73 0.342900
5 1319.59 447.30 1359.84 542.81 0.340730
10 172.91 604.48 214.08 644.45 0.314847
