2 349.23 889.09 397.15 946.47 0.692213
2 1354.78 406.78 1392.25 452.98 0.684214
2 887.56 500.74 921.54 548.69 0.651877
2 0.85 202.49 1397.78 790.83 0.649068
2 1211.56 423.99 1245.72 467.66 0.648121
2 961.00 461.72 987.67 508.49 0.608914
4 844.58 193.57 897.12 219.98 0.605563
2 937.76 246.63 959.74 284.68 0.603395
2 1.44 460.33 894.50 812.76 0.601385
2 807.54 536.47 830.17 581.70 0.591832
2 987.20 292.15 1004.63 329.74 0.575912
2 1146.15 291.95 1165.38 338.90 0.569373
2 773.48 499.23 799.07 541.05 0.568560
2 1158.00 439.98 1184.25 489.68 0.567291
2 678.65 321.33 696.41 366.55 0.560275
2 94.74 589.64 130.43 639.76 0.559234
2 1066.36 421.52 1102.85 469.02 0.546795
2 633.28 538.80 662.37 591.54 0.530923
2 996.44 208.72 1011.83 245.39 0.530199
4 720.57 201.47 792.96 233.20 0.523836
2 1115.67 403.79 1143.82 445.18 0.523534
2 351.72 645.97 391.97 695.98 0.520970
2 414.40 488.05 435.34 533.96 0.513579
2 207.54 498.56 234.34 548.72 0.504836
2 503.21 534.70 529.45 575.90 0.495938
2 1098.52 388.18 1128.59 436.86 0.480241
3 119.20 285.55 169.87 348.66 0.478392
2 645.41 508.20 666.47 550.79 0.473498
2 22.46 631.41 75.46 687.39 0.465762
2 270.23 247.89 291.09 288.88 0.465758
2 742.82 475.21 761.91 516.58 0.455704
2 0.17 621.44 41.47 670.58 0.446491
2 314.67 626.89 350.72 678.52 0.441849
2 312.46 480.26 336.20 526.61 0.424851
2 120.23 274.73 171.71 348.15 0.418043
2 182.35 658.64 210.02 711.20 0.417383
2 24.37 710.50 94.60 768.02 0.398546
2 517.82 346.55 541.46 384.57 0.390773
2 312.96 598.20 337.04 638.84 0.388807
7 1096.90 196.11 1138.97 236.00 0.379939
2 438.50 550.40 464.10 600.86 0.376244
2 462.76 568.45 501.01 620.01 0.363362
2 41.25 283.65 60.75 318.73 0.337739
2 1098.93 427.63 1118.49 482.52 0.275179
2 884.01 531.02 895.96 558.90 0.220041
2 1118.54 440.34 1137.21 493.67 0.200435
