4 570.70 616.83 605.44 654.39 0.679626
4 680.95 382.83 707.62 407.01 0.645488
6 944.89 623.99 1007.51 665.43 0.625100
4 390.00 730.44 431.50 772.68 0.623343
4 496.42 311.31 521.26 329.29 0.606111
6 1032.59 647.37 1096.59 686.69 0.589583
5 654.74 333.24 704.42 361.88 0.577996
4 788.33 288.78 810.67 305.46 0.577749
4 1344.44 284.93 1369.06 302.00 0.574229
9 945.09 624.17 1007.60 664.20 0.566510
4 287.29 184.40 304.55 198.05 0.552686
4 808.54 448.67 838.68 472.83 0.548343
4 1361.36 13.43 1379.25 23.28 0.536048
4 1153.91 17.03 1169.35 26.30 0.535381
4 205.70 211.63 229.17 229.13 0.524813
4 352.71 119.53 370.45 130.25 0.521105
4 1065.81 49.76 1084.88 65.35 0.519020
4 888.03 614.71 906.14 629.46 0.516512
4 1237.26 35.25 1253.52 45.24 0.513489
4 114.20 191.22 136.47 204.07 0.505974
4 236.56 203.89 269.71 229.15 0.504584
4 545.34 328.29 583.56 358.95 0.502487
4 862.66 404.60 882.24 425.90 0.500676
4 310.16 180.48 326.51 194.60 0.500203
4 835.38 424.95 863.52 452.22 0.497580
4 888.08 164.13 905.31 177.56 0.495930
4 127.33 360.62 169.69 400.43 0.495690
4 1064.26 71.38 1076.92 80.74 0.493350
5 827.97 390.20 864.39 431.35 0.486131
6 1032.15 648.42 1065.88 678.54 0.481196
4 858.48 602.83 886.26 620.14 0.481165
5 538.00 329.29 582.97 359.62 0.479569
4 186.09 305.31 219.59 325.24 0.478757
4 280.36 265.35 298.83 281.09 0.477420
4 159.51 320.02 192.96 338.60 0.467761
6 827.94 389.65 865.32 430.83 0.467033
4 926.88 99.77 950.98 113.65 0.465969
4 957.51 303.38 974.07 316.52 0.458955
5 882.18 193.91 910.63 220.42 0.458577
4 828.65 173.80 850.01 191.94 0.455475
4 331.76 293.50 347.69 303.78 0.453754
5 153.56 239.24 192.43 260.48 0.443978
5 308.00 265.09 347.17 290.42 0.434480
4 0.10 334.50 23.02 356.96 0.433765
4 159.91 299.64 188.41 316.12 0.431786
4 42.18 287.98 60.93 300.98 0.431255
6 1158.62 266.64 1196.22 283.32 0.429909
4 1218.43 54.63 1247.51 67.65 0.429621
4 939.31 287.50 963.10 310.86 0.428836
3 939.13 288.19 962.80 309.95 0.428630
4 1308.67 226.31 1325.63 238.94 0.425922
6 952.83 429.28 983.65 453.98 0.410651
4 372.22 76.58 390.90 87.85 0.409434
6 158.69 304.79 218.95 338.61 0.409395
4 854.02 204.17 869.68 217.84 0.403511
4 1035.00 386.83 1050.68 398.68 0.398895
4 395.62 113.79 412.05 127.39 0.396027
4 988.51 55.19 1007.51 70.13 0.395161
4 1300.57 205.25 1315.87 216.35 0.389592
4 309.28 418.07 325.23 438.66 0.389204
6 148.65 239.05 193.89 269.20 0.389125
4 893.34 132.09 910.59 145.29 0.384196
9 364.42 133.90 402.16 173.77 0.382719
4 352.54 151.09 364.24 163.53 0.380024
4 947.59 119.10 959.69 129.52 0.377812
4 1280.82 41.10 1298.96 52.54 0.374723
4 913.97 167.40 924.55 176.66 0.372752
4 270.97 283.53 284.81 293.53 0.372240
4 916.23 118.74 932.72 129.21 0.370065
6 858.35 624.60 894.77 695.93 0.368358
4 1089.54 24.80 1102.27 35.39 0.366894
6 1020.93 360.37 1045.79 384.77 0.366519
6 1263.07 1.00 1293.91 21.75 0.362432
4 1331.26 22.41 1344.23 31.42 0.351985
4 1224.17 292.97 1238.70 306.78 0.351489
4 863.78 148.78 885.29 165.09 0.350345
4 1235.25 55.37 1249.53 64.02 0.348747
4 665.79 322.79 684.88 336.05 0.347065
4 234.77 211.84 250.88 225.59 0.343775
4 939.47 297.56 953.62 310.34 0.334085
4 945.36 637.95 962.03 651.20 0.330444
4 766.03 292.30 774.35 300.29 0.323976
4 972.21 708.14 988.36 723.76 0.323562
4 412.56 563.68 430.43 578.63 0.322416
4 1103.18 46.11 1111.00 52.76 0.321817
4 887.72 164.80 895.78 176.50 0.302198
3 409.55 246.54 422.99 269.06 0.253099
