4 735.65 542.59 895.70 637.02 0.750081
4 764.14 434.31 930.39 516.07 0.735022
4 249.17 663.78 474.36 763.80 0.725088
4 280.03 592.98 472.33 688.87 0.698564
4 301.96 520.67 500.55 613.95 0.695527
4 351.96 453.28 518.91 537.15 0.676166
4 199.95 314.89 311.46 373.72 0.673162
4 257.45 283.47 397.76 342.94 0.670970
5 231.31 217.28 402.30 302.95 0.652655
4 339.93 199.91 453.37 245.66 0.651661
4 396.39 326.54 543.47 385.66 0.649741
4 391.35 361.03 540.99 427.92 0.643712
4 738.34 305.10 877.32 369.23 0.641944
4 379.54 397.84 525.63 476.58 0.640876
4 419.14 293.80 551.90 349.56 0.621274
4 456.87 253.82 582.52 314.15 0.620321
4 740.31 280.04 849.19 323.50 0.603385
4 463.33 230.17 572.66 275.56 0.598942
4 736.98 254.48 850.27 303.44 0.587945
4 571.00 28.63 635.76 58.85 0.582930
4 527.26 100.45 604.95 131.60 0.573433
4 741.41 230.90 843.87 271.67 0.565977
4 731.92 167.83 820.69 205.69 0.564881
4 478.82 202.09 584.97 249.15 0.555742
4 721.61 35.94 786.37 60.51 0.548640
4 740.27 190.41 837.73 232.05 0.546072
4 554.91 46.75 619.51 80.81 0.545888
4 512.27 119.45 597.29 152.88 0.541909
4 734.31 85.12 796.78 117.90 0.541642
4 491.94 169.45 587.42 203.40 0.541041
4 494.82 152.58 588.03 180.91 0.540923
4 478.20 189.32 586.22 223.71 0.539335
4 737.94 209.56 837.46 244.38 0.518017
4 730.34 64.69 797.21 92.50 0.514464
5 549.83 60.01 610.20 93.16 0.508644
4 718.51 13.66 778.34 42.10 0.501955
4 770.93 304.41 867.10 338.27 0.485004
4 464.12 461.71 517.97 537.49 0.484182
4 509.46 135.24 587.89 165.54 0.482720
4 464.10 539.04 499.97 610.82 0.443044
6 793.01 0.32 895.68 260.04 0.336562
4 464.08 627.15 471.67 681.11 0.158418
