6 247.67 346.22 840.83 511.23 0.759563
6 225.02 585.09 879.93 764.06 0.706467
6 316.19 248.74 854.09 378.79 0.691323
6 912.62 0.17 1079.58 50.15 0.620842
6 444.12 166.97 798.90 272.01 0.615583
6 497.23 135.86 836.36 199.48 0.603967
6 552.98 76.22 816.94 136.02 0.602145
6 249.03 1.91 897.86 512.73 0.588213
6 1277.98 13.53 1359.57 79.01 0.585634
4 224.96 584.51 343.44 736.44 0.576108
5 1277.55 13.52 1359.81 79.63 0.572864
6 451.57 38.59 769.96 113.80 0.535762
6 575.38 0.33 727.55 32.81 0.517943
4 896.08 0.00 927.75 25.73 0.477861
4 859.13 117.50 900.66 172.76 0.441827
4 1316.53 93.88 1359.83 131.53 0.437094
4 1109.20 0.00 1140.71 8.78 0.426121
10 338.18 366.49 394.79 405.07 0.411970
2 561.00 179.02 593.58 199.86 0.406990
5 834.98 133.03 878.13 197.36 0.395399
5 830.55 174.27 871.51 209.89 0.380803
5 806.90 193.95 872.26 281.57 0.379284
5 605.82 118.26 644.02 146.53 0.372520
4 1339.17 122.87 1359.89 175.46 0.301834
