6 602.86 425.25 1163.88 647.88 0.790523
6 556.88 273.38 976.58 459.92 0.723627
6 392.35 199.87 767.69 369.59 0.707467
4 1263.80 192.36 1341.79 250.25 0.692049
4 1184.10 159.56 1267.88 209.92 0.670496
4 1152.23 138.41 1232.65 184.65 0.657614
4 825.97 6.24 895.62 42.18 0.653280
6 1035.34 55.20 1218.69 182.76 0.652423
6 464.23 117.43 691.83 228.72 0.650057
3 692.76 145.00 715.91 189.32 0.647256
4 1329.34 217.90 1359.79 270.24 0.627673
6 912.53 31.70 1084.18 131.88 0.617708
6 1109.24 637.43 1359.37 764.35 0.610734
6 380.67 0.33 578.01 97.13 0.599443
5 491.47 52.76 620.29 115.41 0.595271
6 489.60 53.42 618.93 115.46 0.589867
4 870.37 21.54 913.16 55.90 0.588088
4 772.64 0.00 874.29 18.86 0.566798
5 768.34 192.33 841.76 292.91 0.514377
6 380.65 0.40 520.66 67.45 0.470315
6 898.67 9.88 958.87 84.57 0.424999
5 644.35 122.32 690.16 190.20 0.391903
4 1039.70 91.67 1082.32 133.03 0.380543
10 997.46 544.22 1058.41 575.28 0.366060
10 372.78 75.15 443.41 163.14 0.321626
10 1143.12 689.69 1189.52 764.07 0.306818
