4 648.25 695.94 685.69 756.58 0.642664
4 656.83 600.87 687.80 653.98 0.618532
4 519.25 578.86 549.07 622.65 0.614324
4 561.74 776.64 620.50 787.75 0.596452
4 666.57 334.32 687.25 356.04 0.579971
4 468.96 275.45 495.54 294.98 0.577217
4 767.91 394.77 792.61 426.58 0.575296
4 374.87 361.42 409.31 394.11 0.572509
4 566.87 203.24 585.65 217.82 0.570736
4 440.53 444.90 464.23 475.56 0.567963
5 2.53 354.52 72.32 404.51 0.561375
4 427.92 290.00 469.34 327.69 0.554665
4 105.50 180.41 128.37 192.14 0.552817
4 649.13 223.03 663.57 237.55 0.550682
4 639.29 289.36 656.49 310.44 0.549033
4 591.41 326.10 609.30 351.34 0.546489
4 100.33 391.18 131.92 411.47 0.538108
4 87.17 500.12 125.15 531.62 0.537870
4 718.63 282.15 737.88 308.22 0.534976
4 675.05 192.22 687.56 204.61 0.523780
4 78.18 468.75 114.69 498.86 0.515842
4 653.09 171.67 666.94 184.68 0.495735
5 427.96 289.41 470.17 328.24 0.489905
5 459.63 431.57 498.65 532.48 0.478496
6 21.54 261.11 126.01 312.27 0.477626
4 604.75 167.57 617.65 177.09 0.474582
4 71.13 395.22 97.48 417.91 0.472626
4 569.92 81.60 580.33 89.19 0.470877
5 0.05 560.16 51.73 620.76 0.469322
4 0.08 561.03 54.20 616.66 0.467955
4 611.63 90.99 622.54 99.81 0.466159
4 312.18 224.72 333.64 238.40 0.465853
4 610.88 115.10 621.48 123.03 0.465065
4 726.48 362.33 749.73 397.67 0.463590
4 246.25 401.59 265.80 414.96 0.458798
4 90.61 413.19 110.55 434.89 0.455868
4 639.79 109.06 650.53 117.80 0.454835
4 52.11 536.35 101.78 571.04 0.448370
4 670.45 153.92 682.01 167.81 0.446538
4 725.27 246.58 736.50 254.17 0.445796
4 615.46 154.20 625.94 164.31 0.437832
4 691.88 137.18 703.33 146.00 0.430645
4 132.96 336.23 161.58 353.49 0.428156
4 627.88 187.19 637.54 200.01 0.426435
4 654.45 122.09 665.57 132.05 0.425698
6 1203.40 243.80 1245.30 265.79 0.422828
4 1135.06 718.61 1163.35 742.12 0.416071
5 405.26 212.74 424.90 249.63 0.414421
4 646.74 95.98 655.86 104.66 0.413868
4 533.62 62.36 546.25 72.87 0.413851
4 248.67 446.66 274.85 465.78 0.413648
6 342.82 31.67 368.60 44.75 0.412761
4 460.88 51.14 471.84 57.45 0.409965
6 1037.30 517.44 1102.51 617.40 0.409589
4 0.14 139.23 35.72 152.76 0.408066
4 624.09 357.88 651.30 406.83 0.402871
4 442.87 45.85 452.99 54.07 0.400700
4 661.74 97.03 671.32 104.97 0.400615
4 231.31 401.98 280.81 421.95 0.397918
4 579.90 90.25 589.89 100.17 0.392669
5 616.40 130.87 630.68 151.12 0.389404
4 107.98 335.59 136.65 355.29 0.388180
5 623.84 358.37 650.93 407.35 0.386177
4 643.55 129.50 660.15 148.84 0.385045
4 614.77 57.74 623.20 63.92 0.382760
5 103.92 420.27 132.84 467.19 0.375434
4 400.79 135.81 411.74 146.71 0.373185
4 710.80 142.93 719.71 151.34 0.372273
6 1013.31 219.45 1035.51 231.93 0.370886
6 63.90 188.71 99.11 212.11 0.370229
6 1208.21 281.17 1234.82 304.64 0.365533
4 529.62 68.42 539.45 75.28 0.360666
6 404.97 213.06 424.63 249.31 0.357715
6 521.47 49.86 536.52 60.48 0.356542
1 862.00 774.86 875.90 787.83 0.351884
4 591.55 118.37 599.21 125.97 0.350142
4 225.24 244.49 236.91 256.69 0.345938
6 104.68 418.33 132.67 467.41 0.345156
4 261.63 448.44 274.26 458.23 0.340786
9 616.27 130.31 630.91 150.87 0.317889
6 176.37 161.05 191.40 178.17 0.315690
4 597.41 152.87 603.30 160.09 0.288989
4 579.64 440.90 588.74 461.72 0.265326
