4 1082.67 998.35 1272.22 1049.44 0.760121
2 1289.47 717.55 1348.46 817.18 0.694717
3 1360.07 780.13 1399.70 834.86 0.686900
1 1129.13 579.73 1175.45 661.78 0.678864
4 0.23 400.41 149.48 510.14 0.642996
4 76.25 450.74 148.80 510.19 0.611507
3 1023.49 672.22 1072.01 700.10 0.598378
2 1250.83 752.55 1289.15 815.46 0.594001
2 754.13 643.08 793.51 729.86 0.569202
3 1303.43 445.34 1384.69 498.59 0.567043
1 736.55 557.04 767.90 634.03 0.561457
2 821.67 610.12 867.22 693.02 0.555196
2 591.51 642.79 633.57 730.00 0.553201
3 1292.43 361.76 1348.17 398.90 0.552317
3 1147.74 710.85 1200.46 740.45 0.537172
2 799.39 578.71 832.84 655.10 0.491686
3 1296.07 299.34 1340.54 327.88 0.458966
3 1297.21 416.71 1384.05 464.86 0.440984
2 629.40 652.49 659.56 713.53 0.439515
2 473.66 487.82 627.58 636.13 0.436233
7 604.36 534.49 652.32 587.00 0.426687
3 1194.07 283.65 1218.91 314.38 0.425869
3 1252.84 291.61 1293.04 326.81 0.410121
7 1291.82 330.79 1356.88 366.82 0.403325
2 788.07 649.41 828.02 711.03 0.400526
3 603.65 533.81 652.59 587.00 0.396166
3 504.44 517.28 539.05 558.26 0.395142
2 565.11 559.31 608.56 636.62 0.379591
2 578.16 514.03 620.02 573.81 0.378503
2 1227.16 288.04 1250.41 316.39 0.375017
4 575.10 409.56 607.57 439.12 0.363928
2 478.41 485.16 506.82 555.28 0.361825
2 474.85 515.47 500.56 562.38 0.350556
2 526.93 554.50 553.59 611.14 0.344045
4 4.05 352.12 51.34 387.84 0.333927
2 800.65 607.72 836.70 692.37 0.320511
3 1365.22 296.43 1399.28 333.03 0.315676
2 545.97 554.61 584.38 634.22 0.294275
3 735.32 601.70 758.68 633.59 0.291389
6 504.27 450.95 539.67 551.40 0.286674
2 527.20 492.23 558.16 562.80 0.285014
10 181.19 647.43 228.56 716.83 0.283499
