4 237.08 987.96 333.98 1049.45 0.748447
4 436.33 952.98 519.41 1049.35 0.720811
4 921.45 842.30 1045.21 897.92 0.697820
4 1013.68 873.61 1150.84 924.51 0.696049
4 506.90 820.38 563.87 895.37 0.690659
4 627.72 795.10 675.84 851.62 0.677596
4 719.81 768.65 817.18 812.18 0.658716
4 988.05 740.62 1074.85 771.26 0.645743
4 1053.31 792.61 1127.27 847.03 0.641444
4 1349.46 769.27 1399.80 789.21 0.640761
4 949.00 767.69 1052.19 806.00 0.637137
4 1102.95 787.04 1174.56 845.49 0.636003
4 861.92 810.20 929.37 861.00 0.623505
4 794.85 755.01 878.86 788.75 0.620917
4 805.33 814.08 856.37 864.58 0.619707
4 1184.24 738.47 1238.27 775.60 0.617811
4 979.73 798.63 1051.10 844.13 0.614652
4 631.13 693.28 658.97 722.84 0.603675
4 918.71 801.23 981.08 849.79 0.601011
4 1259.26 780.38 1303.26 793.83 0.594716
4 628.23 652.27 646.58 670.92 0.577886
4 1015.20 873.54 1095.59 895.60 0.574014
4 1334.39 741.10 1371.77 767.54 0.566295
4 1280.97 728.87 1314.76 750.57 0.560138
4 719.80 707.87 751.47 737.86 0.555322
4 946.21 699.62 990.30 728.20 0.545203
3 71.04 751.86 121.22 783.01 0.543755
10 112.13 582.90 342.44 719.31 0.536603
6 768.68 659.72 832.84 696.82 0.536576
4 720.46 675.06 745.08 697.75 0.529326
4 861.72 810.59 895.88 859.46 0.527658
4 789.01 730.47 871.87 766.06 0.523986
6 1168.92 789.49 1399.59 1049.41 0.523912
6 37.02 601.78 104.69 629.46 0.515545
4 616.38 595.42 628.63 605.06 0.513645
4 671.99 610.58 709.70 629.30 0.508296
4 596.42 598.76 609.37 611.10 0.505463
3 903.39 937.75 966.86 990.01 0.491230
4 619.54 570.38 631.29 578.57 0.486920
4 864.90 636.33 916.74 659.05 0.474569
1 936.89 934.81 956.02 989.04 0.467872
4 830.21 671.91 860.61 694.30 0.465183
4 753.61 685.77 811.18 719.56 0.451680
3 1093.44 719.36 1140.67 749.54 0.447087
4 719.51 632.16 741.22 651.69 0.445386
4 943.40 668.15 1000.40 692.28 0.442895
6 705.87 577.64 731.74 592.67 0.429408
4 967.70 683.70 999.40 701.30 0.424401
4 933.37 618.06 968.94 633.59 0.421288
4 819.06 651.33 839.76 670.11 0.414669
4 658.01 595.83 669.23 608.14 0.401480
3 72.16 755.08 99.78 782.75 0.399339
4 785.67 623.57 803.76 640.62 0.390266
4 633.34 693.76 656.65 707.42 0.373988
1 1075.74 721.82 1092.86 750.95 0.363939
4 192.09 595.95 207.24 607.78 0.361029
1 77.80 736.59 96.67 770.95 0.359547
6 208.07 589.13 231.96 603.48 0.358181
1 1076.10 751.37 1089.54 785.68 0.356428
4 269.60 595.95 282.85 606.67 0.355510
4 239.61 585.54 254.00 596.65 0.328820
4 684.65 594.19 700.03 606.11 0.317464
4 504.15 954.38 518.97 1037.99 0.303893
3 297.45 656.25 322.79 679.05 0.295768
4 867.23 639.76 880.76 653.17 0.286687
2 614.73 624.20 626.80 643.71 0.285072
1 974.89 709.98 988.97 744.35 0.283629
2 222.09 696.94 235.34 717.38 0.281204
1 169.49 720.36 186.65 741.16 0.280207
4 656.29 562.13 663.29 570.30 0.277514
1 1102.18 730.84 1117.04 762.53 0.276667
1 614.74 623.08 626.79 643.72 0.262801
4 1170.02 884.95 1187.53 918.34 0.260875
1 222.62 696.75 236.50 717.11 0.257513
2 860.37 647.98 870.56 664.02 0.221332
1 759.74 693.65 771.50 723.62 0.206112
1 842.11 614.30 849.55 628.32 0.200357
2 941.50 701.62 951.68 727.64 0.197232
