4 732.44 591.92 897.09 680.24 0.755634
4 789.25 546.92 924.79 620.08 0.743433
4 847.02 481.23 985.53 546.05 0.733160
4 650.27 643.60 781.83 731.03 0.711517
4 320.47 336.20 413.90 387.61 0.704550
6 464.18 329.26 688.94 576.46 0.698891
6 441.80 682.04 769.33 764.45 0.666217
5 946.49 235.81 1168.61 362.37 0.659519
4 960.50 344.19 1065.63 394.13 0.659507
5 353.52 514.07 473.92 651.75 0.658269
4 902.11 394.87 1016.01 457.79 0.651300
4 976.06 326.61 1073.56 368.70 0.645079
6 0.34 397.94 235.53 648.69 0.628868
4 847.58 482.24 895.81 529.09 0.622949
4 752.01 123.58 805.92 149.92 0.617790
4 797.22 98.52 850.98 125.38 0.593644
4 483.57 258.60 582.05 311.08 0.590457
6 946.10 254.77 1161.67 361.56 0.576359
4 973.29 27.96 996.70 44.18 0.575527
4 183.65 379.37 269.38 440.67 0.565282
4 1194.56 68.17 1255.32 86.48 0.560806
4 784.54 112.56 837.65 138.16 0.554158
5 1066.75 195.55 1218.04 261.77 0.552338
7 869.95 415.83 990.36 494.10 0.533526
4 0.15 69.07 35.40 91.14 0.531489
4 618.55 0.26 658.64 10.87 0.529252
6 1034.14 159.77 1248.96 261.07 0.519451
6 1228.79 94.76 1349.88 152.00 0.511731
6 1147.94 128.70 1306.86 218.00 0.510874
5 1024.60 235.26 1168.43 286.32 0.500555
6 1024.15 234.75 1168.59 286.89 0.493811
4 83.36 70.95 114.20 84.70 0.492108
6 329.99 221.73 488.64 365.86 0.489473
6 74.66 277.11 228.58 367.83 0.487359
6 642.03 144.66 797.00 215.10 0.486888
3 29.38 79.32 82.92 120.36 0.486763
6 1167.39 38.87 1282.74 78.96 0.475529
6 1200.58 73.41 1328.02 122.97 0.475486
6 365.92 172.20 495.62 249.16 0.466864
3 282.04 236.62 316.94 263.69 0.443550
4 1024.01 235.61 1066.34 262.94 0.441334
4 163.96 324.68 211.34 364.33 0.439380
6 0.19 326.51 144.04 461.67 0.436565
3 575.25 246.42 633.51 279.37 0.430566
5 719.62 119.45 753.92 150.81 0.417359
10 556.23 170.91 737.87 278.90 0.410944
4 460.58 556.39 498.36 595.77 0.401421
6 1134.93 0.90 1211.01 44.75 0.400392
5 1264.45 110.09 1301.96 153.63 0.391161
5 1034.36 187.70 1077.18 235.19 0.379131
4 1151.89 45.58 1171.95 68.34 0.377332
4 464.08 306.32 489.43 347.39 0.364814
5 1080.34 7.12 1101.79 28.07 0.354683
2 530.15 227.48 549.66 250.35 0.346857
4 1080.63 7.35 1101.71 27.81 0.337531
1 46.78 67.85 61.04 110.08 0.275087
