4 604.04 705.66 802.91 764.57 0.805428
6 571.23 404.93 852.17 548.93 0.732165
6 486.31 307.92 758.99 438.43 0.716087
6 527.97 518.68 793.55 669.98 0.704896
6 1066.28 276.42 1359.24 386.44 0.698057
6 1222.40 396.17 1359.44 524.01 0.671963
6 382.38 125.46 591.10 230.58 0.656170
4 520.75 269.08 625.39 317.21 0.655411
4 999.59 117.02 1055.27 149.45 0.654788
4 532.24 309.22 633.08 328.05 0.641304
4 505.19 245.91 608.07 291.78 0.638172
6 1016.38 146.71 1330.46 286.47 0.632199
4 449.76 206.63 537.34 252.78 0.629723
4 473.29 220.54 570.08 271.61 0.615305
3 1185.40 465.82 1218.77 515.54 0.591469
4 0.03 155.88 25.76 183.29 0.587835
6 1037.68 73.30 1295.64 159.97 0.587714
6 1180.02 0.16 1359.82 81.41 0.585535
4 111.04 65.52 143.65 96.85 0.553150
4 359.56 139.82 426.78 188.02 0.553091
6 803.74 0.20 889.58 56.56 0.536899
4 1116.81 70.31 1185.34 94.84 0.536594
6 666.50 0.09 799.18 72.31 0.529461
6 533.87 0.12 680.73 85.01 0.522386
6 312.36 21.19 445.23 134.39 0.520672
6 208.96 34.87 256.20 74.89 0.507486
6 950.50 148.55 1047.89 225.19 0.502373
4 209.52 34.66 256.75 73.65 0.486078
6 1066.59 242.40 1213.57 311.49 0.472364
5 493.09 49.01 544.46 108.50 0.436825
5 449.74 59.24 501.38 119.57 0.425740
6 926.67 107.32 1002.41 169.40 0.424970
6 464.16 2.23 544.93 110.53 0.406702
4 24.22 102.92 45.60 114.33 0.406679
5 592.03 34.76 638.25 92.41 0.405322
6 373.15 11.70 472.86 93.10 0.394694
4 1152.07 50.22 1186.49 68.05 0.394592
4 1138.09 54.09 1186.82 87.68 0.377743
5 698.25 518.55 793.61 662.92 0.360881
9 382.82 68.25 444.84 134.27 0.357108
10 1185.94 466.69 1206.93 497.05 0.330920
2 1101.87 319.01 1113.47 336.76 0.237922
