4 676.77 491.85 756.26 610.28 0.672392
5 150.45 325.48 261.71 389.38 0.668978
4 63.07 454.89 173.49 562.70 0.668054
4 421.37 362.08 487.43 436.10 0.663312
4 519.68 320.83 566.89 384.43 0.635645
4 625.63 147.40 668.62 176.41 0.625480
4 579.34 232.66 620.88 281.90 0.624693
4 246.92 297.74 311.88 345.75 0.606604
4 532.67 206.04 571.40 247.69 0.605203
3 290.67 667.94 331.13 718.92 0.591982
4 260.38 237.83 335.72 281.18 0.587377
3 3.42 445.74 67.54 471.99 0.567598
4 686.47 56.33 703.17 72.72 0.554683
3 126.26 404.66 159.40 433.66 0.531879
4 759.79 48.05 778.38 63.63 0.525816
4 446.15 68.77 467.58 87.78 0.524565
1 355.39 435.39 375.34 484.46 0.513822
4 464.04 362.93 486.73 433.65 0.505729
4 644.88 0.00 656.95 6.08 0.498935
9 839.32 0.06 895.76 44.14 0.498839
4 540.42 38.02 557.99 46.13 0.496170
4 0.04 599.47 52.80 706.71 0.482333
4 679.56 26.05 694.19 39.93 0.480484
4 879.12 32.19 898.19 45.82 0.470925
4 614.21 24.93 625.44 39.12 0.468704
4 918.04 60.94 941.76 78.77 0.465447
4 729.63 7.29 745.64 19.49 0.463237
4 653.63 25.91 668.17 36.96 0.459499
3 712.08 178.02 722.63 193.54 0.453066
4 618.71 3.08 632.35 16.22 0.452483
4 667.90 10.29 681.45 22.04 0.442908
4 907.14 47.47 929.13 63.42 0.440478
6 922.88 30.79 951.12 45.39 0.430422
7 2.01 414.64 66.95 471.78 0.423372
4 663.50 0.31 676.14 9.76 0.420885
1 711.65 166.02 722.74 192.53 0.420330
5 907.52 29.95 925.24 44.83 0.416362
1 52.27 314.37 69.68 357.54 0.413377
4 646.78 13.38 658.72 26.78 0.413376
3 745.91 182.23 757.24 201.48 0.413176
6 907.55 30.80 924.23 44.35 0.407446
4 864.57 30.33 878.64 41.93 0.397095
4 929.33 47.91 949.01 64.08 0.391908
1 921.99 279.25 936.56 312.27 0.382487
4 389.24 39.92 402.88 55.83 0.375742
4 876.03 145.40 895.88 199.25 0.372778
2 745.45 177.40 757.71 202.43 0.372368
4 22.48 308.41 63.89 348.86 0.369663
4 721.49 0.00 735.20 8.08 0.364054
7 900.29 290.34 916.53 304.27 0.351107
4 498.35 30.71 512.69 45.93 0.341787
2 745.37 130.09 756.65 152.88 0.336156
2 921.70 278.83 936.65 310.69 0.330573
2 0.36 316.79 16.31 357.33 0.326387
7 24.15 323.81 50.70 349.52 0.312691
2 576.14 68.40 585.37 88.40 0.311333
2 827.90 96.18 837.47 115.82 0.295678
1 745.88 129.82 755.96 152.06 0.293935
2 572.28 53.17 581.54 66.71 0.291231
1 81.16 346.54 91.12 373.05 0.290230
2 502.05 41.11 511.84 59.63 0.278152
2 597.77 0.01 605.50 9.97 0.277604
3 928.03 299.60 936.06 313.35 0.263259
2 818.03 84.46 826.52 99.92 0.251899
