4 707.23 311.33 751.18 332.46 0.687765
5 193.03 219.95 236.44 239.47 0.581870
4 615.61 352.37 654.00 384.89 0.574786
4 659.88 466.63 687.55 518.47 0.565678
4 526.18 319.77 570.98 347.31 0.537716
5 660.08 467.01 687.76 518.63 0.535540
5 1101.66 229.54 1143.92 244.33 0.533557
5 526.30 320.23 571.26 348.43 0.500756
9 1101.58 229.22 1145.74 244.88 0.498796
9 955.58 223.22 1004.79 246.25 0.477590
9 191.65 219.57 237.01 239.49 0.453158
4 668.40 68.55 680.86 84.22 0.447769
4 1369.81 228.08 1398.83 238.32 0.438193
9 1003.09 230.87 1046.81 247.22 0.435094
4 657.17 30.13 669.44 44.68 0.433528
4 655.20 9.98 666.03 24.56 0.430912
5 656.32 208.92 673.36 234.77 0.428707
9 767.47 238.92 809.89 255.84 0.416145
4 627.35 153.95 644.29 164.76 0.406016
4 705.41 211.01 721.02 230.42 0.403246
4 628.65 135.79 641.03 151.28 0.399504
6 623.39 180.26 646.15 206.32 0.397344
4 630.78 118.54 642.57 134.37 0.396034
4 622.50 219.81 644.25 243.67 0.393148
4 158.77 300.14 178.28 312.06 0.392242
9 764.83 234.84 813.47 273.44 0.389282
4 896.02 967.30 921.36 992.36 0.389194
4 674.36 50.38 685.38 60.91 0.386687
6 656.48 208.38 672.94 234.96 0.385091
7 559.52 354.91 578.62 380.49 0.383296
5 626.63 83.95 639.68 107.55 0.381168
6 850.45 214.97 895.79 252.12 0.380184
3 787.68 517.93 807.73 534.73 0.376412
4 1353.27 215.50 1371.85 229.01 0.367540
3 15.05 242.28 48.49 272.57 0.365944
4 678.20 30.95 692.21 46.31 0.362435
4 144.91 176.31 162.48 191.22 0.352572
4 621.74 34.78 636.27 52.41 0.349989
4 690.09 90.72 702.76 103.46 0.348670
4 594.58 68.34 604.29 82.84 0.345230
4 626.63 62.76 638.25 80.50 0.344932
4 722.02 215.04 746.11 233.60 0.342817
4 687.66 66.40 698.39 80.61 0.337623
4 626.99 61.97 637.90 72.42 0.334972
2 641.75 282.04 651.43 300.77 0.326045
4 627.68 19.55 638.12 34.14 0.323548
6 626.20 81.84 639.52 107.79 0.322177
4 141.79 196.53 152.19 207.26 0.318825
4 905.01 967.35 919.64 981.19 0.316287
3 745.87 259.00 761.79 278.16 0.313464
1 639.22 413.30 649.19 435.46 0.312531
2 654.33 254.16 664.51 271.02 0.312322
4 617.20 111.16 627.39 122.84 0.311837
4 476.35 325.36 489.94 353.51 0.303944
1 482.44 255.08 494.30 282.95 0.300246
1 728.22 397.80 738.82 418.65 0.299615
2 728.08 398.19 738.97 418.24 0.297758
2 546.80 417.93 557.01 434.22 0.297722
1 546.61 417.96 556.51 434.79 0.293624
1 642.62 282.17 651.45 299.94 0.292680
2 626.66 275.81 637.28 298.94 0.288120
2 679.91 163.73 688.05 180.02 0.271780
2 716.57 251.15 726.12 269.78 0.231431
2 483.30 254.60 494.66 285.98 0.223013
1 606.45 381.03 618.60 418.25 0.216404
2 783.10 499.18 799.10 533.53 0.212800
2 676.17 101.23 684.36 126.87 0.200087
