4 962.35 917.17 1289.50 1049.28 0.829632
4 947.48 759.91 1280.13 894.87 0.807257
4 812.74 409.78 1050.90 509.82 0.774625
4 963.56 622.75 1231.57 749.52 0.774385
4 843.88 501.06 1118.27 618.97 0.744164
4 814.02 259.74 1004.85 357.10 0.742337
4 506.20 510.16 634.27 717.42 0.724842
4 814.67 194.50 997.66 275.27 0.721758
4 549.64 318.02 653.76 476.92 0.716090
4 812.05 417.33 895.83 510.36 0.671616
4 182.29 5.09 285.15 105.78 0.669858
4 805.21 0.00 882.22 46.88 0.648744
4 843.20 514.89 895.85 617.66 0.634935
3 841.77 36.61 888.16 83.23 0.625086
4 612.67 154.13 686.55 213.87 0.615014
4 650.67 0.00 696.51 10.08 0.598349
4 622.77 5.11 688.32 99.25 0.593031
4 414.12 0.24 490.48 79.73 0.573839
2 362.74 518.16 422.07 600.55 0.541575
1 782.37 0.23 805.97 57.76 0.488983
3 726.63 0.00 740.18 17.50 0.471479
4 0.25 0.03 93.04 68.79 0.456663
1 766.59 8.36 783.14 55.73 0.456539
1 726.95 0.00 740.81 16.44 0.353888
4 0.17 37.15 14.43 67.79 0.340044
3 166.12 50.61 224.45 107.69 0.330545
2 371.72 526.87 395.39 584.45 0.294784
