6 1.29 567.02 440.15 764.30 0.702617
6 776.96 431.07 1231.51 764.38 0.651328
6 283.65 280.63 621.02 424.52 0.620737
6 947.15 145.19 1135.51 207.37 0.613601
6 844.86 161.89 1005.79 221.81 0.606397
4 1262.15 100.23 1290.04 113.36 0.588742
6 677.53 201.41 899.57 276.91 0.566521
6 470.63 236.43 705.47 328.77 0.555934
6 413.62 284.27 620.47 392.27 0.539030
6 1265.70 118.04 1359.69 152.68 0.535108
4 1331.70 149.06 1359.81 165.02 0.535088
6 283.50 326.72 427.27 424.90 0.532459
6 606.90 204.69 798.66 291.78 0.530510
6 14.98 345.16 224.62 481.58 0.517111
6 1259.89 151.50 1359.62 199.57 0.517026
4 1229.17 102.56 1256.12 118.11 0.506944
6 1068.86 664.16 1174.98 764.37 0.498626
5 1067.19 664.12 1175.41 764.73 0.483982
4 783.75 270.03 820.30 295.50 0.474744
6 1130.74 629.56 1231.15 760.56 0.468151
4 1322.90 18.65 1340.19 26.40 0.456615
4 1267.84 143.03 1301.54 155.27 0.454237
6 1048.92 158.06 1135.09 206.89 0.453986
5 1285.97 85.03 1325.59 107.23 0.453130
4 775.34 155.49 799.07 163.64 0.448074
5 1129.15 629.88 1231.50 759.56 0.447472
4 1246.45 144.20 1271.17 160.16 0.440542
5 819.66 244.14 863.84 297.23 0.438665
6 844.85 160.35 895.64 216.53 0.434613
7 1301.64 298.32 1359.39 358.27 0.422023
5 781.14 270.39 821.27 296.73 0.421613
6 294.86 291.58 349.32 335.32 0.406737
4 1201.91 108.48 1222.33 123.57 0.397508
4 867.00 182.57 895.72 216.32 0.380968
5 295.52 292.27 347.55 335.35 0.370450
7 776.71 434.79 895.64 718.40 0.366263
5 845.10 178.79 874.45 210.65 0.364267
5 1337.22 186.62 1359.89 217.34 0.354691
6 1350.58 104.30 1359.85 122.72 0.256858
