4 1024.17 869.09 1108.02 984.19 0.738127
4 674.93 585.21 771.91 648.60 0.728333
4 868.09 600.13 965.69 668.16 0.720290
4 1089.88 544.93 1191.13 608.68 0.717593
4 983.36 574.07 1078.83 634.75 0.710111
4 1189.50 820.35 1275.82 932.79 0.709401
4 1288.21 493.68 1382.84 548.10 0.707589
4 1029.14 502.03 1112.97 555.67 0.704256
4 1265.86 350.47 1353.84 398.38 0.703946
4 1011.52 416.30 1098.69 460.60 0.703568
4 1194.44 520.28 1295.47 579.49 0.702755
4 1292.69 790.31 1382.76 906.06 0.694313
4 743.00 480.23 833.22 532.33 0.690156
4 1112.58 467.93 1207.35 530.45 0.689251
6 199.28 551.84 442.60 667.63 0.684422
4 576.61 514.70 653.50 565.95 0.670930
4 1339.66 416.22 1399.52 474.47 0.660335
4 1203.98 370.99 1263.86 413.70 0.657674
4 878.06 734.54 943.51 839.55 0.628793
5 200.05 601.98 311.84 666.33 0.627010
4 1077.49 682.94 1142.95 783.57 0.616891
3 936.43 419.57 1005.86 464.20 0.612786
4 1341.26 612.02 1397.89 705.78 0.611589
4 1271.26 624.31 1330.17 719.88 0.608253
4 1345.96 767.46 1399.61 876.70 0.592763
5 308.65 556.13 441.64 633.61 0.588252
4 1024.25 870.51 1079.23 895.77 0.586824
4 1149.74 660.52 1211.53 755.72 0.579674
4 1213.63 639.09 1277.16 748.40 0.566433
6 646.10 783.84 769.88 869.77 0.555378
4 113.20 509.45 213.44 543.52 0.552416
4 943.81 727.22 1005.60 828.21 0.530048
7 645.79 782.01 771.58 870.09 0.519387
1 1132.29 433.37 1157.36 467.13 0.492245
1 561.84 867.43 582.65 928.18 0.471602
4 706.26 784.43 770.30 839.40 0.451407
4 868.53 611.19 895.79 668.46 0.437681
4 1055.80 94.24 1085.87 112.43 0.430515
4 409.07 49.77 436.97 66.71 0.416317
4 1120.41 421.52 1155.77 442.65 0.415506
4 397.71 538.61 446.65 565.51 0.376704
3 576.21 110.93 603.60 137.15 0.374287
4 429.97 93.21 461.48 118.92 0.369705
4 0.02 656.30 30.22 711.77 0.369415
4 959.07 391.08 987.70 413.90 0.365118
4 985.53 290.68 1001.03 307.90 0.355785
4 998.74 703.94 1073.77 825.74 0.354992
4 276.82 234.01 318.15 263.54 0.354187
3 936.23 426.63 970.84 464.34 0.352354
1 468.40 14.33 495.56 79.35 0.329922
4 0.02 687.98 19.99 711.95 0.321420
1 1015.25 181.85 1026.91 201.68 0.285578
1 472.54 14.42 488.53 51.83 0.281592
4 1387.21 468.71 1399.87 512.03 0.211491
