6 707.32 442.64 1158.34 573.19 0.749422
6 1071.48 444.51 1359.91 540.88 0.748745
4 728.06 335.77 792.65 362.01 0.702584
6 1109.51 631.37 1359.64 764.49 0.697099
6 567.55 265.41 789.89 336.72 0.676865
4 617.18 387.54 691.08 418.51 0.670663
4 757.87 384.92 836.05 422.03 0.629969
4 615.64 355.11 686.50 394.47 0.629746
6 618.78 216.29 779.84 261.98 0.604549
4 587.13 371.12 643.17 404.07 0.596896
4 485.44 215.56 520.28 236.32 0.583937
5 505.94 187.32 553.21 214.06 0.571151
4 677.27 256.25 719.68 269.85 0.568665
4 731.90 184.70 762.77 199.72 0.562644
4 694.71 185.94 721.28 198.56 0.546591
6 505.26 186.98 552.82 212.85 0.524623
6 509.37 152.50 574.89 190.21 0.522863
6 638.45 192.80 740.02 227.48 0.502976
6 790.70 179.99 1002.55 432.39 0.501026
9 1052.21 108.67 1233.84 143.39 0.500851
6 676.90 256.27 803.74 314.27 0.479826
6 492.70 176.61 533.73 198.20 0.467229
1 857.27 394.37 871.58 427.18 0.462121
4 721.14 262.51 765.14 280.61 0.461050
4 357.67 187.26 380.55 209.13 0.433171
4 816.84 295.46 831.78 311.10 0.427047
4 647.02 132.75 668.67 146.05 0.417193
4 495.06 207.60 514.58 217.67 0.396373
4 422.22 249.68 449.90 283.28 0.379838
6 770.61 263.93 803.67 313.98 0.360807
1 841.68 336.76 852.37 363.75 0.357998
2 895.94 409.68 917.66 438.32 0.261121
2 793.56 220.70 801.54 241.12 0.205888
