4 794.03 569.19 828.28 635.23 0.619310
4 737.36 371.94 769.65 407.34 0.607537
4 738.79 316.78 768.39 345.13 0.604375
4 784.39 125.14 809.96 135.46 0.604110
4 442.01 468.87 479.35 492.12 0.597642
4 632.99 269.14 659.30 296.30 0.590953
4 581.97 220.79 607.89 242.60 0.590302
4 701.49 584.77 736.03 640.61 0.579015
4 504.65 136.06 531.10 158.28 0.577835
4 299.82 161.91 322.67 177.66 0.570120
4 304.59 178.94 327.12 194.46 0.567007
4 267.34 153.32 291.24 171.14 0.564908
4 597.49 199.82 624.36 225.31 0.560343
4 79.46 633.69 120.05 650.34 0.555815
6 732.71 23.45 801.70 47.73 0.534135
4 777.77 56.00 799.67 66.98 0.484208
4 596.15 134.35 620.07 158.65 0.468908
4 852.49 39.63 872.60 49.43 0.435000
4 565.48 19.63 582.53 32.32 0.434554
4 551.25 121.27 567.97 134.34 0.432418
4 811.57 38.50 825.95 48.24 0.405365
4 859.06 125.68 881.20 135.92 0.399606
4 878.85 43.76 893.68 53.05 0.394144
4 937.51 589.46 958.59 607.31 0.390278
4 363.32 133.01 384.73 156.38 0.385441
6 734.72 111.99 760.78 135.05 0.369135
4 836.25 41.79 846.64 50.45 0.366330
4 935.26 115.49 964.11 135.51 0.351284
4 962.29 656.69 979.08 674.35 0.350246
4 950.29 620.89 968.86 639.01 0.346815
4 322.46 440.10 341.13 464.16 0.342558
9 578.08 123.98 620.62 159.10 0.341597
9 846.22 33.89 865.10 45.65 0.337031
4 853.13 54.29 862.61 63.97 0.328774
5 557.78 486.27 576.23 520.77 0.301584
2 882.50 120.10 892.11 136.51 0.252814
4 557.35 484.75 577.22 520.32 0.249828
