4 332.30 300.50 387.76 327.14 0.651795
4 624.14 598.39 662.87 673.40 0.557229
4 694.78 601.97 729.97 678.62 0.556608
4 611.31 709.10 656.85 787.53 0.555615
4 828.36 109.69 851.59 137.47 0.540918
4 631.04 515.10 666.78 576.56 0.538913
4 765.08 0.12 783.57 17.73 0.535199
4 811.77 51.81 832.52 81.20 0.515382
1 214.27 769.57 230.83 787.63 0.468821
4 74.03 310.78 102.55 319.87 0.452012
4 692.15 509.12 724.54 577.76 0.440067
4 809.15 152.78 831.69 191.77 0.430835
6 0.26 140.51 130.39 528.13 0.428910
4 801.28 120.59 811.84 136.81 0.419746
6 1126.60 132.06 1156.30 145.80 0.418827
2 570.97 362.03 582.25 385.42 0.408505
6 514.69 169.41 587.55 244.25 0.406289
2 982.19 306.67 996.87 328.79 0.395714
1 265.77 735.87 283.96 765.11 0.394467
2 517.21 456.86 529.36 479.75 0.386301
2 534.83 463.33 546.18 482.90 0.379739
2 545.81 424.41 557.00 444.54 0.378209
7 293.65 408.82 331.43 440.70 0.375830
4 780.60 33.81 788.80 44.86 0.359918
2 1006.35 290.37 1020.14 310.41 0.358419
2 543.52 453.93 554.95 476.96 0.355221
2 1057.09 516.17 1068.08 533.99 0.353587
2 100.23 764.41 117.29 787.52 0.350688
4 789.70 103.20 800.08 110.62 0.349304
1 1155.41 326.46 1166.87 345.19 0.347348
2 721.38 235.45 731.96 254.59 0.339663
1 721.42 234.93 733.18 254.12 0.334741
6 1059.42 132.69 1073.87 144.94 0.322768
2 583.17 272.81 593.47 289.68 0.320257
4 838.21 469.20 857.58 488.18 0.314724
2 561.62 363.47 571.61 379.83 0.312415
2 284.62 269.19 294.63 291.41 0.311218
2 1082.44 621.93 1100.37 652.15 0.309000
2 1155.45 326.79 1166.66 344.81 0.302201
4 807.86 32.86 815.12 44.93 0.301830
2 789.49 237.17 800.85 267.75 0.298641
2 624.74 258.98 634.15 276.25 0.290630
2 581.43 432.62 589.53 450.03 0.276069
2 312.33 392.70 322.77 417.71 0.276008
2 763.18 223.94 771.63 241.68 0.261896
1 581.80 432.94 589.42 449.76 0.254603
2 1355.75 318.46 1366.93 337.28 0.250862
2 849.80 450.00 858.08 474.32 0.230470
2 648.60 96.34 655.76 112.73 0.230260
2 668.66 203.30 676.43 219.69 0.221311
