4 835.62 1032.00 868.76 1049.80 0.605280
4 1222.38 909.78 1291.86 947.78 0.577929
4 792.46 683.38 821.91 704.93 0.531933
4 761.38 855.44 789.82 878.08 0.511195
4 791.36 901.72 817.86 927.86 0.500836
4 709.24 745.05 739.09 766.63 0.497554
4 775.84 642.63 805.93 663.97 0.486542
4 745.27 818.25 775.82 841.13 0.471488
4 740.74 805.27 767.42 829.20 0.470480
5 593.35 621.95 626.57 639.37 0.470420
4 783.49 869.33 810.36 890.82 0.468955
4 694.03 712.67 725.24 734.10 0.466965
4 715.89 759.09 744.03 783.47 0.460045
4 808.08 708.24 832.10 722.92 0.456611
4 556.49 632.13 585.48 651.63 0.454889
4 727.39 781.56 755.36 807.76 0.449730
4 701.80 731.61 730.58 750.28 0.449175
4 907.40 1033.48 934.62 1049.75 0.442951
4 757.84 837.60 787.13 860.83 0.440697
4 798.65 924.70 826.25 954.74 0.436199
6 185.96 88.38 293.35 211.22 0.427973
6 777.67 702.84 842.25 750.60 0.422268
4 42.73 994.08 67.35 1028.43 0.422243
4 161.01 570.87 188.19 586.61 0.419182
4 75.28 684.65 98.72 698.74 0.418042
5 610.35 634.59 657.96 655.36 0.415555
4 585.34 786.49 627.26 820.17 0.399419
4 440.27 927.47 468.56 950.02 0.398897
6 504.07 154.40 627.87 327.82 0.389075
2 539.80 545.71 595.14 617.03 0.385089
4 109.15 986.54 132.08 1022.20 0.380781
4 208.49 620.41 226.10 635.32 0.379818
2 247.10 823.17 301.84 889.76 0.368333
4 174.95 607.69 192.11 620.77 0.368054
4 190.50 254.87 214.30 269.58 0.367352
4 185.08 622.66 202.55 639.46 0.363285
4 39.40 651.95 68.61 668.93 0.350037
4 683.32 684.69 711.05 704.02 0.347802
4 87.13 982.81 109.65 1018.51 0.343834
4 641.73 454.46 658.57 468.07 0.334245
4 68.98 986.21 88.27 1015.37 0.332489
4 573.13 653.38 591.56 667.16 0.325421
4 845.88 1002.33 863.50 1019.51 0.320412
4 583.90 369.92 597.85 383.04 0.307667
2 341.03 879.16 362.87 895.58 0.281557
4 238.76 886.97 256.03 904.92 0.269270
2 485.15 1017.82 506.34 1044.89 0.262464
2 547.67 597.00 561.40 621.21 0.216102
