4 947.35 720.07 972.57 754.05 0.652705
4 743.31 721.77 767.78 757.18 0.638887
4 992.26 483.01 1017.89 512.59 0.636973
4 1067.39 575.40 1094.97 604.34 0.630800
4 1040.73 516.48 1065.82 542.84 0.627008
4 451.72 670.27 491.15 707.12 0.587924
5 707.64 579.32 754.97 658.47 0.543132
4 808.26 194.51 823.00 213.16 0.522127
4 714.35 165.20 727.13 180.41 0.504447
4 720.55 211.49 734.07 228.71 0.487790
4 831.10 210.53 844.32 228.11 0.485949
4 876.18 307.27 891.15 326.56 0.482175
4 1252.00 0.25 1300.56 24.89 0.456995
4 645.67 6.95 656.48 18.77 0.452441
4 676.75 487.88 691.32 509.95 0.448102
6 1100.22 613.59 1154.83 673.63 0.436597
4 773.88 133.59 784.28 146.21 0.427449
6 691.79 393.14 725.06 468.97 0.422162
4 697.67 536.57 714.76 565.47 0.414851
4 739.15 80.71 748.86 91.60 0.402978
5 1247.65 0.17 1300.37 24.37 0.399358
4 1120.76 711.47 1159.06 750.56 0.397799
4 870.29 297.40 884.04 308.94 0.386257
4 633.22 113.02 645.40 126.90 0.382478
4 714.50 527.32 732.29 556.42 0.378289
4 731.30 549.15 748.09 577.85 0.378213
4 243.16 747.41 257.36 763.67 0.365555
4 674.97 445.44 688.98 468.65 0.359792
6 636.50 293.42 659.46 359.24 0.341600
4 635.53 267.62 647.92 284.65 0.333393
4 662.88 429.54 677.10 454.17 0.332106
4 635.88 244.31 647.28 260.68 0.330169
4 628.11 227.77 639.30 242.28 0.328993
4 649.45 170.55 660.42 185.38 0.325145
4 691.98 444.52 709.38 469.30 0.324270
4 640.63 218.87 651.66 234.07 0.323813
4 677.36 417.05 692.18 440.75 0.323664
6 686.63 351.09 709.86 401.64 0.320903
4 660.11 270.75 673.36 291.18 0.320176
4 671.40 393.27 684.84 414.02 0.316678
4 601.30 61.73 612.14 74.14 0.310895
6 677.64 288.67 699.57 333.68 0.310306
4 652.30 655.70 666.59 669.22 0.309261
4 622.55 123.46 633.35 136.28 0.308682
4 674.42 271.61 687.81 286.52 0.307968
4 640.05 202.87 650.40 216.24 0.301629
4 661.97 316.75 673.07 329.16 0.298770
4 682.54 314.33 696.00 329.85 0.294907
4 654.68 293.40 669.96 313.24 0.294221
4 620.26 189.20 633.07 205.37 0.292100
4 609.20 108.44 618.50 120.86 0.291462
6 658.45 328.42 676.79 363.48 0.289760
4 623.82 205.42 634.83 220.90 0.289068
4 650.17 235.72 662.05 251.06 0.285832
4 617.71 92.32 626.49 104.86 0.285731
4 651.95 252.85 663.70 269.97 0.282870
4 653.19 359.56 666.33 379.19 0.268865
4 655.90 382.01 669.77 402.38 0.267445
