6 398.44 676.20 573.19 764.45 0.747984
4 190.06 614.55 288.34 652.12 0.614476
4 230.61 712.85 343.49 762.95 0.607894
4 302.82 687.24 396.96 734.53 0.606947
4 230.30 741.61 321.22 764.46 0.606468
4 422.33 530.79 472.40 552.72 0.592878
4 6.12 676.04 74.87 712.08 0.587169
4 254.56 605.73 323.77 641.68 0.577294
7 581.94 554.58 648.94 609.50 0.564740
1 350.38 701.82 367.17 749.88 0.560788
4 0.19 698.39 64.40 747.46 0.559551
4 176.61 634.04 219.06 673.99 0.531077
4 0.04 719.48 44.08 764.26 0.528637
4 1277.48 416.24 1310.39 424.12 0.524521
4 343.55 671.53 416.99 712.42 0.518457
5 334.42 542.29 384.16 585.33 0.511034
4 293.42 586.34 333.62 613.26 0.509787
4 348.77 654.72 429.00 681.00 0.507815
4 242.88 588.04 319.27 615.99 0.507722
4 469.46 521.81 509.42 545.82 0.500653
6 686.02 467.76 730.59 495.88 0.485875
4 1173.57 413.86 1204.51 423.07 0.478753
6 535.62 524.60 601.60 561.99 0.470048
6 620.95 531.19 682.69 560.80 0.468475
6 564.27 480.18 602.77 501.10 0.467921
4 1249.33 413.70 1278.09 423.57 0.456986
9 599.58 447.13 726.22 490.24 0.441130
5 564.06 479.31 602.40 500.81 0.436027
6 510.61 552.41 561.55 592.28 0.431594
4 390.97 632.62 455.32 668.48 0.423039
6 600.31 447.15 673.97 483.24 0.421963
9 466.63 477.89 526.12 505.12 0.400725
7 741.93 477.13 767.07 504.06 0.399277
4 326.38 549.01 345.37 567.59 0.394847
4 515.48 505.31 536.28 523.21 0.393838
4 956.70 483.44 967.44 494.73 0.386447
9 675.11 457.14 717.96 478.24 0.371740
6 663.48 477.37 701.67 507.65 0.371557
5 634.16 556.70 664.87 592.21 0.344982
4 469.56 590.73 508.70 622.99 0.338676
4 469.75 503.42 491.66 522.39 0.317132
4 725.18 459.54 739.70 472.00 0.307925
2 579.13 496.58 603.61 523.60 0.288159
2 748.82 483.36 761.63 503.32 0.233538
2 580.23 504.05 590.76 522.65 0.218214
1 478.18 604.28 489.97 634.48 0.208189
2 499.47 592.46 511.34 619.66 0.195433
