4 267.09 703.16 463.22 764.48 0.732130
4 5.41 505.61 155.73 581.48 0.712754
4 319.71 639.73 479.51 716.66 0.709912
5 610.05 327.74 765.79 419.43 0.705617
6 609.16 328.00 765.74 419.44 0.691621
4 348.00 583.38 492.54 651.42 0.690788
4 372.72 520.48 517.81 585.69 0.689287
4 40.40 463.57 186.69 525.61 0.688691
4 394.12 470.03 532.19 530.10 0.670031
4 651.65 316.61 744.06 344.18 0.667321
4 97.62 423.71 227.34 483.86 0.665309
4 408.92 429.63 534.06 481.06 0.656658
4 441.03 358.93 557.37 407.23 0.651977
4 134.84 392.14 256.10 446.89 0.649380
4 166.61 360.68 284.68 412.25 0.643336
4 438.11 397.73 554.17 445.99 0.634048
4 291.31 232.92 384.42 279.65 0.620308
4 479.54 322.60 585.44 368.60 0.602786
4 203.61 333.10 294.17 381.49 0.602524
4 483.75 295.52 597.59 337.42 0.594823
4 213.60 300.64 336.86 350.50 0.584984
4 499.33 278.69 594.44 311.08 0.578542
4 489.61 60.76 542.90 84.97 0.568979
4 345.09 204.77 428.69 245.15 0.568772
4 384.32 192.81 455.86 229.48 0.568740
4 387.26 157.15 447.36 185.92 0.566991
4 519.54 237.67 604.42 274.77 0.564403
5 612.38 57.85 680.29 102.61 0.555885
4 523.27 221.23 615.50 255.04 0.553752
4 135.29 210.25 178.98 265.93 0.552119
4 362.63 164.47 439.16 198.89 0.551754
1 599.81 328.36 614.79 361.41 0.546903
4 542.50 200.95 615.42 232.01 0.530280
5 581.18 105.02 661.64 156.95 0.529335
4 464.08 520.96 518.27 585.97 0.528352
4 552.91 165.28 625.72 197.15 0.520179
7 678.04 116.58 755.36 182.20 0.516502
6 613.76 57.87 680.32 102.89 0.507211
4 572.91 149.47 636.35 172.13 0.502046
5 429.09 90.24 471.47 140.31 0.501535
4 510.23 254.90 595.07 289.48 0.499282
6 700.15 28.08 774.22 102.72 0.482867
6 701.91 63.58 766.70 102.46 0.482058
4 538.47 188.74 618.99 221.93 0.480784
6 582.11 105.00 661.58 155.72 0.478272
4 504.83 42.16 537.15 62.40 0.475919
4 726.73 0.00 756.86 10.72 0.466990
4 534.01 48.42 564.29 73.64 0.463451
4 147.14 300.46 183.71 344.11 0.458136
4 319.20 206.81 350.52 232.92 0.451995
5 718.59 114.73 762.18 153.64 0.448439
4 56.31 152.72 95.73 174.75 0.446761
4 545.47 43.19 573.82 64.41 0.438962
4 521.34 10.92 543.85 31.44 0.433791
6 720.09 29.10 772.83 69.06 0.432307
4 91.29 265.46 116.31 290.48 0.426409
7 698.19 146.55 753.37 181.69 0.422870
4 42.88 289.54 72.62 323.77 0.413607
6 636.80 8.15 696.74 58.87 0.408062
6 612.02 5.82 698.81 102.56 0.405885
4 742.63 16.02 759.78 30.69 0.391999
6 546.61 2.43 590.68 34.53 0.391183
4 567.43 13.48 589.58 34.50 0.389240
4 67.51 269.27 95.90 307.94 0.386398
6 654.36 7.10 698.02 39.33 0.381897
5 429.75 110.55 458.05 139.81 0.374115
4 501.95 10.50 519.64 29.32 0.370999
4 464.11 586.38 492.25 651.82 0.360824
4 0.14 444.81 13.78 483.60 0.327601
1 503.42 269.44 514.94 290.20 0.303944
4 0.18 416.99 42.00 483.14 0.276735
4 464.04 642.02 479.59 712.32 0.253561
1 177.01 339.11 193.03 366.94 0.250451
6 464.04 89.70 471.78 130.91 0.202378
