4 383.43 1018.71 421.81 1044.64 0.613558
4 507.16 945.57 550.98 977.17 0.605062
4 400.21 983.33 436.36 1012.78 0.587427
4 449.55 766.67 482.46 787.84 0.583766
4 792.67 237.30 809.49 245.98 0.564467
4 634.04 609.92 657.99 627.70 0.562338
4 813.72 764.49 836.61 797.54 0.552346
6 358.94 661.01 486.72 786.47 0.545178
4 529.18 671.80 557.68 690.62 0.536581
4 134.57 622.30 158.67 641.31 0.528754
4 749.63 340.52 770.04 350.22 0.523869
4 822.47 815.57 852.78 845.17 0.522519
4 623.24 643.53 647.19 662.77 0.519430
4 573.55 1009.97 593.93 1049.09 0.518821
4 800.29 713.42 816.64 743.16 0.518347
4 465.34 651.91 495.22 670.29 0.508707
4 563.30 932.23 593.45 960.92 0.508668
6 621.40 82.38 667.36 105.21 0.487866
4 785.68 250.11 802.80 261.31 0.483470
4 790.80 666.56 806.45 693.62 0.479165
4 650.13 581.70 669.40 603.35 0.475932
4 831.44 514.36 844.79 536.14 0.471937
4 613.11 668.54 639.13 690.21 0.471659
4 533.56 88.11 561.02 102.32 0.467352
6 1155.91 187.02 1265.93 346.89 0.463048
4 878.59 255.15 897.62 264.27 0.460583
4 757.77 321.99 772.84 334.15 0.458536
4 771.28 259.51 791.81 273.77 0.457984
4 694.29 591.12 717.19 602.90 0.455516
4 705.62 272.63 720.49 283.13 0.446589
4 720.48 294.03 741.84 306.36 0.445455
4 203.45 747.49 224.11 764.77 0.435796
4 766.46 308.27 781.32 320.11 0.433269
4 827.02 480.76 839.45 502.62 0.428308
4 680.83 186.03 697.12 195.31 0.428254
4 911.78 162.77 927.74 188.11 0.427947
4 590.91 347.28 616.83 364.77 0.427763
4 503.70 651.25 530.21 670.63 0.421062
4 592.43 591.52 607.69 603.97 0.416523
4 655.06 641.36 678.33 662.93 0.412986
4 883.78 620.61 907.74 642.05 0.412775
4 400.74 215.39 421.44 228.36 0.410613
4 1228.21 333.80 1251.09 349.61 0.408780
4 46.54 834.43 68.03 851.49 0.400902
6 657.27 161.64 706.30 185.46 0.400883
4 962.99 0.00 973.94 9.22 0.398822
4 506.57 752.98 528.30 784.66 0.393479
4 783.09 316.17 803.16 326.68 0.391039
4 578.02 26.34 597.54 40.60 0.390030
6 670.66 154.78 769.12 259.74 0.386728
6 527.32 434.97 648.95 685.26 0.385027
6 771.93 323.89 808.34 354.71 0.384982
4 839.77 390.35 855.53 409.79 0.384435
4 835.09 426.08 859.80 466.23 0.383513
4 752.94 384.27 773.80 402.44 0.382118
4 836.65 448.42 852.02 466.34 0.378105
4 633.71 477.26 648.13 492.43 0.378096
4 644.87 663.35 666.49 685.99 0.374528
4 875.66 303.63 896.41 336.35 0.372150
6 790.91 199.30 810.60 215.70 0.371748
4 717.71 170.62 735.94 187.54 0.371107
4 677.98 582.96 694.41 597.66 0.366391
4 678.69 25.49 694.09 38.97 0.366203
4 654.89 562.70 668.15 574.16 0.362540
4 623.06 792.97 637.40 810.73 0.360229
4 1146.30 353.10 1165.95 375.65 0.358790
4 957.41 53.88 965.42 64.64 0.357597
4 573.73 1007.56 625.14 1049.00 0.357505
4 934.53 219.18 948.49 232.66 0.355240
4 1215.32 168.42 1227.61 182.56 0.354686
4 839.56 363.02 864.81 410.27 0.352414
6 528.05 560.50 607.50 682.09 0.352166
5 835.41 426.66 859.90 466.28 0.351460
4 676.74 523.28 690.19 543.62 0.351333
4 1017.44 241.66 1030.69 259.48 0.347673
6 582.44 1.21 607.01 25.09 0.345886
4 877.00 319.43 890.57 335.06 0.344840
6 718.08 170.32 735.98 188.67 0.343936
4 929.04 396.84 940.56 409.43 0.338281
4 880.89 12.19 892.11 21.36 0.336173
4 379.45 970.64 401.28 994.93 0.335859
4 495.18 587.56 514.18 603.01 0.333959
4 923.43 375.89 949.48 413.53 0.333402
9 876.19 303.23 896.10 335.76 0.332819
6 640.38 891.09 688.68 1012.05 0.326746
5 473.82 680.59 516.84 717.45 0.325590
9 839.18 362.85 864.91 410.03 0.323363
4 611.91 812.12 632.12 845.32 0.322590
4 627.24 811.52 646.73 846.29 0.320096
4 719.86 540.67 736.71 556.21 0.319298
5 675.55 626.62 702.98 678.16 0.319228
4 1105.22 89.01 1120.13 103.04 0.310642
4 506.40 769.05 518.78 785.16 0.303994
4 504.01 686.32 517.17 716.44 0.303118
4 771.91 278.66 784.29 292.33 0.303000
3 901.55 363.28 922.22 394.35 0.296568
4 743.65 384.00 753.92 395.07 0.294065
4 736.02 622.22 751.12 640.13 0.288181
4 670.20 548.70 685.73 566.30 0.286156
4 880.32 741.33 898.80 767.96 0.283096
1 1053.18 854.76 1084.18 895.12 0.281600
4 940.71 376.02 949.42 389.51 0.275377
6 628.34 812.64 646.79 846.82 0.268614
4 334.79 1000.92 347.78 1013.94 0.268178
4 755.58 443.31 764.69 458.26 0.262834
2 801.81 954.95 820.66 988.62 0.259315
4 662.17 549.51 673.39 564.62 0.257037
4 268.99 952.47 280.05 965.06 0.247653
3 807.61 251.57 821.32 279.09 0.237953
4 699.54 811.13 713.45 836.26 0.228250
