4 330.47 990.35 453.09 1140.56 0.762839
4 109.93 1288.20 305.16 1499.10 0.716950
4 697.86 440.25 786.01 542.40 0.701717
4 874.96 205.31 923.89 267.65 0.665039
4 805.23 128.27 861.31 168.51 0.655089
1 313.95 917.40 355.90 972.20 0.639866
4 1449.01 147.97 1484.96 187.25 0.620874
4 1238.33 199.12 1282.10 260.65 0.620654
4 803.68 49.29 852.42 91.66 0.604674
4 1310.39 218.91 1357.20 277.72 0.603096
4 913.64 148.99 959.07 198.96 0.601372
4 1464.52 438.82 1534.58 509.37 0.595706
4 1454.94 231.04 1494.12 284.64 0.593434
4 848.56 58.55 888.13 98.64 0.590825
4 1459.26 362.17 1508.67 428.20 0.588679
10 1525.44 1072.47 1660.97 1334.28 0.579948
4 1019.43 0.00 1053.12 27.19 0.568210
4 1216.20 359.28 1276.79 447.56 0.549287
4 1305.41 3.55 1341.98 45.46 0.547689
4 867.68 0.39 910.16 22.58 0.544632
4 1303.39 75.16 1345.02 120.51 0.542386
4 1239.99 76.81 1277.12 123.39 0.539709
6 1525.69 1071.56 1660.29 1334.97 0.528024
10 1222.02 1110.68 1311.87 1336.49 0.502292
4 1445.58 41.55 1478.21 77.11 0.488928
9 0.35 816.26 295.43 1265.89 0.488026
4 1222.27 1111.06 1312.50 1335.76 0.467919
4 1448.74 0.14 1475.38 17.11 0.459143
1 1452.78 205.75 1478.43 240.80 0.455965
4 1447.90 16.45 1474.31 43.84 0.446222
4 876.70 206.92 895.84 264.98 0.441841
1 1517.20 255.51 1539.32 293.80 0.437602
3 760.65 336.16 797.78 360.22 0.433548
1 1496.06 217.38 1513.71 258.60 0.426013
1 419.70 647.96 454.75 693.11 0.421909
1 1409.48 223.61 1431.76 266.63 0.408034
1 1016.91 110.98 1030.49 141.66 0.405563
3 1569.68 207.33 1604.14 280.39 0.402919
1 999.18 104.61 1013.26 139.18 0.397385
10 1543.39 1125.19 1611.73 1330.05 0.387950
4 716.23 652.36 751.96 720.20 0.378602
4 915.41 11.71 943.14 44.28 0.376663
4 763.62 121.45 804.48 168.03 0.374513
3 1522.69 277.82 1543.12 305.48 0.362880
1 1415.04 226.07 1430.42 253.99 0.359461
2 1571.39 209.32 1597.01 243.16 0.351717
4 970.73 49.40 987.48 73.60 0.351011
6 1445.49 1.08 1478.70 77.70 0.348065
1 1439.75 248.14 1457.06 287.76 0.336624
4 1313.94 74.08 1339.25 97.20 0.328644
1 1522.08 284.92 1542.44 339.09 0.327776
6 716.11 1.09 778.91 225.61 0.324383
3 1407.20 246.70 1425.80 267.86 0.321516
3 1522.90 280.38 1544.06 339.25 0.320390
1 970.79 48.19 986.30 74.66 0.320136
4 775.94 120.54 801.21 149.48 0.320132
4 765.86 0.00 780.41 24.17 0.301401
1 63.61 1045.97 104.00 1096.68 0.292222
4 930.16 20.38 941.40 42.15 0.264536
4 1598.42 266.06 1611.85 345.78 0.210412
