4 794.84 201.22 963.66 300.42 0.754968
4 571.04 245.47 745.93 353.56 0.751779
4 782.78 112.63 945.39 209.63 0.732770
4 1016.29 149.77 1179.84 244.87 0.725815
4 1041.32 47.81 1205.77 151.35 0.718510
4 164.82 745.80 333.66 943.70 0.700855
5 541.67 158.70 731.73 271.76 0.690014
4 781.82 154.15 895.59 209.70 0.668931
9 382.52 481.65 1398.44 1046.36 0.652184
4 1261.39 504.62 1392.57 611.80 0.602824
1 298.32 422.47 372.88 664.04 0.466172
10 351.76 44.06 406.68 97.96 0.333695
10 298.30 422.54 374.51 664.83 0.318238
