4 548.05 65.54 571.43 90.74 0.581849
4 677.41 712.28 721.04 780.66 0.540956
4 481.46 384.53 510.24 427.89 0.513144
4 254.73 295.10 291.49 312.76 0.513111
4 531.97 405.45 561.49 452.38 0.500673
4 616.02 214.06 640.46 250.81 0.491849
4 257.11 499.87 291.14 527.54 0.480290
7 493.80 418.21 564.10 565.00 0.476171
4 584.90 709.30 627.27 777.42 0.470678
6 671.51 29.13 773.97 136.31 0.455788
5 601.38 637.70 693.80 787.52 0.449179
4 260.18 0.00 293.08 11.29 0.448337
4 918.93 346.66 965.03 375.81 0.442101
4 526.83 186.20 547.00 228.36 0.439544
4 618.92 567.04 659.87 629.13 0.430260
4 416.44 138.91 443.91 154.79 0.429626
5 503.31 327.18 529.27 369.37 0.423195
5 592.72 477.33 630.60 541.47 0.420131
6 601.53 637.37 693.97 787.38 0.417040
6 568.31 531.80 622.24 623.89 0.405604
4 408.70 125.38 433.44 146.64 0.380522
6 494.84 421.01 564.09 562.36 0.380245
4 592.00 213.00 611.32 251.15 0.377101
4 551.78 478.83 588.90 536.48 0.375218
4 481.36 58.57 499.93 71.72 0.369278
4 1004.70 432.42 1034.51 465.85 0.368485
5 584.74 709.31 625.90 777.67 0.368027
5 526.73 186.31 546.59 229.23 0.353447
4 720.00 315.61 734.52 327.20 0.346995
4 504.06 326.84 529.36 369.53 0.339169
4 894.17 305.89 911.61 324.30 0.338887
4 927.83 202.20 945.49 232.45 0.338285
3 117.57 309.78 161.15 367.41 0.289184
