4 0.27 623.43 144.28 766.84 0.767419
3 911.65 390.41 968.75 423.62 0.757316
4 300.88 208.69 419.86 259.28 0.747772
4 572.07 156.63 657.14 196.34 0.715789
9 428.29 87.19 577.61 173.26 0.705504
3 245.42 778.05 362.07 861.89 0.701627
1 721.10 598.73 769.75 657.63 0.674150
4 810.01 90.54 857.45 122.11 0.635133
1 587.19 719.11 630.39 804.30 0.633354
2 586.77 719.79 629.20 804.79 0.632152
6 775.24 154.54 895.57 287.02 0.625895
6 775.84 71.99 1002.30 286.62 0.621363
2 721.25 598.04 770.91 657.87 0.610073
2 994.00 398.98 1020.58 457.73 0.600832
4 1180.09 53.46 1235.05 76.47 0.592287
1 26.02 381.17 65.67 445.47 0.587039
3 512.41 317.15 535.01 358.01 0.580450
1 928.40 369.68 957.05 430.68 0.576544
2 26.20 381.60 64.50 445.21 0.573627
2 549.48 281.85 575.23 331.71 0.568140
1 467.38 829.24 509.99 895.52 0.559922
4 0.02 435.02 28.85 485.33 0.554967
1 993.96 399.62 1020.32 457.97 0.550153
4 1177.73 86.08 1254.45 110.79 0.545010
1 549.51 281.48 574.60 331.94 0.540455
4 536.45 121.07 596.09 163.18 0.538064
4 584.09 131.85 643.60 161.58 0.533531
6 401.55 50.95 586.28 127.86 0.513530
2 930.31 370.21 957.27 426.81 0.508108
2 921.55 275.08 938.68 322.56 0.504161
6 776.61 226.42 872.08 287.06 0.503281
5 434.25 153.83 525.30 174.10 0.501458
4 598.91 107.63 651.83 136.33 0.500705
4 576.10 102.17 611.83 128.00 0.489229
2 436.74 829.04 512.94 942.98 0.488245
4 1122.36 71.39 1161.79 94.79 0.485746
5 665.74 23.30 698.69 56.06 0.470229
4 953.05 32.47 978.82 56.10 0.468968
1 921.12 274.18 939.45 321.68 0.465172
5 953.81 32.65 977.93 55.11 0.461134
3 823.31 632.45 875.47 688.84 0.459499
1 430.57 853.83 469.35 943.22 0.452328
4 1070.91 136.60 1125.64 164.49 0.449831
4 637.96 112.90 692.66 141.56 0.447753
2 511.51 304.01 534.47 351.38 0.439212
4 628.49 79.12 679.30 111.13 0.435990
5 627.52 78.88 679.67 112.56 0.422671
4 1167.95 83.55 1200.42 106.83 0.412974
3 504.99 309.33 564.56 355.13 0.411769
3 751.29 611.74 784.75 662.79 0.411745
4 810.30 205.62 851.75 234.13 0.408675
4 913.74 155.37 940.26 169.65 0.407527
2 558.55 188.14 575.66 225.93 0.399799
4 651.62 93.68 695.84 117.25 0.399243
4 691.76 96.64 741.90 123.14 0.393633
9 438.63 79.67 508.13 112.02 0.390689
4 0.04 587.36 22.59 635.28 0.389468
4 870.08 22.96 894.11 41.58 0.389211
2 548.25 188.04 563.98 225.44 0.388256
4 774.54 70.95 822.49 98.85 0.384852
7 1010.56 147.53 1057.51 187.04 0.378930
4 1134.23 0.10 1154.21 13.68 0.375719
9 820.33 6.21 878.71 41.39 0.372637
4 1351.86 230.90 1390.10 261.22 0.370400
4 869.76 37.29 895.80 64.20 0.358283
1 776.11 133.57 787.97 159.26 0.354320
2 775.97 133.54 788.69 159.01 0.347503
4 1224.64 33.43 1250.09 53.85 0.346311
2 430.25 854.39 462.60 895.81 0.344137
4 879.62 120.46 895.93 149.35 0.344041
9 818.91 17.00 845.77 39.07 0.336877
2 799.62 615.95 823.94 639.40 0.329072
2 936.24 156.66 948.96 188.43 0.327758
2 800.80 616.30 847.37 687.18 0.321740
4 698.19 35.09 712.23 53.13 0.318068
3 696.84 795.74 735.31 849.88 0.316700
3 489.67 315.14 535.76 368.36 0.311864
2 587.69 178.06 605.20 225.49 0.298072
2 867.69 36.39 879.81 64.83 0.281612
2 1017.63 44.77 1027.53 67.32 0.269598
2 911.39 171.96 926.37 216.67 0.263877
2 588.48 194.81 602.20 228.63 0.262866
2 879.94 200.74 894.55 222.71 0.259600
2 953.12 170.46 964.87 193.94 0.258172
2 875.85 201.86 896.58 272.26 0.257410
2 1101.97 28.29 1113.52 51.67 0.243293
2 1061.67 61.09 1071.83 84.38 0.234512
