4 1039.77 543.82 1209.35 630.78 0.805565
5 940.72 466.67 1110.05 568.59 0.759309
6 832.51 345.87 990.77 448.50 0.755518
4 775.50 341.99 878.89 401.79 0.717925
5 798.62 177.27 877.98 227.35 0.663133
4 98.32 359.19 169.93 454.97 0.661844
4 1157.23 111.59 1215.01 139.10 0.653961
4 200.46 290.93 262.72 372.72 0.608398
4 592.89 318.37 667.00 392.22 0.602959
4 993.62 183.50 1065.34 235.17 0.600377
4 1050.12 172.93 1117.57 227.15 0.593285
4 397.61 37.47 462.34 69.10 0.581121
4 253.85 0.58 285.37 32.66 0.574524
6 831.33 351.59 895.93 448.24 0.522110
4 940.76 195.51 1012.57 243.53 0.507859
1 748.17 484.31 770.54 536.76 0.498632
1 691.62 269.81 711.55 315.09 0.497982
1 722.99 481.21 747.12 529.10 0.488608
4 401.32 12.56 441.14 39.53 0.485261
3 683.20 198.84 706.81 234.50 0.473851
6 576.19 221.06 641.44 323.60 0.469815
4 953.24 132.37 985.69 153.55 0.466349
4 703.50 233.78 741.30 276.99 0.458449
7 189.82 853.66 260.43 927.91 0.447120
4 408.92 82.90 445.31 124.71 0.437657
4 876.82 208.40 914.76 239.16 0.434775
4 830.78 326.85 895.93 358.00 0.422450
5 721.83 259.93 758.17 321.96 0.420411
1 710.56 170.08 730.76 207.96 0.419870
1 1114.62 285.96 1133.29 316.79 0.416225
9 955.74 111.17 1084.63 150.68 0.413968
6 692.36 143.71 725.06 185.37 0.411811
4 518.39 142.20 569.20 203.83 0.410603
1 749.72 330.76 767.49 370.32 0.408320
4 813.00 142.93 837.83 171.39 0.404186
4 0.18 178.88 24.94 207.12 0.403724
4 721.13 260.10 759.41 321.33 0.401131
3 1113.86 302.15 1131.60 321.35 0.397739
2 686.18 197.46 705.23 229.06 0.387782
4 576.62 173.87 601.40 203.56 0.387518
7 586.91 79.46 625.76 110.77 0.387000
4 470.93 161.29 496.12 176.98 0.386604
4 866.34 127.84 897.81 147.66 0.385896
4 809.64 240.17 846.47 271.40 0.378397
1 760.39 296.99 779.28 329.02 0.376945
1 604.48 141.34 617.99 176.85 0.371505
2 579.55 122.73 594.34 157.50 0.371450
7 635.42 145.72 670.01 172.70 0.366826
2 618.46 128.02 631.90 157.72 0.366809
1 728.06 236.08 741.68 263.05 0.362997
1 1046.30 143.90 1062.32 179.53 0.361161
7 1065.50 122.94 1092.16 146.19 0.360006
4 1189.78 269.58 1220.11 302.35 0.352999
4 826.10 239.74 847.16 267.82 0.347190
7 784.82 274.76 812.23 305.48 0.345866
1 618.99 128.23 631.90 158.56 0.345212
1 579.92 122.35 594.41 156.81 0.344698
1 647.25 325.40 667.60 364.59 0.344391
7 813.05 142.94 838.02 171.89 0.343348
4 0.36 129.07 47.39 172.75 0.341025
4 1112.97 107.75 1135.87 134.11 0.332040
7 756.15 227.70 778.89 251.99 0.331666
2 556.45 119.43 568.10 154.70 0.321351
4 876.11 209.94 895.77 239.06 0.320538
1 835.12 419.58 854.70 456.86 0.302503
1 1306.24 244.10 1324.88 278.81 0.298015
2 537.93 77.83 552.74 120.14 0.295188
2 547.72 61.28 561.02 92.41 0.293432
2 683.19 154.99 695.82 191.72 0.290058
1 386.05 61.74 398.20 93.19 0.289916
1 556.81 121.88 567.54 153.57 0.283361
2 337.10 0.97 351.69 24.99 0.277418
9 439.49 120.92 456.03 154.72 0.264341
4 0.06 201.57 11.12 230.17 0.253591
9 410.12 120.56 426.35 156.83 0.252718
1 684.30 155.45 696.22 192.32 0.244564
