1 719.50 479.38 768.50 539.49 0.671225
2 73.70 33.40 568.85 535.43 0.572707
1 214.90 432.94 261.81 488.31 0.563142
2 104.98 453.82 144.78 506.59 0.525032
3 524.92 176.33 541.71 206.15 0.520082
1 566.49 494.61 619.40 539.42 0.518586
2 85.08 465.31 119.58 530.87 0.470539
1 510.17 196.28 527.68 239.66 0.453753
7 562.15 418.13 630.08 539.12 0.450225
7 372.13 251.58 439.41 327.78 0.447983
2 568.29 494.27 618.44 539.52 0.446214
6 598.34 15.83 614.05 27.54 0.443847
2 233.65 386.04 268.98 418.51 0.441029
2 226.51 284.75 251.94 329.44 0.430995
2 201.67 357.35 222.35 408.51 0.428560
2 211.91 324.32 230.93 368.00 0.426008
7 326.70 334.65 366.40 417.62 0.420267
2 443.22 221.41 460.60 275.26 0.417815
2 273.08 270.67 292.13 317.60 0.409005
2 343.97 287.85 359.26 336.20 0.407040
2 73.85 437.40 144.39 530.95 0.404794
7 390.77 255.27 439.38 296.64 0.404670
7 372.70 280.69 409.33 327.85 0.391547
1 248.51 265.36 267.51 318.54 0.391031
2 416.28 127.41 425.27 148.08 0.378177
2 510.17 196.34 527.55 239.60 0.373068
2 486.30 153.83 501.07 188.44 0.372065
2 73.99 437.97 98.04 520.63 0.366515
2 412.86 202.52 427.34 249.26 0.366510
2 295.45 306.62 319.27 364.33 0.362688
2 450.01 199.06 467.30 237.54 0.362318
1 514.07 466.30 544.28 495.30 0.360119
2 399.21 208.12 416.12 257.53 0.359962
2 258.61 357.91 291.85 404.49 0.357510
2 462.83 192.08 477.56 232.63 0.356610
10 513.99 466.47 544.06 495.38 0.353778
2 242.67 327.44 255.60 367.34 0.349533
2 503.06 175.00 518.43 212.93 0.338678
2 277.53 319.20 295.21 365.79 0.334677
2 201.88 265.33 320.48 488.71 0.334632
2 471.59 144.40 483.52 185.63 0.327703
1 258.78 357.83 292.10 392.30 0.313028
2 502.56 126.33 512.92 156.23 0.287719
2 288.37 322.63 312.79 372.84 0.282946
2 443.80 123.96 451.32 146.13 0.278214
2 417.40 150.68 426.39 176.14 0.274449
2 249.28 371.11 271.77 403.89 0.256153
