4 1476.27 485.61 1539.62 610.37 0.685063
4 1126.13 446.18 1178.07 570.31 0.666573
4 753.37 499.95 812.56 624.60 0.647572
4 828.52 487.67 885.39 599.33 0.642317
4 617.52 506.61 677.24 631.87 0.630279
4 1385.03 673.07 1461.02 703.91 0.625886
4 375.33 512.76 440.11 640.49 0.623225
4 1495.26 671.68 1596.60 705.12 0.620846
4 269.19 89.82 333.64 196.25 0.607281
4 489.47 99.28 546.99 225.28 0.594533
4 1497.64 96.59 1566.59 216.30 0.589441
4 1173.61 83.99 1227.29 209.64 0.584717
4 770.26 745.18 861.04 780.20 0.581864
4 1440.27 86.20 1497.72 212.22 0.574580
4 695.21 104.85 754.80 232.69 0.560607
4 418.48 88.43 480.95 214.18 0.557531
7 473.19 678.36 601.85 723.92 0.531599
4 766.70 103.12 827.00 238.19 0.529752
6 470.89 678.24 602.55 723.61 0.521064
4 1756.83 114.82 1810.58 230.47 0.519869
4 274.41 181.96 325.72 195.72 0.519155
4 403.54 681.81 478.29 707.55 0.513017
4 845.30 100.81 897.10 244.87 0.508518
4 423.34 182.18 478.92 214.63 0.494553
4 491.90 182.15 545.70 225.27 0.490461
10 714.72 920.08 868.12 1020.81 0.476712
4 1041.75 671.32 1136.21 704.89 0.475463
4 917.99 686.11 988.51 706.15 0.472004
4 470.92 698.66 541.50 724.47 0.433180
1 1628.77 518.82 1656.76 568.35 0.431828
3 185.12 119.00 208.77 152.73 0.428029
4 162.69 691.05 211.18 705.42 0.407498
4 1860.42 600.76 1915.57 696.44 0.404150
4 769.70 182.22 825.69 237.01 0.393126
4 1258.54 512.36 1327.26 649.38 0.392302
4 1440.42 181.99 1495.34 212.16 0.379960
10 780.02 819.21 862.71 892.41 0.379623
7 1257.67 513.87 1328.87 650.40 0.367286
10 1271.50 573.19 1315.92 624.42 0.360226
4 1652.32 30.53 1679.27 57.76 0.342782
3 1571.07 545.39 1603.26 564.69 0.336481
10 1571.87 548.77 1610.63 597.69 0.332503
4 716.11 182.42 751.70 232.19 0.322458
2 1393.71 697.89 1416.97 720.18 0.308370
4 1616.69 69.91 1637.35 90.76 0.303873
1 214.55 358.32 250.14 401.91 0.303421
2 1339.93 548.11 1355.82 564.56 0.303074
1 1630.21 519.06 1644.04 540.08 0.285159
2 542.53 700.02 558.13 721.04 0.234003
2 446.31 672.76 458.30 692.85 0.211134
