1 319.51 250.03 362.57 340.06 0.612046
1 340.43 199.12 372.25 267.63 0.588081
1 447.09 178.42 468.58 235.09 0.581972
4 260.50 52.44 286.71 61.57 0.575167
5 655.36 76.56 682.60 97.17 0.497793
2 544.74 149.93 565.92 189.83 0.475039
7 598.82 99.01 633.80 123.28 0.465640
6 0.27 116.53 117.46 170.21 0.462534
4 32.65 55.81 48.28 64.52 0.461817
2 771.93 99.23 849.94 193.16 0.457070
4 844.22 50.52 856.99 59.72 0.429097
6 655.12 76.08 681.69 97.28 0.415632
4 826.04 51.40 834.09 57.06 0.406079
2 602.15 151.06 622.27 196.80 0.400578
7 619.02 160.46 655.35 189.83 0.399946
3 648.77 116.51 665.07 134.52 0.359940
2 657.29 182.43 671.64 207.63 0.354044
2 821.91 153.10 834.24 177.51 0.314004
3 643.53 157.88 667.16 185.68 0.296303
2 631.98 138.94 644.61 181.16 0.286489
2 773.37 158.13 787.70 189.77 0.245080
2 648.30 105.62 661.64 133.01 0.237670
2 783.14 159.84 796.56 193.95 0.227721
