4 860.17 701.04 953.56 764.49 0.714839
4 806.69 286.43 915.59 345.78 0.681680
4 762.44 459.49 849.61 569.96 0.666148
4 934.42 112.67 1024.27 150.22 0.647536
4 0.47 601.76 123.97 764.33 0.647037
4 703.79 301.48 773.04 373.89 0.645284
3 981.89 709.88 1032.90 761.05 0.638633
4 160.88 325.92 242.33 437.29 0.637582
4 973.94 180.70 1083.43 226.88 0.637562
4 732.86 375.74 810.11 461.25 0.631803
5 859.24 32.28 979.20 86.77 0.625420
5 160.41 326.42 242.89 436.52 0.622406
4 257.72 200.19 314.86 257.44 0.612180
4 1099.60 265.61 1201.00 355.13 0.611462
4 312.29 65.58 350.66 103.70 0.611039
4 1022.66 259.27 1105.05 338.26 0.606772
4 416.59 8.39 445.57 35.06 0.597658
4 306.72 0.00 339.22 22.09 0.593098
4 88.56 462.48 194.51 588.01 0.592071
6 627.57 7.49 794.55 74.63 0.589520
4 216.27 268.07 283.20 346.02 0.587302
4 869.76 404.49 900.85 444.52 0.578180
4 860.84 701.48 895.77 764.43 0.577274
4 113.96 462.77 193.88 521.01 0.575212
4 883.59 79.93 954.87 109.71 0.553450
4 627.78 69.66 693.42 104.65 0.549299
4 654.26 151.97 695.39 197.23 0.534848
3 1322.22 657.46 1359.77 719.56 0.505733
3 1103.88 211.29 1142.68 238.84 0.500058
4 825.87 598.44 898.43 679.28 0.489699
4 858.25 32.99 895.80 60.32 0.486144
3 241.49 86.16 256.68 114.07 0.477579
3 1152.61 462.66 1203.16 501.60 0.477359
4 638.73 93.10 669.14 136.37 0.476720
3 1094.29 410.33 1150.51 454.41 0.468148
7 1015.37 440.66 1083.02 518.52 0.456526
5 597.88 50.92 648.46 89.90 0.449652
4 715.81 86.34 780.33 134.33 0.446460
3 1124.96 337.25 1172.87 373.44 0.444521
4 951.50 745.97 984.09 764.86 0.438855
3 1028.96 136.23 1060.37 158.31 0.433207
3 1034.63 311.65 1124.33 367.54 0.417780
7 1039.72 476.62 1087.97 538.80 0.414546
4 1225.75 216.40 1260.21 239.55 0.411977
1 1252.70 488.11 1279.86 524.44 0.392265
3 1130.38 440.37 1180.89 479.65 0.387911
4 162.25 515.11 207.08 572.93 0.384270
4 717.39 85.85 758.49 113.99 0.376798
3 990.89 157.97 1011.84 183.74 0.372606
3 1227.29 442.53 1269.44 480.62 0.372142
1 1118.64 208.09 1136.24 235.56 0.364357
3 1051.48 156.27 1090.47 180.47 0.364044
2 1038.56 397.79 1065.72 432.37 0.349286
3 1079.91 443.60 1103.39 479.89 0.349130
3 1169.42 181.55 1199.60 206.73 0.346521
2 1251.71 520.62 1289.41 551.77 0.341710
3 1086.36 477.72 1116.05 522.82 0.332946
4 858.90 37.33 875.88 57.47 0.315208
2 1188.05 399.20 1212.59 431.90 0.312161
1 881.41 12.06 891.28 33.64 0.307808
4 493.33 360.20 515.34 429.59 0.301028
1 816.85 14.24 825.35 34.91 0.278977
2 1255.33 341.06 1282.99 372.54 0.269709
3 1080.39 169.16 1095.79 199.15 0.246759
1 826.30 13.68 836.06 39.21 0.224090
