1 603.38 414.30 644.53 518.99 0.653868
6 262.22 316.78 377.11 417.48 0.623777
3 490.02 253.98 507.01 288.57 0.569457
2 719.81 418.43 755.61 516.78 0.544110
7 706.27 340.53 808.64 430.48 0.536600
2 804.27 449.64 840.02 539.06 0.513206
2 681.05 239.95 708.46 301.59 0.505919
2 486.87 231.38 508.20 277.10 0.503300
2 750.03 431.66 786.51 519.45 0.498324
2 633.42 249.36 656.90 304.62 0.496834
2 719.12 405.22 848.64 538.32 0.481521
3 630.18 212.96 669.40 250.34 0.480613
2 771.18 409.69 804.75 503.24 0.465103
1 327.02 343.15 370.47 390.82 0.464231
3 654.45 258.16 687.22 296.88 0.449653
3 616.96 204.59 652.99 236.84 0.448140
1 845.75 217.32 864.13 246.00 0.447325
4 632.03 72.18 644.83 79.70 0.439182
7 798.50 233.42 871.61 287.54 0.428049
3 641.26 270.63 675.70 296.42 0.424572
7 660.18 162.66 687.16 187.05 0.419161
4 549.23 67.96 558.54 74.45 0.413888
7 617.30 204.86 669.38 249.80 0.407150
3 498.51 202.91 522.53 233.49 0.402454
7 374.51 354.05 485.08 456.88 0.391420
7 712.94 368.58 757.63 422.70 0.384457
3 472.64 170.71 488.05 193.99 0.384342
3 513.83 183.66 527.80 205.24 0.383950
2 655.82 252.91 672.72 277.86 0.359345
2 699.36 233.96 713.13 294.61 0.355130
7 468.39 318.58 490.36 359.43 0.350729
2 566.43 114.75 576.62 137.33 0.348140
2 826.51 431.01 848.53 516.66 0.336241
2 502.71 191.33 518.80 221.97 0.315877
2 749.02 178.84 768.73 221.52 0.313371
2 557.98 118.69 565.38 135.45 0.297346
2 558.04 114.56 577.09 138.82 0.281234
3 652.46 216.69 669.38 250.51 0.238181
