1 666.55 340.29 707.61 474.51 0.688294
2 521.57 340.85 563.40 456.11 0.682826
2 269.56 269.09 318.50 362.72 0.676420
1 521.42 340.77 563.09 456.18 0.649389
3 404.41 177.16 438.70 208.00 0.646063
2 196.10 166.96 223.71 230.99 0.614797
2 399.56 213.39 427.45 296.91 0.609945
2 513.31 234.44 553.86 319.64 0.600830
2 332.06 259.95 368.90 350.13 0.595703
1 195.72 166.85 223.56 231.07 0.595333
2 146.33 217.15 175.60 298.79 0.591734
2 349.27 198.39 382.64 278.51 0.582214
2 305.15 150.06 331.23 209.14 0.567368
2 77.56 166.25 106.48 197.07 0.559750
2 851.29 145.88 879.28 213.58 0.559386
2 110.01 171.79 129.42 201.72 0.541835
2 891.70 146.51 921.79 202.75 0.537410
2 313.28 224.79 338.88 306.87 0.519140
2 938.03 187.16 959.65 255.39 0.507039
2 510.63 197.75 549.17 276.87 0.495836
2 570.48 90.51 587.66 116.23 0.495532
2 333.07 69.26 345.61 101.64 0.491800
2 530.79 94.84 545.27 141.11 0.491775
3 610.20 40.82 630.05 55.01 0.489785
2 643.92 86.28 658.10 124.22 0.487449
2 224.24 61.29 233.56 85.78 0.482311
2 127.75 57.69 144.49 85.19 0.475641
2 516.33 168.48 539.78 203.21 0.466432
4 655.50 45.17 688.61 62.08 0.466354
2 134.70 127.11 146.30 144.08 0.464063
2 247.60 25.88 270.96 55.99 0.461892
2 524.24 17.89 546.01 49.94 0.460979
2 87.67 112.89 132.75 142.00 0.459129
2 606.44 64.54 616.79 101.94 0.454783
2 173.97 62.38 184.83 92.83 0.453012
2 87.78 117.24 109.03 141.36 0.445910
2 780.29 132.27 803.56 175.47 0.444785
2 817.87 121.66 838.14 178.69 0.437024
2 922.33 111.67 957.16 155.59 0.434716
6 888.06 55.06 959.66 122.39 0.429747
2 761.46 133.14 785.58 177.85 0.429635
4 578.33 34.13 601.43 47.69 0.427900
2 402.21 53.68 413.55 77.70 0.426597
2 873.02 94.24 890.24 116.18 0.419816
2 310.21 76.99 321.90 115.59 0.416968
2 391.12 144.09 412.92 201.81 0.413073
2 378.06 40.63 386.94 66.11 0.413021
2 498.61 147.18 519.89 204.30 0.398012
3 793.71 65.02 826.60 92.42 0.397267
2 901.27 107.78 916.96 148.67 0.393975
4 778.19 48.62 794.20 56.18 0.391996
2 584.21 48.46 592.32 70.18 0.391437
2 108.09 60.79 120.61 75.19 0.389939
4 634.53 39.84 660.48 53.90 0.389910
2 655.21 66.47 664.12 87.88 0.389045
2 808.58 107.82 823.89 142.60 0.383854
2 691.31 48.79 705.37 76.79 0.382554
2 715.69 63.47 728.49 94.55 0.377481
2 804.31 86.55 817.82 113.10 0.363805
2 924.36 86.37 940.16 121.88 0.361700
2 509.35 52.25 520.39 67.69 0.353765
2 752.07 104.88 783.34 133.06 0.341799
2 157.51 21.92 181.45 68.96 0.335170
2 757.82 89.03 768.86 112.54 0.332555
2 743.75 36.69 754.10 57.52 0.306200
2 176.70 46.13 187.95 69.21 0.301736
2 577.00 37.40 584.04 54.99 0.286704
2 397.44 127.43 417.96 197.49 0.283805
2 105.76 115.89 121.11 141.00 0.278963
2 127.88 58.23 137.53 74.14 0.277720
2 749.79 104.92 767.61 173.76 0.270854
3 134.66 70.22 144.82 86.04 0.270412
2 501.24 147.36 517.35 174.32 0.254821
