4 0.04 162.34 50.23 251.41 0.558666
4 138.92 24.96 207.74 95.70 0.535737
2 713.83 244.03 726.77 272.70 0.470974
2 582.78 501.94 600.51 536.86 0.466049
2 819.41 482.68 831.58 510.45 0.463691
2 824.91 672.43 840.35 703.54 0.454848
2 506.89 597.04 518.43 621.49 0.427015
6 125.10 108.26 232.60 286.41 0.402077
2 675.81 33.49 694.61 56.28 0.400264
2 685.08 202.46 699.95 225.63 0.383368
4 120.14 241.59 185.35 335.07 0.376427
2 741.68 771.43 757.90 787.61 0.371133
2 395.59 98.22 407.32 123.72 0.370847
2 756.94 772.25 773.20 787.37 0.362492
2 679.53 152.74 693.31 173.20 0.347964
2 593.05 0.00 602.01 13.47 0.326254
2 617.31 22.74 634.16 40.35 0.314677
2 670.23 2.58 681.43 23.08 0.305539
2 850.97 654.47 869.45 690.78 0.304063
2 434.16 168.77 445.06 189.58 0.302831
2 637.22 23.66 651.47 43.20 0.297115
4 352.40 252.14 391.43 290.80 0.291803
2 350.04 265.05 362.27 291.56 0.291415
2 679.58 120.10 696.29 146.57 0.289799
2 584.49 169.13 619.44 197.83 0.283125
2 275.53 316.37 320.63 354.91 0.264538
2 603.85 169.53 617.46 183.55 0.260654
2 588.56 173.26 604.67 197.72 0.253324
2 417.51 51.82 429.41 74.65 0.248902
2 844.87 627.93 853.91 646.52 0.230634
2 776.79 181.26 788.49 197.69 0.217200
2 111.25 280.60 127.75 297.96 0.212421
2 615.18 22.14 652.30 44.00 0.211275
2 374.59 24.81 390.14 52.87 0.208276
2 304.43 324.35 319.16 354.10 0.202357
