4 258.07 145.50 286.57 157.51 0.411274
4 126.38 170.55 153.33 184.52 0.380735
6 321.90 408.17 429.58 513.66 0.283540
6 424.94 559.62 535.94 703.80 0.282206
2 581.22 389.94 602.32 416.53 0.259632
1 226.49 678.79 261.68 710.10 0.246720
2 131.87 589.26 153.07 621.91 0.245230
6 805.25 263.95 831.30 284.61 0.223308
6 1051.27 377.20 1105.62 416.56 0.216574
6 304.48 479.91 540.54 644.23 0.214769
6 1139.82 579.77 1279.57 722.65 0.208934
7 679.67 620.07 750.47 698.20 0.208567
2 0.09 208.63 20.86 232.18 0.208043
4 1239.77 305.90 1257.05 322.41 0.205470
6 724.00 263.40 764.96 284.94 0.200385
