2 348.82 888.45 398.55 947.20 0.515030
2 1355.42 406.54 1391.00 456.00 0.493224
2 678.15 321.52 696.11 367.47 0.485555
2 207.82 498.19 234.30 549.23 0.455011
2 887.99 501.04 920.93 548.13 0.439657
2 414.51 487.98 435.55 533.72 0.432382
2 807.44 537.27 829.35 582.86 0.429303
2 961.64 460.93 987.98 508.31 0.426976
2 1210.90 423.87 1245.30 471.98 0.425510
2 995.66 207.74 1011.89 245.63 0.421861
2 986.68 291.69 1005.01 333.55 0.418973
2 938.77 246.60 959.29 284.14 0.408600
2 94.72 589.50 130.45 639.66 0.407808
4 844.11 193.85 897.37 220.23 0.401741
2 772.18 498.50 799.19 542.74 0.400447
2 632.96 539.60 656.52 592.20 0.399555
2 1146.62 291.43 1165.53 338.28 0.396357
2 504.15 535.51 530.66 576.24 0.392931
2 645.46 507.94 667.69 550.40 0.388578
2 743.14 475.11 762.01 516.21 0.379533
2 312.31 478.72 337.27 526.04 0.369551
2 270.20 247.76 290.94 288.86 0.362696
2 1116.35 404.28 1143.88 455.18 0.358021
2 1067.13 422.57 1102.41 469.89 0.357776
2 1101.25 388.04 1129.40 431.21 0.349766
2 350.94 646.28 392.74 695.16 0.344754
3 119.28 285.03 169.68 348.68 0.320056
2 0.18 621.41 41.47 670.60 0.315187
2 180.32 659.33 206.76 711.57 0.300794
2 1158.75 440.65 1184.14 487.24 0.294754
2 313.42 597.09 337.44 638.62 0.292986
2 27.20 632.47 75.71 687.48 0.278386
2 517.92 346.11 541.42 384.44 0.274891
2 315.54 629.35 351.75 678.00 0.268444
2 3.23 199.19 1249.85 790.94 0.261117
2 443.61 567.03 500.53 620.31 0.254898
4 722.61 201.37 793.22 233.26 0.246859
7 1096.85 196.03 1138.64 235.67 0.227449
2 24.19 710.28 94.91 767.93 0.225728
2 41.23 283.78 60.60 318.47 0.225269
2 463.71 570.00 488.17 618.91 0.224572
2 438.35 549.91 465.26 601.26 0.221449
4 978.32 193.85 1003.65 208.48 0.210725
2 1117.06 432.47 1138.37 492.14 0.201091
