4 566.46 830.04 629.38 859.17 0.625904
4 291.96 1264.78 359.76 1354.50 0.619991
4 438.36 1066.42 486.58 1133.24 0.599174
4 809.02 733.67 850.43 765.47 0.544593
4 646.40 781.09 678.90 821.02 0.541663
4 323.44 965.91 381.11 1022.86 0.537307
4 798.92 478.61 821.15 499.75 0.533233
4 740.81 719.54 777.57 748.73 0.520351
4 843.91 551.57 865.90 574.40 0.511615
4 229.21 1070.91 298.11 1142.85 0.510289
4 115.29 1238.99 178.69 1299.36 0.509915
4 776.43 1086.37 810.18 1126.18 0.495464
4 835.98 421.10 855.76 436.79 0.495066
4 763.57 1129.51 807.93 1186.57 0.491391
4 845.35 376.26 863.60 392.14 0.488199
4 839.10 939.81 900.18 986.48 0.487268
4 661.70 1468.77 729.22 1499.77 0.485324
4 886.20 530.35 911.51 551.66 0.483237
4 1842.58 1139.47 1956.15 1188.20 0.477342
4 645.38 570.73 673.66 596.00 0.466947
4 750.61 876.45 800.54 907.03 0.459810
4 875.71 356.89 892.26 372.42 0.457269
4 511.82 883.63 552.70 936.58 0.451857
4 926.40 370.88 943.84 387.15 0.448306
4 614.64 614.96 639.34 639.63 0.447344
4 899.68 683.00 923.39 704.33 0.444177
4 182.00 1144.61 242.55 1219.11 0.440305
4 736.23 1208.22 785.37 1271.20 0.439555
4 1929.23 1273.38 1999.74 1380.19 0.439260
4 772.09 1257.00 821.09 1298.69 0.435622
4 1828.56 1287.72 1896.56 1367.14 0.425288
4 63.81 1358.96 102.76 1408.69 0.423996
4 671.60 534.44 697.67 557.61 0.421798
4 953.41 315.45 970.84 330.75 0.421224
4 691.82 515.95 717.28 536.44 0.417837
4 1830.27 1212.26 1897.28 1280.62 0.417026
4 710.69 491.01 732.17 511.52 0.414155
4 1607.63 1090.22 1649.75 1138.11 0.413057
4 518.48 822.84 541.29 855.54 0.407003
4 756.47 430.47 779.18 449.66 0.400264
4 1476.93 1070.85 1518.55 1129.80 0.396271
4 1530.23 1085.38 1567.19 1120.51 0.392684
4 950.55 508.89 968.50 529.36 0.389826
4 1785.11 1209.89 1849.02 1282.90 0.388180
4 1633.94 1201.93 1688.94 1267.16 0.384607
4 924.59 595.32 944.10 614.71 0.383422
4 913.62 577.10 925.03 594.84 0.381995
4 705.66 577.66 719.61 597.54 0.380515
1 846.20 1228.24 860.57 1258.51 0.379587
4 1429.04 1192.14 1476.03 1253.47 0.375891
4 1418.80 537.49 1441.33 557.86 0.372531
4 1476.22 1194.09 1532.35 1264.24 0.371633
4 724.63 472.82 744.28 491.01 0.370065
4 557.38 688.59 579.66 713.35 0.368275
4 1577.18 1195.02 1635.33 1265.84 0.366445
4 1527.52 1193.60 1584.67 1266.14 0.366409
4 913.99 275.07 928.64 287.21 0.365979
4 1428.73 1056.49 1475.07 1127.52 0.364174
4 596.04 638.88 620.01 661.85 0.363449
4 1357.31 1233.28 1385.80 1315.63 0.362911
4 1681.15 1203.96 1744.94 1278.19 0.351760
4 1609.58 1271.07 1671.01 1339.26 0.350899
4 1659.71 1070.30 1719.68 1144.44 0.346272
4 0.21 1397.58 50.41 1490.81 0.344179
4 1737.25 1211.03 1798.91 1279.68 0.344066
4 1934.63 1212.59 1999.78 1286.52 0.342972
4 924.78 488.94 947.36 507.03 0.341732
4 803.48 374.98 818.89 390.76 0.332874
4 1662.62 1276.72 1729.64 1345.73 0.324173
4 1502.15 1266.53 1559.51 1334.69 0.317540
4 960.51 251.52 979.56 263.91 0.315972
4 1446.07 441.73 1477.12 455.96 0.314994
6 764.62 376.78 803.00 398.43 0.314503
4 943.38 435.83 960.72 454.51 0.314276
4 323.20 1264.97 360.44 1279.28 0.313502
4 961.31 454.47 971.16 470.04 0.312518
4 937.51 562.01 955.00 579.72 0.310312
4 1454.75 1258.99 1504.04 1318.40 0.307196
4 910.92 635.73 935.33 659.88 0.305684
4 918.23 616.99 941.96 638.60 0.303520
1 189.33 1262.85 209.35 1295.48 0.302825
4 1005.76 349.58 1028.82 365.95 0.300052
4 736.64 458.47 757.02 478.28 0.298587
4 1770.48 1281.61 1848.03 1362.61 0.298350
4 1713.21 1282.01 1782.44 1348.40 0.297415
4 749.82 886.02 771.66 906.60 0.290105
2 1150.17 350.52 1226.18 400.62 0.287687
1 919.87 1119.89 930.39 1145.04 0.287452
4 655.69 601.02 670.64 617.72 0.286856
1 852.27 1345.03 873.71 1385.96 0.284835
4 996.80 154.39 1014.54 164.24 0.283848
4 1450.00 537.89 1488.11 559.16 0.282022
4 956.79 489.20 971.44 506.77 0.278469
1 870.95 1122.53 885.03 1153.86 0.277110
4 613.21 674.71 625.47 692.68 0.275842
2 870.39 1121.81 927.55 1165.99 0.275155
1 891.45 1126.61 905.40 1156.90 0.273990
1 775.96 902.71 791.19 928.45 0.273330
4 1916.62 288.64 1935.17 303.95 0.272743
9 916.72 244.27 950.43 267.37 0.272406
4 853.37 856.41 875.47 877.10 0.268344
4 981.78 291.22 1013.40 307.66 0.267018
4 939.13 261.10 955.00 271.58 0.266080
4 853.13 1074.30 884.36 1095.66 0.265327
4 908.71 665.17 929.58 682.70 0.264484
4 842.43 322.31 859.47 337.51 0.263288
4 828.09 337.40 846.84 353.55 0.262719
1 889.48 720.55 900.89 745.38 0.262055
4 1556.46 1264.67 1615.77 1337.78 0.260085
4 854.24 310.00 867.55 323.12 0.259178
4 949.13 372.14 963.84 383.44 0.254627
4 579.01 664.22 597.71 686.72 0.253393
4 1506.32 368.76 1525.42 384.10 0.253253
4 947.42 544.95 963.63 561.99 0.251838
4 488.95 475.30 509.12 491.99 0.250943
4 748.35 460.46 762.64 476.61 0.250625
4 1354.87 468.53 1381.98 489.43 0.250349
4 915.36 370.27 928.14 382.89 0.248809
4 632.21 868.07 652.39 887.05 0.247960
4 1017.53 176.04 1029.29 192.60 0.246321
4 996.81 199.34 1015.29 215.25 0.245870
4 711.60 741.19 733.55 759.02 0.244501
4 1507.96 385.90 1542.66 401.09 0.242879
4 715.63 513.07 728.99 527.50 0.241870
4 959.46 218.65 972.35 230.35 0.239737
4 1868.97 276.12 1893.14 294.34 0.238948
4 1398.68 237.31 1420.32 259.63 0.234536
4 985.07 171.59 996.27 184.19 0.233644
4 1525.21 1042.25 1567.33 1084.86 0.232670
4 1310.56 839.33 1340.33 858.33 0.231809
6 1037.51 197.85 1074.12 273.36 0.229450
4 949.70 237.48 967.58 252.28 0.228036
4 1420.54 467.37 1449.50 487.40 0.227146
4 838.02 793.15 850.10 815.47 0.226882
1 419.32 865.24 430.34 886.51 0.225724
4 961.18 272.05 976.06 281.40 0.224914
4 863.73 754.50 879.64 774.19 0.223403
1 20.59 1443.58 41.87 1474.90 0.222143
4 952.00 481.17 966.28 494.76 0.220881
3 444.67 877.74 476.60 915.20 0.217658
4 1091.62 351.47 1118.89 370.12 0.216362
3 900.51 1140.56 917.72 1171.04 0.216271
4 575.33 433.01 607.77 445.86 0.215254
4 988.15 429.25 1009.26 443.27 0.212782
4 1147.61 534.27 1180.69 561.76 0.212719
4 1459.56 304.22 1479.58 319.38 0.212526
4 874.40 281.46 889.74 296.31 0.207292
9 565.60 422.89 634.97 445.69 0.206506
4 610.79 431.16 632.15 446.91 0.205812
4 816.61 361.07 832.81 377.93 0.204544
4 1324.24 885.59 1354.33 908.23 0.203928
6 1455.55 473.17 1486.05 492.20 0.203026
4 1337.21 938.34 1369.48 967.40 0.202749
4 917.13 247.34 934.36 265.41 0.201812
3 809.39 1485.58 853.85 1499.97 0.201388
2 1168.81 353.40 1186.41 385.90 0.200432
4 864.55 295.63 880.36 308.73 0.200377
