4 519.39 578.85 548.09 622.75 0.501057
4 768.32 395.25 792.56 426.91 0.488848
4 667.09 334.29 686.68 355.68 0.486613
4 440.98 444.71 464.48 475.46 0.477798
4 592.10 326.32 608.37 351.03 0.474154
4 639.51 289.23 656.53 310.48 0.472673
4 374.76 361.61 409.22 394.18 0.453182
4 649.02 696.37 685.11 756.59 0.450724
4 469.50 275.35 495.20 294.46 0.449444
4 656.40 601.19 687.79 653.93 0.448568
4 567.42 203.90 586.24 217.83 0.448102
4 648.77 222.65 663.06 237.63 0.435326
4 718.86 282.07 737.68 307.83 0.419077
5 2.22 354.54 72.34 404.62 0.418453
5 428.20 289.94 470.56 328.16 0.401758
5 459.96 431.80 497.54 532.27 0.384227
4 674.83 191.51 687.65 204.12 0.384024
4 87.32 500.29 124.84 531.68 0.384022
4 726.54 362.36 749.63 397.43 0.370706
4 100.41 391.29 131.75 411.40 0.369344
4 653.25 173.00 666.73 185.50 0.350757
4 106.05 180.54 128.11 192.67 0.347678
4 120.08 393.70 132.31 411.00 0.344523
4 628.36 187.44 637.98 200.74 0.342885
4 604.93 167.40 617.75 177.13 0.340049
5 404.92 213.40 424.54 249.42 0.336956
4 611.23 115.05 621.73 123.10 0.332748
4 78.34 469.11 114.55 498.13 0.321776
5 0.09 560.26 51.96 619.34 0.317814
4 90.68 414.05 109.78 434.72 0.317667
4 670.37 153.65 682.06 167.82 0.308160
4 615.45 154.28 626.16 164.61 0.307687
6 104.65 418.32 132.55 467.27 0.306668
4 70.58 395.46 97.17 419.02 0.303994
4 611.64 90.93 622.72 100.33 0.302598
4 692.26 136.65 703.53 146.07 0.300268
4 563.05 776.77 622.87 787.77 0.295370
4 639.65 109.31 650.97 117.65 0.293953
4 643.63 129.36 659.35 148.08 0.286724
4 623.85 358.35 651.22 407.18 0.283402
4 654.11 122.79 665.39 132.04 0.278389
4 261.41 447.47 275.73 458.14 0.273423
4 579.62 89.83 589.87 100.15 0.270571
4 52.68 536.36 101.83 571.97 0.270540
4 645.98 95.67 656.04 104.57 0.268902
5 616.02 130.29 630.84 150.79 0.266868
4 248.80 447.06 275.32 466.81 0.254948
4 614.29 57.33 623.75 64.23 0.250524
4 569.89 81.97 580.28 89.51 0.248182
4 243.23 404.44 264.30 417.91 0.246860
4 107.93 335.52 136.76 355.40 0.243773
4 660.77 94.04 670.88 104.07 0.238820
6 22.26 262.35 126.84 319.48 0.235470
4 725.44 246.88 736.91 254.07 0.235220
9 342.23 31.86 369.40 46.03 0.234308
6 1205.20 244.26 1245.60 265.11 0.233841
4 311.06 224.29 332.79 239.32 0.233651
4 120.05 424.33 133.07 466.26 0.230663
4 134.85 335.76 160.99 353.11 0.228095
4 591.62 118.25 599.64 126.42 0.224334
4 442.86 45.50 453.07 54.06 0.214376
4 225.15 244.33 236.92 256.80 0.212204
4 759.93 190.95 768.70 204.66 0.205031
