4 320.66 336.34 414.54 387.98 0.577435
4 732.49 592.04 897.48 679.91 0.547437
4 788.99 546.74 925.13 620.05 0.541564
4 847.00 480.51 984.97 545.85 0.527044
4 973.20 28.14 996.29 43.95 0.461489
4 751.61 122.89 805.49 149.90 0.440283
4 960.62 343.39 1065.23 393.88 0.432303
4 650.00 643.17 781.75 729.56 0.426719
4 975.75 326.34 1073.38 367.74 0.416669
4 901.85 395.19 1016.00 457.04 0.404602
5 354.28 514.14 474.74 651.31 0.401992
4 797.27 98.01 850.80 125.07 0.389538
6 353.86 329.22 689.11 651.09 0.381269
6 946.24 234.51 1168.57 361.94 0.367263
4 784.87 112.24 837.70 138.26 0.359500
6 80.27 396.15 235.33 597.73 0.350699
4 1194.61 68.25 1254.00 86.30 0.327342
6 441.05 682.41 769.65 764.48 0.302973
7 867.97 415.48 988.52 493.55 0.286921
6 80.31 276.89 231.76 387.16 0.286670
4 621.81 0.26 656.23 10.74 0.285916
4 184.55 379.48 268.68 440.97 0.278814
6 1148.61 128.90 1304.40 217.91 0.266852
6 1033.90 159.95 1230.37 261.05 0.262837
4 164.18 325.52 211.09 363.46 0.260941
4 1025.97 235.94 1068.29 263.09 0.258510
6 1201.80 71.64 1349.51 151.00 0.251814
3 575.18 246.23 633.30 279.87 0.249485
4 84.61 70.27 117.70 79.97 0.246487
4 483.25 258.92 582.13 311.47 0.245886
6 1167.14 40.51 1282.95 79.86 0.245672
5 1033.70 187.97 1078.06 238.71 0.245136
4 1152.93 45.09 1172.11 66.85 0.244683
3 28.48 79.71 83.48 121.12 0.233700
4 718.71 119.58 755.16 150.04 0.233599
6 327.99 221.60 489.15 364.46 0.229961
5 1265.80 110.24 1301.89 152.59 0.225705
5 1025.43 234.73 1168.17 286.92 0.222731
5 1080.51 6.95 1101.35 27.72 0.220380
3 279.67 236.65 316.47 261.99 0.206496
2 528.90 225.80 561.22 251.81 0.206250
6 1201.20 72.68 1279.19 116.19 0.202083
