4 1262.67 100.27 1290.02 113.56 0.412869
6 80.96 567.60 440.46 764.06 0.400808
6 845.53 161.60 1006.09 221.86 0.385900
6 948.90 142.86 1135.30 206.69 0.373052
4 1201.78 108.37 1222.06 123.46 0.343737
6 1259.09 151.76 1359.62 199.63 0.319408
6 1266.12 117.91 1359.63 152.33 0.313389
4 1247.12 144.46 1271.49 160.44 0.311637
4 781.79 270.36 820.54 296.05 0.307319
6 282.61 327.22 427.29 425.27 0.305980
5 1127.89 629.30 1231.58 758.33 0.305524
6 729.95 201.98 899.45 276.33 0.293507
5 1284.68 85.16 1324.50 106.03 0.281179
4 1331.78 148.64 1359.83 166.38 0.275811
5 819.98 244.36 863.55 296.97 0.269904
6 335.75 297.75 559.12 412.63 0.268473
5 1067.52 663.86 1175.45 764.41 0.266667
6 413.26 285.15 620.56 390.99 0.259577
6 607.03 205.11 799.33 291.50 0.257188
6 777.84 430.27 1231.86 764.41 0.243907
6 468.93 236.77 705.99 329.35 0.240632
6 295.25 292.28 346.31 335.51 0.222241
4 973.46 119.04 993.22 127.70 0.218088
6 1258.07 151.54 1279.59 180.00 0.217544
6 15.46 344.80 224.13 481.64 0.214179
4 1229.76 103.78 1256.46 118.51 0.205675
6 1049.79 158.34 1135.39 206.75 0.204194
4 730.98 202.19 763.08 220.49 0.203374
4 1301.70 297.41 1359.03 358.36 0.203060
4 1267.83 141.14 1296.69 154.31 0.202761
