4 510.14 236.21 577.74 280.45 0.543928
4 603.22 219.17 668.28 266.96 0.466255
4 208.67 411.28 309.43 480.21 0.457255
4 611.73 386.18 688.55 455.20 0.415694
6 1136.62 364.04 1276.58 546.31 0.370548
4 1008.64 53.42 1029.52 68.91 0.343419
1 389.59 750.14 405.42 770.81 0.290333
3 381.65 683.84 424.85 720.71 0.281202
3 836.59 462.36 866.43 501.48 0.275076
3 836.43 404.95 910.57 501.92 0.264226
4 149.46 61.67 195.17 96.99 0.257438
6 660.05 545.29 769.24 639.10 0.237265
1 658.59 475.18 677.96 503.56 0.236069
6 869.38 198.57 1265.16 668.25 0.227669
4 1009.75 204.46 1033.26 221.65 0.220140
4 872.37 11.34 886.08 21.03 0.217726
2 835.26 667.08 947.18 744.89 0.200915
