4 828.60 110.26 851.64 137.61 0.463277
4 767.29 0.20 783.37 17.67 0.453048
4 812.89 52.40 832.60 81.29 0.451862
4 623.69 598.19 662.93 673.85 0.438696
4 694.35 601.80 730.77 678.51 0.436677
4 332.10 297.55 388.05 327.54 0.434315
1 266.25 735.97 283.25 764.11 0.422165
4 809.23 152.68 832.36 191.19 0.411238
4 631.17 515.30 666.92 575.54 0.402955
4 610.78 708.88 657.08 787.61 0.392808
1 214.25 769.47 230.96 787.41 0.367593
4 691.98 509.41 724.63 578.02 0.358900
2 571.56 363.51 582.83 385.64 0.345760
2 517.69 457.72 529.39 480.47 0.330353
2 534.87 462.73 546.13 482.31 0.314301
2 984.81 306.07 996.05 328.73 0.310730
4 801.30 120.66 812.13 137.04 0.298478
2 1155.05 326.32 1166.50 345.22 0.289811
2 1006.56 290.79 1017.13 310.64 0.287563
2 1056.68 516.46 1067.76 539.51 0.285477
2 545.33 424.15 556.72 441.88 0.283954
2 721.63 235.21 733.44 254.42 0.280669
4 419.89 308.60 443.45 330.55 0.272623
2 544.71 454.63 554.97 475.76 0.266581
2 582.05 432.90 590.07 449.98 0.266454
6 512.92 168.34 589.35 281.78 0.266398
4 1019.40 549.03 1044.20 606.47 0.265610
2 99.86 765.63 117.84 787.30 0.261397
2 583.09 273.17 593.32 289.15 0.258659
2 284.38 268.36 294.43 290.54 0.237009
2 789.77 235.99 801.07 267.27 0.234469
2 562.09 362.61 572.45 381.80 0.225780
4 74.17 310.94 102.59 319.99 0.225390
2 624.38 256.19 634.12 275.13 0.223236
4 808.14 32.43 815.87 45.00 0.222239
6 0.02 140.10 129.34 528.20 0.215781
4 780.79 32.36 788.98 44.86 0.214588
2 1013.23 289.74 1021.31 306.45 0.212680
2 762.83 223.94 771.60 241.02 0.206853
