4 837.25 1032.24 867.70 1049.90 0.427530
4 791.68 902.35 817.73 927.38 0.388428
4 808.05 708.41 833.43 723.58 0.330354
4 740.04 806.35 768.09 830.12 0.328187
4 761.88 854.73 789.84 876.50 0.321284
4 791.85 683.20 822.03 705.30 0.318453
4 120.18 986.83 131.63 1018.86 0.317223
4 906.61 1031.75 935.41 1049.60 0.313962
4 783.15 869.55 809.86 892.93 0.311003
4 555.44 631.22 587.76 652.75 0.309440
4 710.39 745.25 738.92 767.26 0.304542
4 746.98 820.43 777.18 842.08 0.300518
4 593.49 621.93 626.60 639.61 0.297111
4 776.57 642.12 806.50 664.42 0.296451
4 695.38 712.74 727.03 733.75 0.295095
4 798.18 925.12 825.81 954.00 0.284727
4 208.56 621.12 225.81 635.35 0.276257
4 715.88 759.19 744.22 783.56 0.274721
4 185.77 623.37 202.43 639.27 0.274532
6 779.62 703.99 843.16 748.75 0.273167
4 586.35 785.56 628.26 818.83 0.272417
4 728.04 781.77 755.40 807.58 0.269885
2 540.69 541.41 594.98 616.57 0.265666
4 43.01 993.49 66.40 1028.42 0.265551
4 69.76 985.80 87.97 1015.34 0.265309
4 87.49 984.19 109.16 1017.27 0.257808
4 702.46 730.94 731.20 754.12 0.247043
6 184.23 90.77 294.53 206.92 0.245567
4 758.76 833.63 787.43 860.85 0.224143
4 440.19 927.59 468.89 949.84 0.222682
4 160.54 570.86 189.30 586.34 0.221066
4 1218.70 908.86 1293.15 947.39 0.216580
2 247.17 823.11 301.97 889.60 0.209643
4 75.20 684.65 98.75 698.67 0.209392
4 845.57 721.99 861.88 737.88 0.207929
