4 947.63 720.63 972.49 753.62 0.566980
4 743.21 721.95 767.64 757.03 0.536777
4 1067.60 575.63 1094.69 604.19 0.515025
4 992.95 483.53 1017.85 512.35 0.510396
4 1040.79 515.99 1066.42 542.96 0.494912
4 452.13 669.42 491.37 708.36 0.461966
5 706.85 579.56 754.88 658.67 0.439364
4 721.07 211.02 733.58 228.90 0.414973
4 807.97 194.79 822.94 213.55 0.412449
4 875.18 306.96 890.85 325.89 0.407373
4 831.42 210.75 844.26 229.01 0.399756
4 714.18 166.42 726.84 180.41 0.395443
4 675.99 484.80 691.25 509.99 0.346201
6 691.80 389.13 722.26 470.36 0.346048
4 774.21 134.21 784.11 146.48 0.333623
4 697.86 536.53 714.71 565.56 0.331605
4 646.09 7.19 656.23 18.90 0.326055
4 715.12 527.83 732.18 556.64 0.307512
4 730.82 549.19 747.53 577.79 0.300412
4 1252.91 0.19 1300.47 24.47 0.262475
5 1100.80 613.29 1154.97 672.24 0.260752
4 633.18 113.16 645.28 126.50 0.248553
4 674.94 445.23 689.22 468.61 0.242636
4 677.60 417.08 691.39 441.92 0.241117
4 739.47 80.61 749.10 92.07 0.233193
4 692.70 444.35 709.32 469.36 0.232772
4 1128.17 711.41 1158.43 731.85 0.232559
6 638.36 296.81 659.05 357.49 0.228080
4 662.57 430.40 676.88 453.75 0.224059
4 242.64 747.63 257.36 763.23 0.221375
4 671.81 392.65 684.04 414.67 0.215380
4 619.76 187.87 633.17 205.21 0.214073
4 635.46 267.36 648.10 285.21 0.210815
6 675.96 286.26 696.81 327.06 0.206507
4 622.16 124.52 634.22 140.49 0.206007
4 627.05 227.24 638.78 242.36 0.204804
4 648.86 170.36 660.37 186.09 0.204180
4 623.63 205.80 634.98 220.86 0.203209
6 686.71 350.59 709.86 401.14 0.201888
4 611.75 147.96 621.15 160.23 0.201729
4 635.92 244.28 647.53 261.07 0.200115
