4 289.81 721.05 487.28 851.80 0.652368
3 1839.96 633.30 1878.62 670.08 0.605123
4 1491.56 591.66 1654.80 669.92 0.549733
4 1701.97 558.68 1864.20 623.43 0.546101
4 0.26 453.20 100.73 490.15 0.544432
4 57.90 402.13 165.41 436.53 0.523364
4 361.40 524.13 468.33 575.26 0.520948
5 555.32 544.08 663.28 619.03 0.519390
4 815.60 601.58 881.86 671.64 0.513787
4 0.07 490.90 63.08 533.67 0.505173
4 639.10 561.11 751.03 623.91 0.496174
4 199.90 501.67 334.68 552.53 0.494017
4 727.44 570.64 824.97 631.92 0.483369
4 906.81 585.30 974.86 653.06 0.478661
4 417.66 533.90 530.64 591.21 0.476617
4 1125.56 617.39 1216.83 694.96 0.475823
4 1367.96 1181.82 1715.45 1383.35 0.471324
4 1231.59 620.04 1279.82 691.98 0.466563
4 105.50 364.65 193.63 389.76 0.462629
1 364.89 404.82 384.43 445.04 0.445895
4 161.54 327.04 234.23 349.63 0.444760
4 223.90 461.04 340.57 501.72 0.438576
4 291.43 355.28 376.68 391.35 0.436062
4 139.63 343.55 216.89 364.86 0.427711
4 221.68 440.97 337.92 474.04 0.414081
4 88.74 383.97 183.03 411.90 0.404891
1 1859.86 613.31 1884.27 662.20 0.400879
4 1025.41 580.29 1074.64 644.87 0.397507
4 252.47 263.95 296.52 282.68 0.373401
4 311.34 337.61 379.40 361.55 0.365113
4 1975.91 774.65 1999.89 833.50 0.357278
4 216.12 301.19 249.82 328.63 0.356402
1 339.47 412.92 360.35 461.26 0.352676
4 1980.29 521.05 1999.79 553.80 0.346279
6 471.46 435.38 594.28 523.92 0.341557
1 1468.35 1261.78 1508.90 1319.43 0.340545
4 0.17 527.27 12.82 559.28 0.325593
4 344.12 286.88 380.45 310.15 0.321940
4 1508.76 554.86 1547.40 581.37 0.303003
4 349.14 269.87 375.67 285.59 0.285500
4 318.42 315.23 386.36 338.20 0.274088
5 215.54 403.44 359.10 467.67 0.271539
6 76.07 217.71 97.92 240.99 0.261697
4 281.69 220.73 304.83 234.60 0.252292
4 341.58 214.30 360.00 228.64 0.248132
4 326.33 209.01 350.40 222.13 0.244919
2 340.96 403.19 384.70 460.31 0.240556
1 396.34 479.71 413.17 508.33 0.235480
4 720.50 561.23 755.33 604.36 0.234836
4 275.68 401.50 361.43 427.09 0.224275
3 330.43 435.15 354.66 464.87 0.220624
4 1774.28 558.90 1863.49 600.15 0.219706
6 156.67 259.05 181.62 286.50 0.218623
6 194.75 228.12 223.62 252.34 0.215641
4 295.79 236.07 328.07 253.58 0.211304
4 1977.05 502.70 1999.62 523.01 0.206939
4 275.17 244.61 305.82 264.47 0.204786
4 342.53 255.58 371.70 274.20 0.201341
