4 937.04 132.19 1192.53 357.45 0.717885
4 834.88 869.75 1139.24 1095.08 0.639985
4 0.27 876.51 233.57 1031.70 0.477525
5 998.92 623.89 1279.39 823.86 0.428382
5 330.43 590.47 512.32 883.89 0.414420
4 821.44 1126.77 1098.17 1279.42 0.413514
4 165.88 307.95 543.18 486.38 0.406253
4 1884.21 1070.91 1999.38 1406.93 0.396235
4 175.75 47.88 450.27 219.09 0.381313
10 1791.02 147.47 1997.67 346.62 0.374750
4 1931.04 516.69 1999.10 638.32 0.343868
4 0.41 760.00 284.19 852.68 0.336981
7 0.12 1069.76 302.23 1278.79 0.301093
1 873.35 983.45 923.53 1062.86 0.299307
7 221.14 584.27 319.53 778.53 0.279136
7 0.37 762.04 320.97 1498.45 0.255826
3 1.96 1133.86 55.52 1223.63 0.226341
4 959.36 0.03 1227.61 80.63 0.216105
