5 1014.40 901.22 1074.65 1002.67 0.527455
4 1097.85 554.15 1138.81 589.54 0.522570
9 906.00 772.90 971.04 828.83 0.498394
6 1109.09 772.33 1136.91 825.03 0.414156
3 912.43 829.31 941.31 862.14 0.410354
1 868.04 851.62 887.95 897.30 0.410245
7 1140.14 868.98 1174.41 944.87 0.406977
4 1082.82 507.95 1099.88 528.35 0.406598
3 877.41 876.61 916.77 910.98 0.376339
4 864.63 934.91 959.93 1001.80 0.363932
3 1514.14 1028.46 1559.68 1064.35 0.338475
3 1120.88 511.50 1135.99 538.21 0.337557
3 1430.53 794.06 1468.59 822.25 0.337119
3 1171.82 596.17 1185.09 618.69 0.326170
4 1198.46 266.00 1211.42 283.48 0.321545
4 1128.25 218.13 1142.79 231.77 0.315426
2 1160.68 489.91 1173.68 515.26 0.311964
3 1130.79 489.29 1147.78 514.16 0.309133
4 1119.55 264.78 1132.37 281.86 0.304092
1 1155.94 423.32 1168.15 446.56 0.300322
7 932.20 894.15 975.51 936.44 0.295358
4 1185.80 207.69 1198.94 219.81 0.286602
6 1036.90 782.75 1070.47 827.09 0.281027
3 1342.77 875.65 1362.46 903.24 0.279651
4 1494.67 937.73 1539.29 987.04 0.278818
1 1388.09 595.22 1400.26 626.34 0.275907
1 1139.24 358.75 1149.91 377.73 0.275066
7 1467.12 853.72 1504.97 883.02 0.272697
1 1196.88 361.15 1206.17 378.84 0.267598
6 370.95 196.66 464.40 215.02 0.266476
2 1326.04 857.63 1344.64 893.81 0.262888
3 448.54 660.08 487.60 707.05 0.261735
4 1370.74 359.94 1386.08 370.49 0.256248
2 1415.93 838.25 1433.77 866.33 0.255876
4 1280.25 580.17 1373.82 614.45 0.255388
4 1215.29 292.76 1226.02 305.90 0.252611
3 1382.64 657.99 1420.99 682.14 0.249562
4 1441.82 239.83 1471.99 257.16 0.247855
4 1169.87 235.65 1181.21 247.31 0.244778
2 1405.45 591.37 1422.59 623.00 0.241950
1 894.27 963.45 915.26 994.57 0.239152
7 1324.83 603.70 1362.44 631.90 0.237714
1 1006.42 918.95 1023.74 949.06 0.226730
3 890.99 921.86 942.91 943.01 0.224211
3 1112.78 797.71 1132.02 825.88 0.222300
3 927.09 732.72 941.35 756.14 0.214886
2 1326.71 855.10 1362.64 899.88 0.212312
3 897.86 905.72 971.49 940.77 0.208423
4 1372.14 529.38 1389.42 553.71 0.207262
4 1413.13 936.32 1539.32 987.97 0.207136
4 1447.54 880.05 1500.24 929.56 0.205313
2 1201.14 322.83 1209.38 337.20 0.205152
3 1221.20 365.66 1236.92 388.77 0.200395
