4 490.37 559.71 547.26 623.95 0.571041
4 387.89 904.24 474.46 1023.15 0.561167
4 569.23 375.00 611.11 417.11 0.537664
4 383.14 534.40 440.35 598.12 0.534610
4 299.54 753.76 393.64 867.18 0.522133
4 104.39 847.44 203.27 976.55 0.512879
4 32.33 1031.36 127.91 1079.64 0.510785
4 658.64 92.00 682.80 115.09 0.510346
4 1376.86 802.74 1549.04 892.53 0.507688
4 1182.82 674.91 1279.73 775.94 0.504458
4 161.24 734.44 245.29 843.89 0.495648
4 22.43 488.33 134.18 552.82 0.489969
4 551.37 300.23 590.32 338.35 0.485021
4 1026.46 309.40 1069.44 353.73 0.481138
4 540.20 97.39 568.20 124.91 0.474144
4 206.88 621.19 285.81 718.25 0.462365
4 1122.28 577.16 1187.81 663.13 0.453531
4 615.44 238.76 655.10 274.18 0.451850
4 1183.62 260.04 1227.10 289.64 0.450036
4 547.26 185.58 579.30 215.88 0.449583
1 1844.45 532.05 1866.65 576.20 0.445297
4 1220.97 290.65 1270.25 328.07 0.444687
1 1599.59 399.52 1616.41 435.77 0.443777
4 662.01 316.86 676.20 345.77 0.440423
4 136.80 427.02 220.84 489.38 0.439136
4 547.31 239.78 584.86 273.88 0.438176
4 1084.84 435.85 1136.51 498.02 0.435293
4 1596.73 771.83 1647.70 847.26 0.432701
4 1064.46 383.64 1114.82 437.69 0.432109
4 1494.54 546.88 1586.99 616.92 0.427643
4 1258.08 341.89 1279.87 388.09 0.424679
4 245.90 532.33 317.71 615.37 0.424503
4 599.19 9.64 623.90 30.62 0.424234
4 1103.73 499.40 1163.26 572.85 0.419025
4 705.74 0.00 726.18 13.70 0.418049
4 283.97 466.28 350.05 538.00 0.414717
4 318.87 411.75 377.60 469.99 0.414538
4 621.46 57.85 645.63 78.19 0.414438
4 1584.24 643.83 1677.61 730.38 0.411954
1 1423.86 356.08 1436.86 386.55 0.408217
4 617.67 87.06 643.22 111.61 0.405404
4 363.96 363.81 415.13 414.27 0.402626
4 649.30 0.17 669.13 14.40 0.402316
4 393.95 317.24 440.66 361.83 0.399988
4 1360.72 455.94 1444.22 515.97 0.399031
4 83.06 417.91 146.79 474.82 0.397592
4 1300.54 396.35 1365.41 446.37 0.389293
4 465.30 201.62 502.22 234.02 0.384223
4 1146.09 231.35 1172.27 257.46 0.374285
4 1258.54 342.17 1317.25 390.08 0.368604
1 1521.00 290.89 1533.38 323.38 0.367973
3 850.16 472.03 882.39 499.13 0.365421
3 857.41 508.46 891.56 535.78 0.358349
4 124.60 374.85 184.30 427.55 0.352868
3 745.77 682.33 766.71 726.67 0.344748
4 447.38 230.31 486.60 269.23 0.339610
4 233.22 271.72 280.42 311.07 0.330988
1 818.35 376.28 827.57 404.33 0.328010
4 168.13 334.80 228.34 385.56 0.321527
4 198.47 301.95 253.84 347.16 0.317061
4 332.35 173.76 370.60 206.75 0.316703
4 354.45 154.11 390.96 184.96 0.312725
4 263.32 239.15 305.72 280.01 0.310152
4 422.79 258.96 468.31 307.18 0.310057
4 0.20 245.60 33.54 282.84 0.305411
3 67.77 376.59 86.75 412.40 0.304236
4 34.46 210.90 85.33 246.00 0.303702
4 640.12 241.90 656.46 272.83 0.303117
4 711.03 565.55 729.36 601.63 0.298715
4 310.65 196.88 347.20 230.96 0.294370
1 1764.80 450.37 1782.13 491.18 0.287935
3 852.43 447.55 887.83 477.94 0.285991
3 1222.60 518.35 1237.39 541.36 0.284724
3 0.21 455.58 36.46 500.38 0.283164
1 710.96 72.74 719.08 94.39 0.282620
1 1373.85 182.88 1384.77 206.22 0.279057
4 287.23 220.23 325.89 257.33 0.278745
4 166.37 123.70 207.55 152.59 0.278089
4 530.49 0.05 550.25 12.91 0.276690
1 195.97 266.68 212.98 295.27 0.274327
4 639.99 59.86 647.63 79.06 0.273753
4 1596.41 771.09 1730.33 852.21 0.272782
2 361.44 131.49 373.57 154.72 0.270535
7 829.64 409.15 866.85 436.48 0.265358
4 424.35 96.39 442.07 118.71 0.263981
2 1103.22 8.28 1110.60 26.75 0.263808
2 1303.78 140.16 1316.36 161.86 0.262750
2 1115.17 16.56 1123.23 32.64 0.254053
4 742.81 89.19 754.81 109.31 0.253338
4 386.46 124.66 415.86 150.50 0.250193
4 1001.06 349.10 1017.35 377.12 0.249914
2 297.73 202.09 310.24 221.72 0.247103
4 432.30 79.59 456.93 104.39 0.234096
4 81.63 91.00 121.21 118.25 0.230774
4 0.22 149.72 16.32 171.55 0.227001
4 961.99 491.41 986.50 508.19 0.214172
4 493.35 17.69 516.21 39.25 0.213447
4 176.96 39.64 211.72 63.90 0.211512
4 219.99 90.52 253.70 112.88 0.205573
