4 416.71 9.08 444.93 34.72 0.571415
4 312.18 65.57 349.84 103.37 0.568673
4 258.01 200.16 314.63 257.69 0.542868
5 161.16 326.44 242.92 436.28 0.531666
4 306.57 0.00 339.40 22.50 0.521300
4 703.60 301.19 773.93 373.67 0.516029
4 861.07 700.51 952.47 764.44 0.507917
4 806.02 286.45 915.43 345.94 0.507239
4 762.52 459.83 849.78 569.90 0.480500
4 973.96 179.78 1082.78 226.61 0.456993
4 933.03 115.36 1024.65 150.09 0.448781
4 732.76 375.92 810.38 461.89 0.445849
4 217.36 267.99 283.53 345.75 0.444604
4 88.53 497.43 170.22 587.74 0.433336
4 80.08 602.26 125.19 740.14 0.427026
4 654.81 152.31 695.28 194.83 0.419228
4 1022.69 259.38 1104.61 336.55 0.418501
4 113.07 462.49 193.63 520.04 0.414253
4 1099.59 265.17 1200.54 356.63 0.413300
4 0.64 601.94 124.29 764.32 0.400522
5 857.75 32.48 979.28 87.03 0.397469
3 981.77 709.94 1033.06 764.04 0.395508
4 638.88 92.77 669.05 136.47 0.388724
4 886.94 80.48 954.68 110.69 0.364802
6 625.83 7.06 785.16 75.90 0.364065
7 1015.74 437.31 1083.35 497.71 0.342442
4 870.43 404.41 900.85 444.49 0.334086
1 1253.56 487.86 1279.81 525.41 0.330370
7 825.41 588.48 900.52 679.70 0.329218
3 241.11 86.33 256.50 116.92 0.327393
4 632.54 68.89 690.29 104.63 0.317408
3 1104.15 209.42 1142.41 238.72 0.315104
7 1039.48 524.18 1106.36 619.42 0.314323
4 162.50 515.37 206.79 572.55 0.308316
3 1322.15 656.86 1359.63 722.20 0.300107
5 597.26 51.16 648.83 88.77 0.289267
3 1152.73 462.95 1202.43 502.03 0.288747
3 1092.41 405.51 1148.52 454.18 0.287419
1 1184.36 396.55 1212.50 434.20 0.283014
4 715.47 86.29 778.47 134.22 0.282769
3 1085.28 477.47 1117.21 522.81 0.271795
3 1080.68 443.42 1103.34 477.78 0.263209
2 1039.02 398.22 1066.16 431.97 0.262798
7 1041.61 476.41 1087.44 540.64 0.259886
1 1118.36 207.39 1135.66 234.04 0.235889
4 1220.01 213.74 1259.64 239.97 0.234207
7 1028.11 129.23 1060.14 159.26 0.234194
3 1125.14 338.08 1174.03 375.17 0.233866
3 1168.37 180.90 1192.72 206.54 0.228316
3 1042.25 320.03 1103.99 356.14 0.225746
3 990.74 158.87 1015.83 182.47 0.213932
3 1076.43 168.27 1095.26 199.31 0.211182
3 1130.27 440.92 1181.96 478.99 0.210122
3 872.26 578.08 901.63 621.81 0.204402
3 1108.17 334.74 1125.41 367.16 0.204039
