4 708.52 470.67 780.52 506.40 0.849954
2 409.27 115.27 633.55 196.04 0.818299
4 540.10 371.26 604.06 406.19 0.760692
4 513.37 333.97 582.33 369.75 0.737332
4 422.79 432.38 494.10 477.42 0.731906
4 168.92 112.42 184.56 126.27 0.713395
4 595.46 400.03 658.66 450.82 0.713174
4 345.08 163.63 381.90 180.93 0.706907
4 561.36 389.80 625.38 428.69 0.699785
4 310.58 150.95 347.27 166.41 0.695692
4 393.01 391.82 459.76 429.91 0.692140
4 398.27 190.76 432.70 207.90 0.673764
4 501.75 316.95 563.78 349.22 0.669090
4 370.49 347.12 431.05 379.18 0.666900
4 638.52 423.52 699.85 471.69 0.662373
4 86.09 125.28 102.99 142.52 0.652742
5 513.31 333.94 582.22 369.51 0.651629
4 377.20 363.12 442.73 403.17 0.647003
4 357.72 311.97 416.08 343.55 0.645450
4 397.15 408.29 469.97 458.90 0.642464
4 360.45 143.81 393.70 161.33 0.624314
3 48.49 398.78 61.29 417.30 0.623588
4 307.60 178.25 347.44 197.79 0.622004
4 383.91 165.21 409.64 187.84 0.614662
4 446.30 241.24 494.45 263.76 0.599037
4 343.64 268.73 397.94 292.26 0.596439
4 48.06 242.83 75.38 272.70 0.594561
4 359.41 297.50 414.31 318.62 0.593594
4 442.28 229.74 489.22 250.98 0.592961
4 33.36 278.55 63.95 311.54 0.592101
5 314.96 187.33 360.74 225.78 0.589079
4 102.70 81.86 115.34 96.27 0.585978
3 56.16 344.71 67.68 365.10 0.584173
3 232.70 237.57 243.24 252.45 0.571804
4 322.27 213.99 369.49 237.97 0.571523
4 734.89 79.17 757.71 94.88 0.567934
4 0.09 298.36 25.58 330.21 0.567797
4 438.73 215.93 482.95 237.26 0.563188
4 489.81 285.55 537.31 312.18 0.559140
4 249.46 302.50 266.10 328.87 0.554943
4 458.40 251.19 504.69 276.16 0.553607
4 463.90 262.25 512.12 291.44 0.552994
4 334.59 231.05 382.76 258.41 0.547476
4 708.85 91.15 725.50 104.25 0.544089
3 177.17 236.64 186.24 249.67 0.539031
4 498.90 299.21 545.87 327.70 0.536805
4 420.78 198.90 464.63 220.93 0.535915
4 217.44 345.24 237.01 377.63 0.532951
4 88.80 79.14 98.59 92.60 0.529547
3 192.43 239.78 201.82 252.52 0.529252
4 258.59 376.14 287.26 418.83 0.520581
4 341.58 247.54 390.99 267.30 0.515186
4 84.01 99.34 96.54 115.91 0.504650
4 109.90 29.43 120.72 39.44 0.504270
6 734.92 79.31 757.00 94.78 0.493511
4 430.53 207.52 479.01 228.36 0.490516
1 898.57 224.07 906.76 241.03 0.471655
4 53.47 34.21 64.45 44.10 0.467011
4 0.11 110.22 17.12 127.76 0.464252
4 346.04 283.70 392.47 312.76 0.463187
4 99.23 17.51 108.90 26.46 0.457276
9 471.99 121.96 498.27 142.87 0.443622
6 315.11 188.58 360.82 225.94 0.438921
4 231.18 118.02 252.23 130.91 0.435280
4 70.99 210.12 92.16 231.66 0.428383
4 689.80 97.33 705.92 108.16 0.413457
2 752.61 27.41 959.89 109.27 0.413392
4 196.43 54.77 205.84 69.99 0.409420
4 314.27 80.17 335.13 92.38 0.396467
6 303.17 128.97 326.13 149.59 0.381515
1 53.11 311.57 64.28 336.92 0.370722
4 25.12 63.62 38.04 72.69 0.369089
1 880.69 256.09 891.33 273.14 0.361007
1 115.89 200.47 126.25 219.34 0.350426
4 87.72 106.47 97.01 115.86 0.332530
4 135.48 113.43 143.54 127.80 0.331244
4 315.12 186.97 354.68 200.87 0.327900
1 46.59 389.62 58.17 411.60 0.305885
3 117.08 206.41 126.60 218.56 0.302221
5 490.30 285.62 538.02 311.84 0.291537
6 289.62 45.85 334.03 88.69 0.289176
5 303.12 130.25 325.08 148.91 0.287401
5 346.58 283.66 392.01 312.87 0.264962
1 233.86 399.18 246.05 415.89 0.255143
4 20.28 224.09 40.53 244.64 0.251274
4 725.01 76.81 738.16 88.85 0.249062
4 192.90 72.51 200.18 83.25 0.247047
3 844.27 485.48 858.52 512.35 0.241689
3 339.70 306.79 350.52 327.24 0.209028
1 931.08 165.66 938.02 178.93 0.201357
9 118.19 2.26 139.53 14.19 0.194056
4 64.05 243.14 75.58 270.88 0.185960
9 289.87 45.86 333.56 88.97 0.134033
