4 916.27 338.83 1004.33 374.67 0.935109
4 933.43 391.92 1007.30 439.42 0.922157
3 171.08 571.43 216.28 606.86 0.913585
4 196.53 396.72 309.50 442.47 0.902157
4 254.60 483.42 372.14 543.58 0.894782
4 239.88 365.07 335.15 404.71 0.878662
4 1112.01 502.27 1185.40 563.39 0.870624
4 0.33 397.73 105.68 439.33 0.862956
4 75.37 309.19 170.49 342.89 0.846555
4 113.94 277.64 179.89 308.25 0.829840
3 520.93 329.91 552.91 349.24 0.796398
4 242.63 265.17 293.90 295.67 0.752326
5 301.54 231.61 350.62 285.30 0.749438
4 1185.58 326.22 1256.92 363.40 0.725479
4 664.04 135.79 697.32 151.68 0.725281
4 260.55 549.29 339.48 634.80 0.725170
5 829.11 199.92 883.05 265.14 0.717151
4 0.23 308.73 55.33 342.86 0.710463
4 480.82 241.79 516.25 273.87 0.703344
4 654.76 119.78 676.60 135.39 0.701683
7 237.96 296.24 288.52 318.58 0.699375
7 119.96 421.84 191.68 459.66 0.692074
4 542.13 243.15 572.99 273.99 0.657764
4 490.42 140.55 529.99 157.35 0.629214
3 685.36 328.93 711.15 348.49 0.622447
3 685.74 324.75 729.87 348.63 0.620006
3 120.36 424.48 191.17 458.93 0.617868
7 1044.63 328.31 1111.12 365.20 0.614573
4 591.71 243.56 619.21 273.22 0.605890
3 0.24 457.82 61.45 505.94 0.600081
7 181.61 335.33 255.32 366.06 0.597997
4 520.30 169.45 546.93 190.68 0.591043
4 591.92 222.33 619.71 250.63 0.577673
4 341.59 248.70 381.18 285.54 0.573384
4 61.31 288.39 98.57 309.29 0.572409
4 652.82 72.97 663.82 85.75 0.571012
4 555.43 220.25 582.21 248.63 0.562475
4 553.30 203.99 577.74 228.40 0.561773
4 789.49 141.36 811.41 159.16 0.561354
4 525.45 141.81 563.39 164.12 0.555718
4 745.48 93.03 759.32 105.34 0.550995
3 710.24 326.50 730.28 343.68 0.543246
3 113.24 325.26 147.43 350.37 0.537762
4 804.53 152.59 819.44 164.47 0.537374
4 565.61 176.49 588.15 198.97 0.518795
1 976.51 318.81 989.02 342.84 0.517701
4 62.33 279.29 99.03 308.68 0.503468
4 148.70 638.31 228.31 729.66 0.502683
9 584.47 120.86 623.42 158.71 0.496671
4 774.30 108.58 799.71 122.28 0.485303
4 679.99 102.70 689.47 113.86 0.482957
4 564.41 190.79 585.96 214.09 0.481857
4 599.68 202.49 623.53 229.18 0.476834
4 774.11 126.88 794.90 142.64 0.461876
4 474.36 528.87 515.89 562.08 0.455937
1 906.39 227.49 917.62 252.36 0.452545
4 558.36 129.62 575.49 144.75 0.446615
1 797.64 205.29 806.96 228.13 0.444147
5 827.39 138.85 845.61 158.80 0.425354
4 605.43 183.03 623.72 204.36 0.421028
2 190.93 333.50 209.32 357.91 0.418120
4 540.58 151.98 560.28 166.94 0.417648
4 614.36 42.09 630.52 51.86 0.417647
4 827.67 139.48 843.20 158.71 0.416219
4 850.16 43.46 872.60 55.30 0.410206
4 862.37 181.82 885.29 205.73 0.400411
4 606.12 167.11 631.76 198.22 0.400368
1 714.11 313.70 722.71 330.22 0.392020
1 712.87 314.45 723.20 336.15 0.385804
4 760.10 123.92 772.05 135.62 0.377328
1 177.92 560.65 196.42 595.91 0.372840
2 637.13 140.03 645.30 156.88 0.372700
1 334.44 274.98 345.77 304.30 0.364498
2 892.28 219.72 904.06 244.47 0.361328
2 136.55 412.35 155.76 437.87 0.359507
1 893.31 220.87 903.24 243.96 0.359111
3 497.06 199.27 517.31 218.26 0.349570
2 812.13 196.05 821.31 215.31 0.342998
1 529.74 320.93 543.88 345.54 0.342107
1 695.46 320.61 706.07 342.13 0.341615
4 695.28 55.58 702.24 63.46 0.337051
3 967.43 330.04 991.34 344.41 0.336480
4 203.60 274.84 234.83 294.71 0.321714
1 637.36 140.51 644.79 156.85 0.317993
4 531.19 113.38 566.24 125.87 0.311786
4 704.04 41.54 712.93 52.33 0.309271
2 486.14 185.34 496.01 205.21 0.308085
2 218.49 270.47 233.48 302.54 0.303592
1 486.15 186.49 495.26 205.49 0.300738
4 606.83 167.09 626.84 183.13 0.299341
4 62.23 243.13 95.56 267.26 0.297002
2 441.30 243.45 452.50 267.63 0.283711
1 812.14 196.44 821.02 214.93 0.280063
1 352.31 277.09 361.67 298.56 0.271879
2 433.37 216.01 469.02 268.04 0.270361
4 658.58 35.98 668.22 43.54 0.269443
6 0.12 579.71 74.19 641.32 0.269196
2 459.80 224.32 468.91 251.56 0.253111
3 1044.87 339.14 1076.16 363.35 0.250588
1 538.38 184.99 545.34 202.89 0.244561
3 931.29 274.64 941.48 291.72 0.243691
2 120.80 322.92 133.39 346.97 0.221635
4 578.40 108.77 594.07 123.06 0.213055
3 931.79 271.66 955.24 292.30 0.204370
1 151.74 419.53 169.60 454.29 0.201529
1 887.00 225.40 894.01 245.82 0.191839
2 888.21 220.46 917.90 252.68 0.167842
9 470.11 81.99 507.10 109.55 0.145409
2 463.93 224.96 468.69 247.46 0.140651
9 735.07 155.59 746.10 179.67 0.105358
9 831.56 159.57 844.27 186.36 0.100294
