4 159.92 472.76 254.75 531.72 0.775758
4 824.56 148.46 856.83 185.48 0.749572
4 458.26 36.87 483.68 70.11 0.730370
4 648.58 52.63 672.88 86.68 0.722759
4 1101.37 228.21 1148.48 269.52 0.679227
4 613.33 38.77 636.72 72.09 0.667871
4 812.39 229.14 852.16 284.69 0.656216
4 101.54 978.75 155.04 1014.85 0.652928
1 130.83 878.94 180.36 899.23 0.640538
4 550.45 34.58 578.04 71.17 0.634063
5 734.93 522.29 783.28 606.92 0.632925
2 945.40 457.76 964.31 490.59 0.601423
3 949.45 471.34 962.63 491.89 0.583924
1 62.35 499.30 83.69 523.01 0.573826
2 61.16 499.45 82.73 524.49 0.555789
4 521.70 44.91 535.48 65.99 0.549246
6 679.25 145.25 714.27 198.15 0.544309
4 1098.49 186.05 1117.01 222.96 0.536979
1 353.95 740.14 372.03 767.80 0.535419
4 1200.13 375.15 1252.37 412.12 0.533424
5 792.33 517.21 842.95 608.24 0.533388
1 505.62 166.23 519.78 193.35 0.528246
4 734.80 522.34 783.35 606.45 0.512510
2 354.04 739.52 372.25 766.98 0.512206
1 339.91 728.31 355.45 757.47 0.483680
1 498.91 132.15 512.61 157.71 0.429597
2 339.51 728.04 372.26 770.90 0.425724
2 506.15 167.77 520.20 192.97 0.422484
2 339.96 728.54 356.15 757.35 0.419881
1 948.01 458.47 963.08 479.90 0.418400
4 791.84 516.80 842.91 608.45 0.416643
6 688.83 541.78 726.35 622.91 0.406349
3 335.69 744.97 355.43 774.36 0.401087
2 499.52 131.80 513.02 156.78 0.374502
3 56.22 503.51 96.26 527.29 0.360506
2 347.45 758.39 356.62 775.66 0.351664
7 12.75 641.34 58.08 670.78 0.346227
4 564.62 594.68 589.13 608.74 0.336078
1 605.14 335.09 616.94 345.33 0.327473
2 347.55 728.28 357.32 750.88 0.326428
2 0.08 641.18 13.47 666.60 0.318375
4 732.96 0.08 744.14 9.83 0.215470
7 411.15 180.30 427.84 206.90 0.171492
