4 1245.15 151.36 1394.24 208.84 0.914344
4 1265.71 193.38 1399.40 255.53 0.901779
4 919.26 730.09 1045.81 895.50 0.893118
3 1022.38 227.12 1063.39 255.76 0.890835
4 1295.92 230.79 1399.70 309.64 0.879121
1 1089.54 481.12 1129.28 549.64 0.857870
9 127.96 198.26 355.05 396.42 0.852832
4 919.47 729.61 1055.97 981.51 0.841281
4 1212.60 239.41 1317.22 358.82 0.832119
5 1128.90 497.65 1281.72 705.65 0.825656
1 1071.22 448.17 1108.18 507.89 0.821155
4 1127.69 252.62 1220.80 352.03 0.810134
4 1176.99 701.34 1399.29 992.49 0.808324
4 873.41 247.74 953.19 371.35 0.794899
5 1177.51 701.22 1399.63 992.13 0.790836
4 927.23 495.32 1043.14 705.39 0.790423
9 0.50 194.93 196.78 453.87 0.782236
4 705.12 713.48 887.85 1020.02 0.752094
4 1087.01 172.53 1170.79 260.73 0.736126
1 987.02 144.67 1010.84 193.52 0.716195
4 776.16 240.72 845.58 353.23 0.714603
5 1288.99 8.62 1384.79 113.00 0.707813
3 1133.83 103.43 1177.89 133.40 0.696141
4 1042.87 240.81 1131.88 359.41 0.692622
4 777.07 213.17 833.69 247.82 0.679634
1 442.46 537.60 479.13 616.44 0.677122
4 1288.16 9.48 1383.13 112.45 0.675534
4 141.98 3.78 230.33 59.21 0.675278
5 951.43 207.34 1043.26 355.79 0.667456
4 859.11 158.55 926.48 248.46 0.652388
4 951.75 206.81 1042.71 355.62 0.626520
7 563.56 523.87 604.12 599.79 0.608081
4 1318.96 705.66 1399.69 911.36 0.577149
4 1327.26 496.67 1399.81 648.02 0.552884
1 1268.21 126.59 1290.28 160.60 0.501853
5 1228.42 16.86 1295.71 107.54 0.493981
4 859.11 159.12 895.83 248.86 0.491101
4 361.45 8.23 421.97 45.05 0.417362
4 382.91 209.01 402.32 261.82 0.386312
4 872.60 249.46 895.90 367.62 0.371207
4 142.15 6.61 188.31 46.91 0.360877
7 829.25 86.39 870.07 114.02 0.216801
3 712.14 128.63 731.68 178.97 0.174427
10 566.64 523.08 603.77 557.03 0.169296
7 799.22 101.35 832.76 127.81 0.152107
