4 1374.93 978.73 1530.91 1079.65 0.949967
4 1147.38 877.83 1263.00 990.57 0.939445
4 1022.18 597.23 1084.67 650.41 0.922748
4 904.04 529.30 951.32 570.58 0.899045
4 509.62 212.25 539.94 221.61 0.790991
4 962.76 447.02 1001.06 482.50 0.757351
4 856.05 363.87 879.80 384.87 0.752780
4 961.29 401.46 989.27 426.78 0.744206
4 858.95 398.94 889.05 427.30 0.743828
4 782.74 268.24 799.15 282.72 0.722707
4 949.22 352.02 975.96 373.60 0.693001
4 914.50 393.94 943.51 418.78 0.678632
4 184.81 217.86 228.12 227.62 0.671710
4 911.28 377.41 938.07 400.25 0.662880
4 760.83 256.42 781.22 267.16 0.648377
4 899.21 360.37 924.45 382.76 0.635073
4 1149.78 877.69 1229.17 895.65 0.634852
4 926.26 339.61 945.84 358.02 0.613877
4 839.71 284.64 854.08 297.55 0.592097
4 883.14 324.71 901.21 345.07 0.563006
6 898.95 285.06 927.70 318.16 0.560048
4 834.48 271.92 851.20 287.44 0.544977
4 955.94 374.20 968.27 390.85 0.537006
4 793.16 249.92 809.92 262.28 0.518324
4 881.29 308.60 900.73 326.13 0.518280
4 837.63 249.04 852.73 261.36 0.517236
6 734.35 225.01 936.26 267.45 0.509768
4 289.98 216.28 325.75 224.70 0.507520
4 910.90 319.63 930.44 333.77 0.492197
4 866.32 284.77 881.84 300.99 0.482888
4 835.14 272.12 848.73 285.27 0.474319
4 858.39 268.94 873.24 282.54 0.469455
4 874.75 297.92 892.52 314.78 0.456877
4 484.78 213.08 507.81 221.56 0.455070
4 1279.69 213.32 1299.80 221.57 0.431612
4 897.40 339.54 927.09 360.10 0.407731
4 1000.50 208.56 1025.23 217.70 0.394969
4 954.60 240.14 972.04 251.61 0.389355
4 749.24 277.75 764.62 287.72 0.383510
9 792.22 194.63 813.17 205.92 0.352695
4 757.04 327.44 774.13 337.79 0.323149
1 1129.38 488.61 1137.80 506.59 0.305676
4 884.75 327.64 895.84 345.79 0.298964
6 1847.22 296.70 1919.76 329.29 0.298666
9 822.18 195.23 842.67 204.84 0.290914
4 872.82 298.02 889.51 313.21 0.285704
1 753.42 290.75 759.68 304.27 0.283330
6 880.96 234.54 895.93 268.53 0.269536
4 939.42 323.51 952.94 336.19 0.265821
9 367.24 197.64 406.25 208.31 0.254735
6 820.05 247.51 853.18 262.10 0.253258
6 744.42 246.87 781.54 268.41 0.248560
9 1752.01 284.04 1877.02 318.88 0.248018
9 1634.24 289.85 1770.72 322.85 0.243201
4 1291.62 316.23 1305.45 327.89 0.237413
4 987.38 241.14 1009.12 254.57 0.233385
4 1787.18 323.10 1822.82 338.64 0.214561
1 956.37 374.79 968.81 397.34 0.211309
6 819.49 246.64 832.00 263.59 0.203474
9 855.45 219.89 870.02 227.99 0.173592
9 1251.63 213.78 1303.21 242.50 0.151316
