2 353.22 830.97 389.81 879.57 0.845722
2 968.29 172.29 989.12 217.84 0.748226
2 904.42 169.72 924.90 213.60 0.721982
2 772.70 93.73 791.38 131.60 0.661985
2 736.00 91.17 752.00 134.11 0.616325
2 161.84 408.97 190.71 462.88 0.580868
2 541.42 230.55 571.03 284.85 0.576377
2 794.54 102.05 808.16 144.89 0.558357
2 626.63 91.35 646.86 136.02 0.549143
2 645.39 109.00 660.99 137.13 0.542362
2 1336.30 45.33 1359.40 79.09 0.525111
2 130.28 396.08 165.68 445.84 0.511985
2 0.16 926.43 59.58 974.58 0.499828
2 398.66 189.83 420.62 233.38 0.471461
2 1311.59 108.27 1350.26 160.01 0.462154
2 51.25 358.13 88.73 419.23 0.430216
2 376.07 188.10 395.27 222.39 0.417570
2 80.25 367.38 120.68 429.58 0.398941
2 399.25 85.45 417.50 122.70 0.364864
2 416.78 226.20 445.65 280.78 0.350183
2 517.63 989.40 562.35 1027.79 0.347904
2 1298.33 14.95 1324.34 53.81 0.324995
2 331.69 16.76 348.28 59.06 0.317332
2 923.71 40.42 946.32 73.80 0.306920
2 369.99 234.99 398.39 278.94 0.274927
2 49.91 354.19 199.05 465.40 0.272314
2 1292.75 154.08 1337.73 182.56 0.250517
2 371.53 295.74 399.96 351.29 0.248047
2 1330.74 0.00 1352.59 20.05 0.227798
2 392.25 301.57 421.99 357.18 0.207690
2 1316.95 45.69 1360.25 93.77 0.187934
2 382.59 264.89 442.90 332.50 0.157833
2 367.43 187.05 453.43 361.79 0.111831
