2 818.71 482.53 831.38 510.18 0.785756
2 756.59 772.25 773.20 787.65 0.747617
2 714.01 243.99 725.75 272.99 0.745438
2 825.03 672.34 840.36 703.48 0.720678
2 741.22 771.49 757.71 787.81 0.719219
4 139.02 25.12 207.87 95.62 0.690453
2 675.57 33.19 694.48 56.05 0.674304
2 507.48 597.46 518.20 621.29 0.670033
2 583.44 502.77 600.96 537.59 0.636500
4 0.07 162.56 50.28 251.56 0.608122
2 685.21 202.33 699.82 225.36 0.564418
2 592.85 0.00 602.14 12.71 0.559314
2 679.97 152.22 694.94 172.53 0.537717
4 71.69 242.16 185.61 336.23 0.524016
2 670.12 2.08 681.22 23.21 0.518697
6 71.19 107.66 233.23 336.59 0.510158
2 844.71 628.14 853.64 646.26 0.506842
2 604.03 169.80 616.87 184.20 0.483326
2 395.65 98.62 407.17 123.40 0.481435
2 616.75 22.41 635.20 41.80 0.479063
2 583.89 169.49 620.12 198.72 0.445020
2 433.29 167.67 445.38 189.74 0.433129
2 637.56 23.69 650.92 43.34 0.415736
2 619.07 22.71 633.09 40.08 0.415021
2 677.66 116.42 696.38 147.33 0.413460
6 125.15 108.24 232.54 286.23 0.410450
2 856.17 654.14 868.75 672.93 0.375150
2 304.76 328.19 316.89 355.72 0.349230
4 352.23 252.14 391.40 290.59 0.334479
2 349.86 265.37 362.02 291.56 0.326862
2 851.37 670.47 860.66 695.12 0.295183
2 111.40 280.76 127.51 297.85 0.289796
2 616.47 22.33 651.54 43.74 0.269808
2 779.35 181.72 788.88 197.46 0.255546
2 592.43 179.25 605.66 198.22 0.236698
2 417.30 52.17 428.43 74.83 0.233962
2 776.26 181.64 783.51 198.77 0.198225
2 292.24 327.81 307.46 354.34 0.194132
2 772.65 162.04 779.82 179.06 0.180342
2 374.81 24.72 389.92 52.80 0.137046
