4 799.08 577.61 1032.78 764.34 0.930547
4 799.49 577.18 895.75 716.06 0.923194
3 3.08 328.60 90.79 369.86 0.868707
4 640.82 170.07 703.00 243.31 0.847241
4 831.20 312.60 936.81 413.89 0.839669
4 822.54 228.69 894.81 300.15 0.837725
4 587.76 383.63 679.81 523.14 0.823721
3 554.61 256.27 576.78 293.12 0.813940
4 738.19 78.53 783.30 122.18 0.812677
2 1319.00 443.31 1353.97 480.06 0.809702
4 777.83 153.32 838.26 211.30 0.801086
3 531.90 322.37 557.25 368.75 0.785706
1 1318.96 443.51 1354.87 480.38 0.770725
1 1333.76 295.82 1359.76 355.28 0.755319
4 595.81 267.40 669.99 367.69 0.753132
4 331.97 219.17 428.39 275.16 0.712882
2 554.44 232.53 578.76 278.03 0.710092
3 602.89 72.13 615.12 98.41 0.704382
4 737.36 11.98 779.08 52.01 0.702491
3 458.44 282.54 488.24 326.75 0.666510
4 728.78 0.00 759.42 10.87 0.662879
4 673.26 0.00 701.58 7.55 0.652031
4 824.38 0.00 866.29 17.13 0.649624
4 866.81 12.44 902.15 42.99 0.639393
1 928.42 236.82 947.16 288.81 0.638698
1 38.21 382.75 81.98 449.73 0.623642
5 512.24 97.03 570.86 179.12 0.622833
4 604.71 0.01 628.50 26.27 0.607816
2 1107.71 400.52 1135.28 460.43 0.593319
2 929.16 236.50 947.50 289.02 0.589686
4 856.45 155.63 883.10 209.71 0.566160
4 311.47 209.03 402.41 252.25 0.527427
1 453.67 328.23 473.50 398.49 0.521640
2 951.21 181.53 968.19 218.89 0.514274
2 602.61 58.24 616.56 88.55 0.514020
1 1107.89 400.65 1135.46 460.38 0.507426
2 453.83 328.38 474.95 399.59 0.501040
4 278.93 209.06 428.12 292.57 0.483232
2 399.16 278.29 424.16 355.79 0.465620
2 1119.31 426.66 1156.05 493.94 0.463756
1 950.98 180.26 968.93 219.83 0.454978
3 1004.01 210.30 1025.98 244.30 0.451473
3 974.50 209.58 999.45 240.75 0.438483
3 789.64 12.21 800.81 29.08 0.432846
4 1127.94 0.00 1172.90 23.63 0.432231
3 974.43 210.32 1024.87 243.32 0.407228
5 915.06 155.25 948.93 212.89 0.401479
4 0.08 713.97 34.27 764.59 0.400158
3 929.35 206.40 942.53 225.51 0.383533
4 278.91 240.64 338.44 292.17 0.380498
2 937.48 131.72 950.16 157.51 0.375047
3 929.38 183.29 952.59 225.56 0.369988
4 942.72 172.27 976.02 200.63 0.359153
2 991.63 131.84 1007.70 171.47 0.346328
9 973.28 171.14 1018.95 200.20 0.335137
9 1004.74 94.01 1122.09 213.44 0.316293
7 565.77 38.91 588.75 70.49 0.310408
4 546.56 13.53 566.10 35.37 0.304380
4 990.31 0.32 1011.83 19.85 0.298546
4 914.40 155.90 948.76 211.81 0.297938
4 989.97 0.83 1012.33 29.94 0.295688
2 789.69 1.26 801.20 29.84 0.291103
2 978.69 136.14 989.97 171.84 0.284792
2 69.93 233.61 92.58 272.96 0.261862
2 1033.15 58.63 1051.07 95.58 0.248854
1 1032.79 58.88 1051.47 96.09 0.230489
2 1129.25 429.30 1155.92 494.06 0.206226
2 962.30 131.34 974.61 164.17 0.202451
2 967.03 121.55 979.42 145.57 0.183578
2 932.47 68.82 943.62 91.78 0.182111
9 1057.40 157.11 1089.37 214.91 0.173428
2 542.13 296.31 558.90 354.45 0.169437
3 566.62 50.11 578.47 72.05 0.167404
2 973.54 48.51 985.00 70.39 0.165251
3 1004.72 213.76 1035.30 263.92 0.153126
2 464.05 330.88 473.92 385.10 0.119977
