4 87.79 714.59 180.51 751.23 0.817878
4 190.78 556.52 264.12 587.22 0.808086
4 110.54 680.72 192.74 716.89 0.807239
4 128.72 646.80 207.55 680.91 0.806216
4 81.07 751.60 167.05 787.31 0.799290
4 185.88 583.99 259.49 617.55 0.794873
4 586.37 373.55 645.14 424.52 0.790902
4 184.99 613.12 255.91 651.63 0.787260
4 687.96 354.79 747.65 404.37 0.784782
4 641.05 428.67 707.13 480.23 0.773191
4 688.90 402.20 748.06 451.17 0.772955
4 1203.32 726.90 1275.62 786.84 0.771777
4 1156.94 652.28 1237.77 718.77 0.769944
5 1081.91 649.98 1170.62 726.86 0.765918
4 975.78 640.95 1055.74 710.30 0.742983
4 623.65 354.91 671.83 399.70 0.729160
5 924.97 498.26 996.52 561.75 0.719215
4 757.16 395.35 823.51 454.70 0.708879
5 1007.29 547.02 1086.54 616.71 0.706856
4 964.39 573.75 1048.32 644.75 0.705658
4 894.02 582.01 970.16 647.25 0.697944
4 729.39 470.21 799.34 534.24 0.687040
4 814.18 533.41 878.09 581.41 0.683307
4 445.45 216.40 480.40 260.22 0.679693
4 750.57 536.01 830.66 607.21 0.678350
4 1081.84 649.67 1170.18 727.21 0.673406
6 751.08 438.12 847.45 514.73 0.671089
4 1301.33 744.03 1372.69 787.36 0.657594
4 813.65 533.52 886.44 594.90 0.629000
4 172.08 736.00 223.18 787.26 0.616676
4 558.60 298.94 615.30 354.75 0.600036
4 1007.50 546.75 1086.35 616.78 0.594060
4 431.78 162.76 461.40 208.30 0.582096
5 854.55 500.20 925.43 566.04 0.579555
5 470.73 251.79 591.48 379.78 0.574302
4 925.38 497.51 995.82 561.51 0.573950
4 194.71 667.38 240.47 731.38 0.564264
4 425.88 101.68 455.80 150.89 0.555940
6 637.58 0.02 895.74 378.76 0.518597
4 510.84 507.34 544.13 573.43 0.513020
1 606.77 68.32 615.54 86.24 0.512748
4 853.61 560.98 886.66 594.63 0.510832
4 0.81 135.53 28.98 161.70 0.506943
4 0.11 136.98 29.52 174.75 0.499400
4 465.69 503.34 503.44 575.73 0.443002
6 682.54 172.70 773.03 312.09 0.394103
6 1212.57 473.28 1399.37 631.23 0.373623
6 1067.64 692.50 1174.93 783.30 0.369564
1 830.17 400.31 840.86 414.40 0.359588
4 0.12 140.58 18.46 173.03 0.336090
4 588.21 135.45 620.31 158.21 0.321173
1 599.98 767.77 615.86 786.63 0.320165
1 584.20 71.82 593.12 90.74 0.301208
4 550.77 512.43 576.35 561.24 0.283390
6 805.32 252.64 926.82 379.68 0.274299
4 1241.41 577.74 1286.30 612.42 0.252219
3 822.61 397.40 846.27 428.18 0.185423
