1 1647.71 1401.06 1694.81 1476.82 0.908594
2 1286.37 1459.73 1333.95 1499.20 0.885870
4 1294.26 1047.69 1446.04 1229.50 0.884746
4 951.95 456.33 985.18 492.44 0.861644
4 844.52 484.70 917.27 526.94 0.852769
6 776.37 1301.02 895.78 1423.11 0.822369
5 1294.24 1046.41 1445.57 1229.41 0.814657
1 1082.39 1143.28 1121.61 1217.22 0.807234
5 1138.90 687.62 1207.62 774.81 0.804427
2 1572.67 1365.80 1619.29 1437.83 0.783490
2 1577.93 1365.50 1619.32 1418.76 0.772049
4 843.55 484.36 894.63 526.06 0.766502
4 818.84 567.54 895.53 619.38 0.748548
4 935.17 418.47 967.42 454.71 0.745905
4 978.28 422.11 1011.62 451.82 0.741837
3 1166.78 887.14 1187.17 924.92 0.740594
4 1294.50 1048.68 1404.08 1115.00 0.714784
6 1192.69 743.97 1281.37 833.47 0.710643
1 1070.72 637.06 1091.04 678.51 0.708973
4 906.36 294.06 925.77 312.28 0.708397
4 896.20 447.11 919.12 469.97 0.708260
2 1594.10 1335.06 1631.15 1408.82 0.702314
5 826.78 566.30 910.94 619.62 0.695448
4 976.57 384.79 1003.65 411.42 0.660842
4 894.66 410.86 920.48 444.21 0.657842
2 486.34 1381.98 504.10 1419.18 0.651722
1 934.49 1091.17 958.04 1149.77 0.630908
4 744.60 285.74 767.21 301.03 0.626660
7 1285.37 980.28 1349.63 1041.06 0.622423
7 1221.08 856.64 1274.33 895.51 0.618456
1 1020.93 874.59 1044.59 895.64 0.614103
4 823.98 318.57 844.45 341.64 0.606354
4 954.79 322.44 979.78 344.46 0.597901
4 885.60 236.25 902.67 252.63 0.595695
7 776.07 1036.40 925.55 1426.34 0.579797
2 937.56 1142.54 954.19 1182.96 0.572963
4 1019.26 434.97 1046.33 454.76 0.564129
2 1070.09 636.94 1090.26 677.80 0.562497
2 471.80 1380.26 488.95 1416.86 0.561533
2 1167.48 872.19 1187.60 895.14 0.556703
4 1012.70 411.77 1032.24 430.96 0.553936
4 833.64 339.36 870.23 368.77 0.543385
4 822.52 399.75 841.19 421.13 0.540379
4 914.22 232.99 929.37 249.77 0.526257
3 1099.60 604.01 1121.83 623.95 0.520971
6 1057.61 535.26 1115.22 610.50 0.517240
4 826.86 450.57 858.18 491.50 0.507541
3 1187.33 867.55 1211.83 898.29 0.506378
3 1099.52 588.68 1125.12 624.61 0.489715
2 470.74 1379.92 505.04 1422.76 0.489703
6 946.40 728.03 1012.84 823.82 0.481239
4 1072.36 499.27 1093.74 520.92 0.474018
1 1011.84 708.06 1027.52 753.39 0.469021
3 1183.97 858.38 1210.45 898.44 0.466496
7 945.28 727.11 1012.14 820.81 0.462186
4 1070.48 603.94 1121.11 611.77 0.460725
7 1173.61 816.69 1275.67 895.54 0.460059
2 1165.83 872.86 1186.44 924.64 0.446003
4 766.78 275.35 800.67 291.44 0.426623
2 1180.60 825.67 1210.46 893.91 0.423793
4 915.22 237.14 928.40 251.51 0.421052
4 1020.09 441.53 1055.11 478.13 0.420112
2 1002.13 634.61 1019.78 677.83 0.413257
4 891.73 198.98 904.15 210.42 0.412340
4 834.48 292.22 853.25 310.74 0.409087
4 1604.12 879.35 1640.39 895.62 0.404456
2 1104.16 587.72 1126.10 623.01 0.394448
4 505.77 263.61 525.28 276.83 0.391332
4 955.75 333.72 974.63 344.97 0.384706
4 523.52 264.12 541.85 277.72 0.383421
4 1029.63 480.63 1072.25 523.29 0.382276
2 1103.98 1144.52 1120.56 1188.10 0.382179
3 1278.83 1440.94 1299.90 1499.20 0.377670
4 1103.97 585.98 1116.50 607.64 0.364743
2 1010.19 707.54 1027.37 750.71 0.362258
1 1003.78 636.25 1017.77 676.02 0.361544
6 794.20 280.51 825.68 308.63 0.359753
2 963.47 634.32 980.95 678.92 0.352713
4 1030.04 479.90 1058.43 506.15 0.347918
6 1068.71 534.34 1102.34 583.82 0.335254
2 1022.84 873.85 1043.46 908.82 0.327910
6 1138.45 686.81 1282.41 835.43 0.326330
1 840.89 424.50 852.04 449.56 0.324194
4 1015.30 411.97 1031.31 424.83 0.323751
4 547.39 239.22 563.48 252.67 0.316435
3 1010.28 466.01 1029.33 483.14 0.311025
5 812.49 287.59 845.08 309.09 0.307798
4 939.56 659.20 952.17 673.73 0.304806
2 1027.43 898.40 1049.44 955.19 0.291283
3 955.97 604.85 976.03 631.61 0.285263
1 981.40 646.06 995.67 688.97 0.285107
5 794.91 280.81 823.49 304.16 0.285100
2 982.72 645.68 1001.31 683.57 0.284490
9 586.07 250.27 745.51 302.86 0.280632
4 651.54 187.15 663.65 196.74 0.279732
2 825.71 399.53 837.49 419.79 0.275654
7 1381.99 994.15 1438.58 1059.39 0.275382
6 1018.41 435.50 1054.25 480.98 0.267796
7 834.48 337.59 869.28 369.14 0.267541
4 906.57 224.35 921.71 238.85 0.265176
2 1604.95 793.10 1640.37 823.91 0.260053
4 874.83 480.81 894.77 493.95 0.257931
2 1594.53 1340.71 1611.86 1377.06 0.255833
7 943.20 645.96 971.08 681.99 0.255069
4 881.64 174.90 890.71 184.64 0.245969
4 875.42 205.39 886.44 216.82 0.243593
4 1038.72 493.09 1070.65 526.84 0.242546
2 966.91 634.71 1017.98 683.83 0.239834
3 991.71 656.01 1007.22 678.92 0.237339
2 1239.87 890.38 1256.46 935.24 0.236894
4 1063.99 494.51 1092.32 517.44 0.234370
2 968.83 349.54 976.10 372.12 0.233521
4 716.16 288.20 737.89 302.16 0.233266
3 1380.87 627.41 1407.40 664.74 0.232055
4 1077.79 499.57 1096.11 519.25 0.230324
2 1183.40 824.45 1200.75 851.59 0.221668
10 0.00 568.80 16.15 590.67 0.211820
2 993.79 736.03 1009.93 761.39 0.207982
2 967.74 634.00 980.18 670.56 0.203213
2 1274.42 854.02 1295.66 895.28 0.199039
3 1006.19 767.52 1022.35 805.28 0.194082
9 834.52 296.65 854.87 334.61 0.184703
2 1028.36 483.11 1039.85 512.16 0.169534
