6 1141.26 786.59 1272.24 837.87 0.958711
4 711.64 815.26 777.06 838.88 0.953258
5 1317.68 1250.20 1527.85 1327.04 0.953133
4 1865.67 1361.24 1999.50 1499.13 0.952490
5 1616.00 1189.08 1803.24 1293.66 0.952270
5 1233.47 1206.86 1407.70 1318.30 0.949867
4 1069.71 1004.11 1164.30 1065.84 0.949268
4 825.83 865.78 910.26 899.15 0.941324
4 934.53 886.05 1007.24 921.91 0.941119
4 975.53 839.70 1049.52 872.08 0.935663
4 1177.20 846.83 1258.39 873.52 0.934131
5 1791.51 1277.14 1999.34 1406.48 0.933215
4 517.92 815.90 580.78 838.71 0.932765
4 748.17 867.86 825.52 906.72 0.930925
4 1076.07 862.81 1167.83 906.57 0.927240
5 1868.20 1210.92 1999.62 1304.65 0.924298
4 1791.76 1279.17 1999.70 1409.57 0.922583
5 759.81 1093.14 895.79 1176.33 0.913895
4 1104.04 1003.13 1164.09 1068.57 0.903357
4 797.99 958.02 916.40 1007.99 0.893088
1 1788.29 1223.60 1825.50 1280.77 0.888250
4 747.95 867.81 830.45 895.72 0.871978
4 1075.27 873.20 1161.42 906.19 0.870388
4 1045.31 915.51 1099.48 967.15 0.866230
4 699.20 879.58 718.26 901.57 0.862107
4 341.85 746.27 378.10 759.79 0.858145
1 1948.17 1337.77 1977.53 1368.05 0.856278
6 831.85 801.52 1077.79 852.26 0.855909
4 1246.80 867.78 1344.41 906.89 0.852291
4 772.17 985.89 893.12 1032.49 0.841259
5 1128.82 1202.59 1214.50 1339.92 0.836769
3 646.53 1126.69 669.11 1186.39 0.833700
4 1047.89 882.21 1087.94 919.44 0.832505
4 1112.03 862.87 1168.56 889.70 0.829083
4 1246.79 870.42 1315.15 903.99 0.815438
5 1077.53 1054.99 1148.27 1142.60 0.806792
5 1164.11 864.77 1244.06 895.75 0.799766
6 1187.41 917.23 1313.08 997.24 0.792459
1 1234.04 1137.87 1264.73 1199.62 0.786070
3 1019.99 950.50 1036.82 976.99 0.783281
1 1401.87 1142.36 1430.49 1196.13 0.780317
4 1162.72 865.88 1245.41 905.07 0.774262
4 1305.53 868.48 1347.55 888.64 0.772615
4 814.74 818.72 838.24 838.38 0.745935
1 1345.48 1159.77 1372.25 1210.60 0.745390
4 932.75 885.85 988.30 895.98 0.743703
4 1104.12 1055.17 1149.13 1142.53 0.741819
4 819.95 952.31 933.96 991.16 0.733438
7 1606.14 1281.68 1686.86 1372.73 0.727700
7 1775.66 1268.39 1862.34 1322.96 0.725656
4 1071.63 941.45 1121.92 1003.50 0.724982
6 1234.44 950.37 1495.31 1018.72 0.717448
1 1069.30 1192.23 1099.55 1267.36 0.708900
5 1301.21 1317.98 1611.73 1499.38 0.708563
6 832.39 800.17 936.14 852.14 0.705724
6 783.70 1007.44 942.77 1121.29 0.696551
4 1626.56 733.50 1662.84 749.00 0.689561
4 1115.80 862.59 1166.33 883.44 0.682040
4 663.45 752.59 699.37 765.91 0.680109
1 979.22 1235.25 1014.00 1321.74 0.671712
1 782.93 1155.42 813.91 1175.77 0.665783
1 1021.26 1176.28 1053.74 1253.66 0.645802
1 1278.00 1077.62 1304.29 1109.93 0.641330
10 911.89 1319.65 946.04 1358.82 0.628716
6 833.40 799.99 895.55 850.93 0.624182
4 658.11 751.90 698.96 769.35 0.597699
1 994.71 1077.66 1021.80 1140.83 0.595859
1 990.52 1031.13 1013.72 1080.56 0.587771
4 1048.11 882.39 1082.22 895.75 0.586623
7 905.31 1268.23 969.42 1359.14 0.582227
1 984.12 1171.44 1013.95 1243.31 0.577380
3 840.16 1173.72 854.33 1188.17 0.573038
9 845.87 888.06 939.67 933.44 0.572237
6 832.95 800.41 872.82 849.58 0.558515
6 1234.46 952.66 1337.60 1018.70 0.547175
2 983.33 1176.22 1014.91 1239.71 0.545740
3 451.55 822.45 510.36 847.36 0.531149
4 828.36 888.60 939.78 940.33 0.519035
1 936.91 1119.06 957.68 1179.49 0.507425
1 1393.80 1070.10 1414.88 1106.95 0.490986
1 1390.65 913.70 1405.96 950.92 0.471383
4 321.86 635.45 344.15 642.46 0.471297
3 1260.91 1149.85 1284.86 1209.26 0.465335
2 1265.29 1102.70 1294.23 1130.47 0.461075
4 316.96 748.52 344.67 765.84 0.416476
7 1497.13 1102.68 1533.45 1134.81 0.402970
1 1003.63 1130.32 1027.95 1188.38 0.399107
1 929.63 1115.73 957.65 1181.72 0.395423
2 1267.53 1098.57 1297.38 1159.00 0.386764
4 1104.07 956.22 1119.45 1003.18 0.383960
2 907.55 1282.90 931.90 1321.14 0.367979
3 1093.28 1213.36 1113.50 1257.44 0.363686
3 1330.49 1172.35 1350.89 1202.58 0.362696
4 822.53 934.64 850.13 955.76 0.344224
1 983.99 1069.99 1002.13 1129.90 0.343815
1 1038.40 1070.01 1051.79 1101.14 0.336748
2 981.14 1063.50 1000.73 1131.04 0.316012
1 895.63 1190.28 918.90 1262.03 0.296127
2 996.56 1161.26 1020.49 1233.13 0.282940
2 1262.27 1149.50 1287.85 1202.84 0.279782
3 699.32 910.01 712.22 949.18 0.276528
2 1145.37 801.39 1164.90 820.82 0.263662
