4 642.17 596.05 665.68 648.27 0.695999
4 796.61 66.78 841.54 101.07 0.643589
4 1326.28 298.08 1355.20 348.10 0.632148
4 454.61 269.19 502.14 311.60 0.595833
4 551.92 337.79 575.54 377.41 0.548917
4 15.61 693.64 39.64 705.29 0.532622
4 483.90 676.34 531.32 724.85 0.532430
4 464.03 389.58 482.50 440.35 0.531013
4 667.57 0.30 686.87 22.81 0.527647
4 794.11 203.96 829.66 254.02 0.520533
4 1253.35 735.34 1308.61 759.10 0.519081
4 530.29 624.88 555.68 684.23 0.516846
4 472.07 7.44 510.64 47.32 0.516609
4 1282.59 418.42 1332.87 453.33 0.516457
4 795.01 31.19 834.83 65.11 0.510457
4 461.37 315.56 491.29 357.50 0.502150
1 561.94 509.92 572.27 530.30 0.489736
4 1250.81 295.62 1276.73 342.30 0.485485
4 1189.68 290.41 1217.16 339.91 0.474974
5 483.65 676.41 530.64 725.42 0.474906
4 836.40 332.74 862.05 382.05 0.471844
4 1058.19 162.45 1083.02 192.41 0.471222
4 452.68 546.52 487.94 602.83 0.455973
4 1210.74 421.03 1261.19 455.62 0.444675
4 1222.31 294.66 1249.55 342.27 0.440675
2 562.14 510.09 572.66 531.04 0.439080
4 793.43 262.17 833.69 303.93 0.432894
4 830.13 725.78 852.81 764.49 0.431222
4 1055.75 210.04 1090.09 263.50 0.417129
1 757.76 419.52 768.78 440.57 0.352472
2 758.28 419.34 768.18 440.75 0.331699
4 475.84 105.88 497.38 152.39 0.303529
4 464.04 544.95 487.93 602.45 0.298606
4 995.26 0.08 1021.94 24.89 0.281916
4 786.93 335.54 811.11 386.28 0.279755
5 1212.33 421.96 1261.51 455.45 0.258355
4 1171.60 0.06 1194.24 18.73 0.248390
3 1174.39 430.44 1192.95 460.79 0.235435
10 431.50 613.14 455.61 665.01 0.227561
2 589.59 197.60 598.60 214.82 0.221759
4 1226.84 0.00 1249.81 16.33 0.207197
5 475.85 105.97 497.73 152.24 0.206850
5 793.45 261.69 833.76 303.91 0.206008
4 1201.98 0.00 1224.84 15.42 0.197983
4 314.06 594.08 329.50 626.68 0.193968
2 577.73 137.77 586.17 156.03 0.193091
4 1067.58 3.58 1094.69 37.43 0.165008
4 800.44 121.44 817.87 145.21 0.160031
3 1069.46 242.41 1089.12 282.08 0.147176
5 6.41 40.71 34.42 85.47 0.142820
4 0.04 122.74 17.43 174.06 0.133232
