4 1777.30 569.63 1889.80 611.04 0.969860
4 1665.52 549.64 1757.88 594.35 0.954017
4 1450.39 488.64 1533.70 530.66 0.951543
4 159.39 543.21 275.73 589.73 0.947890
4 1210.95 422.61 1291.09 456.02 0.942897
4 327.92 498.17 433.36 544.91 0.942724
4 1455.78 758.87 1530.17 828.59 0.940673
4 533.27 441.99 619.50 482.03 0.934696
4 1535.34 519.18 1639.10 564.67 0.933431
2 1820.05 1049.71 1849.99 1099.26 0.927084
4 707.13 403.61 787.28 443.39 0.926206
4 567.66 1122.52 705.70 1265.92 0.922392
4 45.25 522.47 148.59 563.13 0.898587
2 1306.66 975.77 1336.61 1028.17 0.896344
4 621.03 418.83 696.21 461.07 0.892812
4 1534.77 517.64 1611.75 563.46 0.884677
4 826.54 910.96 977.19 991.33 0.883773
5 1285.19 429.70 1369.87 476.34 0.837380
4 1286.55 430.41 1369.82 476.15 0.812882
4 1742.35 817.88 1803.31 870.81 0.799495
4 850.24 293.57 881.40 322.83 0.791907
4 826.14 910.68 895.67 985.87 0.791750
4 0.16 525.48 38.34 559.22 0.780354
4 828.81 313.55 860.56 346.16 0.758668
3 699.97 433.45 730.18 456.02 0.753316
1 1308.86 974.44 1337.06 1026.81 0.723862
2 710.93 1319.62 738.49 1384.00 0.715099
4 331.25 1003.79 448.29 1117.63 0.708399
4 142.66 872.43 256.40 921.39 0.681412
1 1820.19 1050.29 1852.77 1102.44 0.641773
2 1301.08 976.42 1317.97 1026.47 0.562029
4 133.34 845.52 188.79 879.28 0.549352
4 1374.45 1192.95 1431.96 1238.56 0.521221
4 834.65 278.85 846.90 294.08 0.518247
3 1152.05 385.15 1175.52 405.72 0.485332
1 1516.24 435.21 1535.51 469.89 0.449119
1 1894.55 169.13 1927.76 218.39 0.438416
3 795.58 655.16 814.62 673.46 0.429458
3 1305.19 1003.59 1328.74 1029.63 0.403444
3 501.03 451.03 530.80 473.34 0.389052
4 1187.73 616.76 1219.71 653.37 0.371580
3 1953.94 572.68 1996.71 599.44 0.366907
4 325.92 977.86 448.69 1145.61 0.359092
4 1074.03 150.04 1100.46 171.38 0.354627
6 1160.12 98.33 1192.37 116.43 0.326560
9 658.39 369.04 727.76 420.51 0.322327
4 1191.22 97.73 1217.39 112.27 0.312072
3 817.21 592.39 830.59 607.65 0.285609
2 719.11 1332.99 735.96 1370.46 0.278389
3 1147.22 667.16 1164.79 681.66 0.273664
1 1140.45 579.79 1155.46 615.42 0.259521
2 1863.13 155.38 1927.72 219.29 0.251924
6 659.51 368.80 726.53 419.68 0.234965
2 1862.96 148.30 1893.12 195.20 0.222019
6 1511.88 361.55 1560.40 391.88 0.217255
4 1293.19 28.68 1309.18 43.46 0.214639
4 885.01 296.28 895.53 329.51 0.211289
10 948.98 387.84 1024.60 490.47 0.207457
4 1208.57 90.24 1228.62 103.21 0.192592
4 1241.74 39.56 1262.00 52.65 0.185255
4 0.60 316.38 48.76 386.90 0.122428
9 1159.56 97.74 1217.32 128.51 0.111662
