4 276.61 510.97 364.02 539.84 0.903134
4 92.91 386.98 167.36 427.42 0.876468
4 112.61 520.36 183.35 539.54 0.868043
4 95.89 451.22 178.87 501.30 0.849482
2 274.62 267.05 676.89 515.01 0.847250
4 194.53 356.43 255.32 399.34 0.816367
4 76.92 489.46 167.87 539.44 0.754190
4 240.18 427.78 296.20 484.36 0.722481
4 709.57 238.45 760.52 264.74 0.706639
4 631.47 222.07 668.67 242.50 0.694740
4 647.39 262.01 705.80 292.70 0.682816
9 390.95 283.28 435.80 321.45 0.681046
1 168.75 392.62 182.84 416.10 0.650352
5 730.50 152.33 766.73 178.90 0.639105
2 1.60 49.07 958.69 538.41 0.629889
4 679.44 248.89 729.53 279.93 0.608526
4 31.17 321.23 60.67 343.45 0.582456
2 739.73 55.97 959.08 198.82 0.566135
6 80.80 333.85 125.43 373.53 0.510703
3 74.80 367.45 98.19 391.55 0.504270
4 176.69 292.39 195.78 306.96 0.500156
3 372.79 449.51 394.90 472.12 0.449176
4 647.36 271.19 694.70 294.00 0.447105
4 63.38 295.37 92.17 314.94 0.439573
6 715.33 182.02 738.56 201.16 0.390868
1 231.76 417.19 243.16 442.27 0.379772
3 370.15 476.91 385.77 512.49 0.374094
1 36.10 405.66 48.46 430.98 0.368008
4 179.54 302.50 203.90 316.17 0.346949
4 666.50 261.43 709.70 284.71 0.336316
3 768.58 172.01 784.87 187.57 0.285802
2 1.31 103.59 222.27 433.46 0.285407
7 416.54 417.42 455.93 448.96 0.260688
1 818.93 249.22 828.97 266.24 0.227344
7 368.90 298.81 392.30 331.49 0.212144
