4 808.18 554.00 890.73 592.81 0.849003
4 839.68 777.11 921.77 787.90 0.841806
4 817.80 694.81 909.15 734.00 0.838490
4 789.65 518.66 874.21 555.85 0.828174
4 784.05 472.44 871.05 509.79 0.826291
4 787.62 398.03 872.10 435.93 0.825061
4 632.98 356.82 707.82 393.33 0.824811
4 783.42 435.97 863.96 472.00 0.822088
4 792.08 356.36 870.16 392.13 0.816781
4 760.95 290.68 836.19 324.45 0.809850
4 788.85 323.81 860.88 356.97 0.804646
4 639.17 252.96 708.17 285.18 0.804131
4 640.66 322.65 712.30 354.99 0.803417
4 806.88 635.45 904.95 677.14 0.800732
4 637.69 289.08 706.43 322.21 0.799225
4 792.74 260.84 869.33 297.66 0.797523
4 344.77 178.11 396.45 212.05 0.792818
4 683.11 218.09 751.18 250.05 0.788214
4 346.29 83.56 411.33 116.05 0.787950
4 786.39 228.51 858.28 263.09 0.784684
4 684.69 160.26 754.23 190.08 0.778738
4 786.96 201.76 858.44 233.74 0.778589
4 739.93 0.02 798.09 13.30 0.775973
4 816.26 736.26 892.65 773.16 0.773833
4 685.30 186.58 749.43 218.31 0.765955
4 693.41 98.22 760.47 128.38 0.739839
4 697.61 71.86 762.65 102.91 0.735465
4 515.94 90.63 547.90 146.51 0.714077
4 395.95 0.00 457.56 20.04 0.712603
4 1256.99 67.87 1299.02 92.46 0.710722
4 503.42 0.13 527.19 18.53 0.708172
4 607.56 96.01 634.66 145.19 0.684925
4 705.53 120.37 759.68 155.50 0.675130
4 693.23 40.60 752.36 73.33 0.655194
4 385.59 42.57 423.85 71.34 0.643767
4 393.27 13.95 431.21 43.57 0.591003
1 882.00 470.20 894.49 490.47 0.587812
1 917.37 312.52 928.69 334.82 0.551003
1 905.96 194.80 916.43 215.76 0.550639
1 884.20 202.52 895.52 223.53 0.548923
1 726.87 465.63 737.99 488.18 0.548582
1 918.48 201.02 927.85 218.92 0.542614
1 678.27 38.78 688.84 59.17 0.542561
1 980.89 738.08 995.36 754.11 0.531500
1 711.96 461.42 723.34 486.23 0.524940
1 962.49 566.73 974.09 584.88 0.516679
1 936.98 355.58 950.28 374.98 0.503412
1 949.32 506.73 965.32 526.04 0.492582
3 1256.59 68.87 1299.96 92.95 0.481807
4 941.57 1.07 974.22 24.61 0.471006
1 814.69 36.97 825.13 68.64 0.465167
1 648.14 0.00 663.05 7.63 0.454590
4 238.64 510.36 288.13 592.98 0.442865
2 931.71 515.02 946.04 547.01 0.431240
4 912.96 0.16 932.08 13.04 0.408511
1 931.09 105.47 942.30 126.10 0.403635
2 648.00 0.00 662.59 8.08 0.400994
2 949.97 146.80 964.39 169.39 0.397276
2 981.05 737.55 995.71 754.11 0.390853
5 840.00 63.94 871.79 124.30 0.390243
4 769.86 60.61 799.06 118.33 0.381317
4 544.16 499.80 579.43 582.99 0.369312
2 916.01 137.45 925.95 160.28 0.367419
1 1305.79 83.80 1321.16 102.50 0.343075
2 1207.17 22.35 1233.51 51.80 0.320660
2 929.74 105.10 942.09 125.71 0.303975
3 877.12 87.46 894.74 114.15 0.301074
2 802.13 106.82 811.07 124.15 0.298229
7 995.87 32.31 1028.30 53.41 0.279798
4 840.16 63.91 871.46 124.72 0.279117
6 915.29 28.50 969.95 53.03 0.267933
5 805.59 70.27 835.98 124.80 0.266765
2 849.44 0.00 863.92 10.58 0.260273
4 885.41 25.55 905.70 43.77 0.250662
4 1096.14 81.70 1134.67 99.68 0.224912
2 752.31 369.96 763.35 386.55 0.221343
2 1254.51 162.01 1266.21 178.19 0.214653
2 1120.77 0.20 1138.40 35.05 0.204486
2 868.32 78.57 888.31 112.43 0.197574
4 1258.29 127.27 1270.84 140.95 0.194198
4 805.71 70.64 837.58 123.96 0.189649
2 940.95 21.67 949.94 36.08 0.184105
6 995.95 32.63 1027.46 53.60 0.159751
2 1105.99 7.43 1120.33 42.72 0.115244
