4 927.71 328.38 996.30 449.24 0.849229
6 1014.01 982.90 1163.79 1049.71 0.765324
9 845.73 0.16 916.71 70.16 0.733489
3 639.13 176.07 671.15 205.24 0.640662
2 532.22 126.48 550.88 169.77 0.581528
2 552.69 126.67 572.15 166.95 0.557611
3 721.61 367.54 747.10 399.14 0.547896
1 712.78 279.57 730.83 316.98 0.528077
2 549.55 176.32 566.71 213.78 0.520824
5 622.93 731.88 654.64 786.59 0.505134
2 537.54 153.91 550.85 169.92 0.490055
2 578.15 179.90 597.36 221.16 0.484741
2 712.61 279.31 730.12 318.05 0.476984
4 635.00 650.79 657.32 667.42 0.461082
2 639.90 158.81 664.67 195.75 0.452497
4 744.60 1027.34 765.83 1049.68 0.433918
4 662.29 1031.03 692.55 1049.81 0.430971
2 556.55 153.74 571.30 166.61 0.413392
7 718.70 323.56 755.78 395.89 0.409679
2 702.51 317.88 719.48 360.18 0.408162
1 179.91 105.96 203.41 148.93 0.400151
1 615.96 956.17 650.98 998.51 0.386438
3 720.97 348.51 754.30 395.05 0.385399
10 616.28 957.11 653.30 997.50 0.376066
2 731.65 347.88 754.83 375.29 0.295469
3 549.41 200.57 571.51 217.31 0.291342
2 549.77 171.89 599.07 222.07 0.264626
3 638.45 174.75 652.79 195.52 0.209283
7 638.11 138.32 690.17 203.19 0.193358
2 719.04 323.36 737.93 361.77 0.130700
2 531.80 125.81 599.22 223.44 0.120164
