4 896.89 265.19 949.33 284.23 0.870797
4 368.57 276.78 418.30 296.37 0.864445
5 290.58 217.76 330.53 237.53 0.843085
4 183.87 226.30 226.40 243.12 0.838664
4 208.79 303.28 264.80 326.63 0.838017
4 238.63 222.64 280.01 239.71 0.828250
4 112.75 227.44 155.55 245.95 0.822820
4 496.59 268.62 537.84 287.96 0.816441
4 341.03 218.63 381.63 235.30 0.804882
4 748.70 203.74 786.37 218.79 0.803548
4 605.54 277.24 652.77 298.76 0.799080
4 3.19 232.52 50.27 252.38 0.798230
4 437.23 216.09 474.62 232.21 0.788402
4 610.24 206.12 647.93 223.69 0.784687
4 383.06 219.00 417.69 233.53 0.778062
4 658.84 208.03 696.48 221.65 0.773826
4 706.10 205.89 741.60 219.28 0.773276
4 850.45 201.68 884.23 214.74 0.772791
4 808.32 200.34 844.03 216.39 0.765748
4 651.36 273.88 699.55 296.49 0.748980
4 489.85 211.42 525.05 228.01 0.745862
4 894.23 197.95 930.91 214.55 0.744707
4 539.97 211.60 573.05 226.95 0.707117
4 540.63 204.15 572.21 216.43 0.702526
4 940.69 200.65 959.57 213.30 0.700122
1 58.13 299.88 67.52 319.10 0.457720
1 790.01 250.73 800.03 266.97 0.404505
4 40.34 305.18 55.32 318.76 0.393727
3 82.24 220.95 96.31 240.29 0.392267
2 64.61 106.41 263.77 166.29 0.387926
9 0.29 99.16 87.67 112.78 0.331146
6 64.15 99.36 87.75 111.71 0.318259
4 71.53 153.92 85.46 166.74 0.305897
3 802.73 258.51 822.58 280.14 0.278173
4 658.01 208.93 670.50 220.92 0.274113
1 713.88 229.74 720.62 244.02 0.240901
