4 655.32 259.58 734.30 296.99 0.909087
5 1159.25 685.92 1300.97 764.57 0.838938
4 1301.51 695.77 1359.79 764.52 0.823570
5 539.37 360.04 654.27 438.36 0.772238
6 817.06 333.83 1156.04 499.98 0.758123
6 913.50 648.45 1062.69 764.42 0.659642
6 322.52 428.27 442.43 522.27 0.656158
4 654.02 324.21 705.44 351.23 0.650509
6 817.09 409.89 952.21 499.05 0.650015
6 1246.19 295.60 1359.54 385.57 0.643756
5 1036.38 661.40 1151.37 764.48 0.641409
6 1213.22 237.88 1316.83 318.02 0.636418
6 144.58 254.70 229.23 314.54 0.630504
6 1173.63 391.42 1299.16 474.52 0.625307
6 1105.98 371.94 1223.71 452.23 0.619882
6 1246.06 416.48 1359.59 510.36 0.604264
1 1179.31 344.25 1194.60 372.52 0.582256
6 592.46 599.72 761.50 764.60 0.578611
5 909.33 646.79 1063.13 764.50 0.573663
6 1158.14 144.80 1263.83 203.10 0.571040
6 434.28 575.58 639.13 764.46 0.569700
5 675.14 341.73 743.68 401.69 0.568629
6 546.52 309.38 620.39 343.45 0.561998
4 908.15 644.48 1018.98 684.59 0.560684
6 1012.59 153.25 1114.69 213.97 0.551130
5 710.74 324.21 783.88 383.88 0.550532
6 755.05 626.97 879.79 764.35 0.549321
6 1045.33 340.99 1155.89 417.46 0.533784
5 769.81 313.51 835.70 372.10 0.524211
6 856.45 206.19 936.66 253.74 0.510240
5 587.48 352.40 695.51 421.44 0.504444
6 144.87 254.98 272.93 315.80 0.468149
6 325.26 556.36 512.30 757.29 0.457089
6 1287.21 251.70 1359.72 311.01 0.432506
3 1253.52 674.72 1290.82 716.94 0.431564
2 236.49 273.67 276.07 302.10 0.430962
6 816.08 391.64 895.56 499.11 0.406406
5 811.57 303.17 873.71 360.14 0.385572
6 912.45 370.48 1097.10 456.61 0.380738
6 866.85 390.80 1008.01 477.53 0.379962
6 1126.27 187.80 1238.98 241.12 0.351094
5 274.94 540.51 376.05 608.87 0.337449
4 464.20 556.20 528.94 599.83 0.319667
6 269.05 550.80 427.79 698.54 0.290478
1 1255.95 350.19 1272.94 385.55 0.287342
5 1324.48 483.62 1359.76 540.14 0.283890
1 1336.94 228.06 1347.43 252.82 0.275475
6 1002.33 333.01 1090.76 397.29 0.263914
5 855.80 205.98 895.74 247.45 0.262566
3 1126.38 667.11 1144.57 692.48 0.236856
6 803.21 263.81 895.79 347.75 0.230073
2 245.75 273.25 278.03 301.01 0.224419
5 862.59 287.73 895.86 347.46 0.191278
4 1296.58 184.04 1332.12 213.82 0.184366
5 867.15 391.80 895.87 441.84 0.175397
6 464.12 321.52 520.84 487.50 0.115321
