4 530.62 693.60 586.53 722.72 0.820215
4 50.84 750.82 100.77 784.39 0.803814
4 517.10 767.42 580.17 787.67 0.801497
4 672.53 574.00 729.62 600.96 0.800544
4 533.02 663.63 593.29 692.51 0.789223
4 515.19 728.01 578.25 755.80 0.787072
4 676.48 454.15 734.02 479.88 0.785937
5 671.66 607.29 737.44 639.76 0.780973
4 558.34 637.20 596.12 664.95 0.770391
4 670.88 548.25 728.41 578.54 0.759236
4 672.03 521.66 728.69 548.40 0.749211
4 542.55 484.57 602.06 513.72 0.734686
4 688.36 644.44 732.22 670.92 0.731919
4 557.44 534.76 604.67 560.94 0.716708
4 676.24 495.91 730.88 523.45 0.709759
4 560.23 559.13 600.53 585.06 0.659727
4 1348.17 698.78 1377.72 717.37 0.619760
4 638.54 108.69 658.11 142.48 0.601108
4 649.86 146.88 673.39 185.10 0.578673
4 935.90 689.00 984.89 714.49 0.567730
4 690.85 734.34 754.66 783.18 0.557338
4 568.85 343.32 625.79 384.21 0.549665
4 464.64 1.55 503.56 24.95 0.543906
4 572.10 270.72 617.09 303.04 0.543435
4 796.85 514.79 854.42 539.54 0.524576
4 558.93 442.86 610.43 469.88 0.505447
4 740.02 777.44 776.18 787.92 0.502800
4 586.90 382.45 611.55 404.74 0.484870
4 451.96 13.32 498.29 46.45 0.481592
4 659.49 295.37 682.44 334.33 0.481129
4 574.17 422.84 613.84 447.64 0.468797
4 1283.00 183.33 1314.38 199.61 0.389444
4 550.44 465.57 600.45 490.13 0.326257
4 795.30 73.24 808.26 91.71 0.323454
4 958.39 457.14 980.97 475.04 0.317725
4 1076.04 0.00 1096.29 17.91 0.315110
4 1230.87 162.78 1253.27 173.50 0.270578
5 964.95 587.15 988.03 610.38 0.270504
6 778.64 358.74 843.22 389.29 0.266464
6 1167.34 356.66 1252.85 408.56 0.262833
4 1054.09 0.16 1070.88 16.48 0.260849
5 668.79 348.62 689.71 390.98 0.256811
4 1266.48 124.83 1280.39 138.60 0.245900
2 983.21 202.05 994.93 221.56 0.228263
4 919.09 371.75 944.32 395.90 0.227528
4 793.61 54.84 806.06 64.93 0.214716
4 641.57 127.12 657.56 142.13 0.213982
6 824.75 83.62 851.35 104.57 0.210728
2 896.11 140.63 906.74 160.42 0.202175
5 843.93 164.03 877.62 190.33 0.192395
4 843.52 132.70 876.76 164.20 0.191108
2 713.58 412.20 725.78 440.73 0.176526
6 813.11 121.51 842.28 165.10 0.173814
6 0.10 0.45 49.76 74.05 0.120240
