4 804.46 853.81 883.08 895.40 0.895900
4 1095.61 389.39 1142.67 432.83 0.868010
4 885.52 699.55 950.69 777.46 0.841583
4 525.59 1269.53 662.68 1441.26 0.838263
4 1147.99 328.02 1184.86 365.53 0.835378
4 972.70 572.12 1029.88 636.97 0.834254
4 789.15 853.52 882.70 964.93 0.814045
4 1312.50 215.11 1340.97 248.67 0.813158
4 1207.90 254.09 1240.47 286.08 0.799721
4 623.12 1099.29 734.43 1255.82 0.738167
4 1009.19 503.14 1064.80 565.92 0.737284
4 1214.19 247.51 1245.49 285.58 0.689046
4 62.83 256.43 89.96 271.85 0.516280
4 106.65 243.75 172.85 265.07 0.412402
4 1264.92 193.39 1285.87 206.80 0.408013
4 716.03 1102.90 735.80 1189.83 0.406251
4 867.27 723.10 895.85 775.75 0.382455
4 963.42 443.02 993.73 472.86 0.367556
1 657.36 1165.70 678.91 1185.93 0.337746
2 1609.59 1162.45 1796.30 1495.59 0.312175
4 884.94 729.65 895.98 775.81 0.271354
1 672.03 1165.06 692.22 1200.10 0.266609
4 1538.90 132.18 1554.24 142.51 0.254516
4 1587.97 65.86 1597.44 73.94 0.247307
4 1272.74 115.81 1288.07 125.45 0.245721
5 755.51 137.28 790.12 161.65 0.218058
4 1135.40 341.28 1153.25 364.62 0.178990
