4 257.77 145.64 286.95 156.91 0.602915
5 303.63 593.62 404.03 644.78 0.601568
4 126.23 170.65 153.07 184.03 0.562099
6 425.86 560.13 536.08 702.45 0.460307
6 1140.10 578.84 1399.21 746.54 0.456499
6 304.46 478.57 540.37 644.99 0.379084
5 575.11 526.85 646.31 559.44 0.350859
7 678.87 619.69 749.83 697.95 0.349567
6 724.37 263.42 765.33 284.85 0.321510
4 1240.81 306.13 1258.94 324.19 0.320970
6 805.24 263.94 831.34 285.15 0.276734
6 331.18 349.12 428.54 411.20 0.263539
6 324.55 410.00 430.08 513.19 0.245510
5 504.11 560.37 535.53 637.87 0.233153
2 579.28 388.65 602.95 415.46 0.231932
2 1346.62 286.26 1394.58 320.74 0.231568
6 1041.42 377.39 1105.51 416.63 0.230466
6 846.22 299.19 880.35 322.58 0.224722
2 0.04 208.37 20.57 231.79 0.220463
2 229.27 678.66 261.72 710.18 0.219215
6 836.69 246.67 886.90 287.78 0.207650
