4 10.04 409.09 153.89 529.04 0.917409
6 881.66 248.59 1069.79 360.97 0.799959
4 814.21 157.33 903.27 201.04 0.774692
6 668.88 647.22 938.99 764.29 0.758913
5 222.59 511.40 470.97 617.24 0.751157
5 86.34 671.72 395.84 764.75 0.717024
4 831.78 10.03 888.41 34.59 0.709675
5 241.02 671.96 394.93 764.32 0.682657
6 1207.76 435.95 1359.51 633.66 0.632643
4 845.16 28.19 906.59 63.29 0.623702
6 531.72 28.45 624.82 93.11 0.590073
7 141.62 600.33 290.13 680.92 0.586403
6 267.15 82.48 548.42 292.96 0.582535
6 1100.47 439.16 1225.90 596.46 0.576929
5 286.57 586.17 420.57 691.02 0.566431
6 413.36 82.45 546.83 163.71 0.551101
6 1286.67 282.08 1359.70 391.12 0.546480
7 1116.53 239.77 1240.79 390.30 0.541081
4 846.89 38.19 903.87 63.82 0.537788
6 267.84 210.46 419.77 293.05 0.537564
4 860.21 0.48 903.87 22.44 0.530581
6 670.69 399.32 938.75 764.25 0.528581
6 88.08 96.98 685.21 763.25 0.490177
5 1287.20 282.83 1359.81 392.04 0.485244
5 381.96 457.53 500.70 549.35 0.481876
6 1004.04 427.48 1104.80 571.26 0.454471
4 681.03 564.74 766.39 660.02 0.447727
6 911.58 421.42 1003.94 563.78 0.430310
4 534.81 46.40 565.76 67.41 0.422164
4 696.01 507.34 778.54 584.87 0.416979
5 1100.78 438.82 1225.58 595.92 0.415677
6 845.88 182.26 894.55 263.90 0.380729
6 813.95 406.01 895.77 545.00 0.352577
5 1004.03 427.50 1104.88 571.10 0.352242
4 881.11 283.93 895.86 341.38 0.345268
5 633.13 74.13 714.99 113.97 0.331714
6 399.55 138.16 516.80 184.95 0.329397
5 910.56 421.54 1003.66 563.51 0.294459
6 831.83 180.59 911.49 286.50 0.256919
5 674.62 645.67 759.93 759.88 0.253110
6 632.68 0.01 769.50 113.97 0.250929
10 172.91 604.48 214.08 644.45 0.242551
6 762.50 174.54 825.19 277.26 0.232377
6 868.83 60.72 895.86 110.75 0.203573
6 718.95 398.94 805.35 533.90 0.202306
6 869.50 61.41 934.61 111.73 0.189283
4 464.07 459.79 500.51 548.18 0.183299
4 464.16 400.04 522.01 494.73 0.170562
5 1319.59 447.30 1359.84 542.81 0.161737
6 464.61 99.04 685.19 573.47 0.153735
