2 1354.78 406.78 1392.25 452.98 0.868639
2 887.56 500.74 921.54 548.69 0.829710
2 349.10 889.21 397.25 946.61 0.813799
2 1211.56 423.99 1245.72 467.66 0.812840
2 937.76 246.63 959.74 284.68 0.779466
2 987.20 292.15 1004.63 329.74 0.764657
2 807.54 536.47 830.17 581.70 0.761706
2 961.00 461.72 987.67 508.49 0.754457
2 678.65 321.33 696.41 366.55 0.748378
2 773.48 499.23 799.07 541.05 0.719772
2 1146.15 291.95 1165.38 338.90 0.710471
4 844.58 193.57 897.12 219.98 0.708915
2 996.44 208.72 1011.83 245.39 0.707784
2 1158.00 439.98 1184.25 489.68 0.691128
2 414.44 488.21 435.41 534.09 0.659756
2 633.28 538.80 662.37 591.54 0.624390
2 1066.36 421.52 1102.85 469.02 0.623924
2 1115.67 403.79 1143.82 445.18 0.621463
2 503.21 534.70 529.45 575.90 0.607186
2 645.41 508.20 666.47 550.79 0.603363
2 743.46 473.93 761.49 515.32 0.593203
2 1.44 460.33 894.50 812.76 0.587708
2 207.75 497.97 233.23 549.02 0.566385
2 94.41 590.28 130.58 639.53 0.565587
2 351.72 645.97 391.97 695.98 0.551132
4 720.57 201.47 792.96 233.20 0.529077
2 1098.52 388.18 1128.59 436.86 0.526304
2 269.93 247.98 291.18 289.22 0.466532
2 312.46 480.26 336.20 526.61 0.459828
2 0.18 621.68 41.61 671.16 0.433812
2 312.96 598.20 337.04 638.84 0.430658
2 182.35 658.64 210.02 711.20 0.418379
2 27.44 633.03 75.93 687.51 0.404205
2 314.67 626.89 350.72 678.52 0.398310
2 517.62 346.70 541.55 385.03 0.339004
2 438.50 550.40 464.10 600.86 0.328423
2 462.28 569.88 488.15 620.09 0.275951
3 119.15 285.06 169.54 348.94 0.272520
2 25.34 711.84 94.97 768.96 0.268959
2 462.76 568.45 501.01 620.01 0.243614
2 120.23 274.73 171.71 348.15 0.231653
2 884.01 531.02 895.96 558.90 0.228901
2 1098.33 427.57 1118.98 483.24 0.219104
2 39.93 284.41 60.82 317.12 0.189303
2 1118.54 440.34 1137.21 493.67 0.101559
