4 570.70 616.83 605.44 654.39 0.889134
4 680.95 382.83 707.62 407.01 0.853299
4 496.42 311.31 521.26 329.29 0.813165
4 389.98 730.59 431.59 772.83 0.775392
4 788.62 288.47 810.59 305.97 0.761854
6 944.89 623.99 1007.51 665.43 0.760737
4 287.33 184.47 304.67 198.23 0.752182
4 808.52 448.87 838.97 473.30 0.723438
4 888.03 614.71 906.14 629.46 0.694169
4 862.56 404.69 882.48 426.25 0.688545
4 1344.44 284.93 1369.06 302.00 0.685972
4 205.69 211.78 229.29 229.41 0.682342
4 888.21 164.09 905.46 177.79 0.678050
4 114.13 191.27 136.63 204.22 0.675349
6 1032.66 647.56 1096.63 686.72 0.675324
5 654.74 333.24 704.42 361.88 0.674964
4 310.14 180.43 326.55 194.81 0.670355
4 835.27 424.94 863.58 452.64 0.660277
4 1153.91 17.03 1169.35 26.30 0.646292
4 352.70 119.52 370.54 130.34 0.645478
4 1237.35 35.14 1253.63 45.31 0.641020
4 1065.81 49.76 1084.88 65.35 0.634402
4 1361.36 13.43 1379.25 23.28 0.618128
9 945.15 624.35 1007.80 664.33 0.608087
4 1064.26 71.38 1076.92 80.74 0.599035
4 280.42 265.61 299.19 281.55 0.594688
4 236.57 204.04 269.79 229.54 0.581109
4 127.24 360.73 169.71 400.57 0.572618
4 861.46 603.09 883.59 619.71 0.566697
4 331.79 293.78 347.77 303.92 0.560222
4 159.45 319.98 193.03 339.10 0.555670
4 42.06 288.13 61.16 301.32 0.552789
4 828.68 173.42 850.05 192.27 0.543510
4 545.42 328.60 583.62 359.22 0.542921
4 185.89 305.37 219.70 325.72 0.542583
4 926.76 99.77 951.25 113.78 0.532749
4 0.15 334.86 23.47 357.37 0.532201
4 957.48 303.50 974.18 316.73 0.531382
5 827.97 390.20 864.39 431.35 0.523276
4 354.54 150.41 368.61 163.42 0.519375
6 1032.15 648.42 1065.88 678.54 0.503056
5 538.00 329.29 582.97 359.62 0.489117
4 39.07 184.79 61.83 198.43 0.488286
4 892.95 132.13 910.65 145.67 0.488221
4 69.29 198.04 89.94 209.91 0.460802
4 854.41 204.41 869.25 217.83 0.460153
4 866.39 149.03 885.83 164.86 0.452393
6 828.02 389.78 865.53 430.99 0.448337
5 882.18 193.91 910.63 220.42 0.446253
3 939.13 288.28 962.93 310.23 0.440745
4 395.66 113.83 412.07 127.34 0.431078
4 939.31 287.50 963.10 310.86 0.425754
4 988.60 55.04 1008.33 70.29 0.413684
4 352.54 151.09 364.24 163.53 0.401123
4 1308.67 226.31 1325.63 238.94 0.394006
4 914.00 167.59 924.53 176.81 0.393648
4 1035.00 386.83 1050.68 398.68 0.384584
4 910.45 118.12 933.02 130.47 0.379051
4 1089.19 24.75 1102.49 35.92 0.357455
4 270.97 283.53 284.81 293.53 0.354277
4 948.23 119.51 960.04 128.78 0.345102
4 884.71 140.15 898.70 152.49 0.343056
5 308.06 264.81 347.39 291.89 0.342864
4 972.21 708.14 988.36 723.76 0.335395
4 412.56 563.68 430.43 578.63 0.329553
4 1300.64 205.78 1315.50 218.42 0.329327
4 1280.76 41.14 1298.99 52.67 0.309648
4 945.36 637.95 962.03 651.20 0.303868
9 308.06 265.19 347.21 290.70 0.300634
9 364.42 133.90 402.16 173.77 0.297809
4 766.03 292.30 774.35 300.29 0.296786
6 158.69 304.79 218.95 338.61 0.293053
4 1224.17 292.97 1238.70 306.78 0.292146
4 1218.43 54.63 1247.51 67.65 0.281753
4 234.77 211.84 250.88 225.59 0.277648
4 887.72 164.80 895.78 176.50 0.275560
6 148.65 239.05 193.89 269.20 0.270910
6 952.80 430.54 984.53 454.99 0.268181
6 858.35 624.60 894.77 695.93 0.261079
4 939.47 297.56 953.62 310.34 0.259506
4 916.23 118.74 932.72 129.21 0.252222
4 665.79 322.79 684.88 336.05 0.246436
6 1158.62 266.64 1196.22 283.32 0.241502
4 1331.26 22.41 1344.23 31.42 0.229827
4 1103.18 46.11 1111.00 52.76 0.220301
6 1020.93 360.37 1045.79 384.77 0.217913
4 1235.25 55.37 1249.53 64.02 0.209762
3 409.55 246.54 422.99 269.06 0.200781
6 1263.07 1.00 1293.91 21.75 0.152478
