4 710.45 739.90 730.49 773.40 0.742683
4 673.90 1016.78 701.71 1048.88 0.734590
4 701.18 694.44 723.96 729.61 0.718715
5 610.96 693.98 651.34 722.68 0.702993
4 617.89 486.71 635.51 506.65 0.663923
4 645.78 810.23 671.09 859.38 0.646257
4 661.04 476.35 673.16 492.03 0.621743
4 643.51 766.40 666.25 807.36 0.617007
4 642.69 573.81 658.65 601.12 0.606220
4 726.43 871.57 756.71 930.38 0.595358
4 736.22 941.69 769.02 1010.28 0.591760
4 726.74 871.13 750.96 895.78 0.583530
4 621.60 429.23 633.93 448.36 0.575162
4 719.60 828.23 745.26 870.22 0.564627
4 625.84 536.95 639.24 559.79 0.557640
4 664.78 537.56 682.60 558.18 0.556203
4 690.16 618.47 723.49 642.64 0.553974
4 594.95 669.30 630.13 689.67 0.532660
4 589.81 583.45 614.06 606.49 0.518623
4 621.81 394.63 632.77 413.33 0.514300
4 587.87 602.94 624.64 624.00 0.511367
4 599.18 542.08 619.39 554.96 0.476270
4 644.53 415.43 661.36 427.30 0.460873
4 591.52 561.07 620.60 580.21 0.451690
4 672.61 573.04 692.20 592.87 0.437684
4 694.14 576.52 722.87 599.70 0.422774
4 622.98 358.25 634.19 378.05 0.410139
4 639.08 953.92 665.82 1005.78 0.402980
4 622.40 399.64 632.22 412.58 0.385430
4 629.03 652.10 645.09 671.26 0.381060
4 1151.54 568.74 1183.85 583.05 0.349153
4 605.02 697.66 626.76 722.45 0.334372
4 669.34 505.26 683.92 517.33 0.313977
4 647.81 369.21 659.54 381.42 0.291127
6 692.68 536.77 704.59 555.51 0.259395
3 641.42 872.03 672.69 912.73 0.252714
1 679.97 871.63 689.65 893.98 0.248016
9 851.39 200.84 895.76 230.71 0.142807
