4 1840.48 1139.37 1955.39 1188.67 0.949500
4 437.46 1066.05 488.46 1133.82 0.938496
4 292.72 1265.01 360.11 1353.49 0.926294
4 1827.97 1287.38 1895.29 1366.58 0.925409
4 662.06 1470.11 724.79 1499.92 0.919196
4 1827.46 1211.54 1897.23 1280.97 0.918156
4 565.98 830.08 629.81 858.86 0.917210
4 1786.59 1209.69 1848.74 1282.30 0.914026
4 1635.33 1202.03 1689.39 1267.24 0.910784
4 1531.00 1081.67 1566.83 1121.10 0.900997
4 1737.92 1213.69 1798.84 1278.51 0.900619
4 1608.77 1087.04 1650.07 1138.05 0.898573
4 751.25 876.12 800.58 907.16 0.895455
4 114.92 1239.36 178.28 1299.43 0.892030
4 1662.77 1277.75 1733.49 1344.90 0.890030
4 1577.60 1195.16 1634.87 1265.29 0.887106
4 1682.89 1204.38 1745.39 1277.88 0.884361
4 838.77 937.82 893.42 988.06 0.883686
4 772.07 1257.30 821.76 1303.73 0.873593
4 1609.75 1271.25 1670.18 1338.58 0.869684
4 743.40 718.42 777.36 748.57 0.868209
4 322.25 964.71 381.62 1022.83 0.860954
4 808.13 733.27 850.87 765.50 0.858112
4 645.59 780.90 683.59 821.97 0.857951
4 1478.31 1194.37 1533.28 1264.10 0.856905
4 1525.58 1193.00 1584.10 1265.30 0.855387
4 884.36 529.74 912.43 552.22 0.854207
4 1929.80 1274.16 1999.54 1381.32 0.852927
4 229.23 1071.74 298.27 1143.72 0.851651
4 899.40 678.64 927.24 705.11 0.845247
4 798.86 478.10 822.29 499.61 0.841825
4 843.57 551.69 867.61 575.11 0.839729
4 1934.69 1213.50 1999.56 1287.58 0.839069
4 1716.41 1285.30 1784.02 1349.55 0.836466
4 1428.86 1191.95 1478.01 1254.55 0.833218
4 735.94 1208.28 783.87 1273.51 0.830423
5 1927.84 1273.96 1999.59 1381.46 0.829412
4 762.72 1129.34 807.86 1188.60 0.816980
4 1769.33 1280.47 1845.70 1363.69 0.809558
4 1502.22 1268.08 1564.66 1334.77 0.797691
4 511.43 887.02 550.65 937.23 0.796211
4 836.49 418.62 857.18 436.96 0.793247
4 1478.50 1071.32 1519.34 1131.30 0.792629
4 1523.08 1071.01 1567.10 1121.33 0.787967
4 63.13 1357.40 103.43 1409.78 0.783436
4 845.50 373.38 864.12 393.31 0.782492
4 1427.88 1056.23 1474.07 1128.02 0.782420
4 874.85 356.37 893.46 373.86 0.770347
4 645.81 569.18 674.57 595.13 0.766362
4 518.02 822.42 541.51 855.75 0.765462
4 924.05 371.26 944.33 386.77 0.765364
4 176.41 1146.02 242.26 1220.04 0.755659
4 776.19 1077.68 812.27 1126.95 0.755106
4 757.05 429.29 779.64 449.53 0.754199
4 1658.05 1070.58 1719.82 1144.30 0.741999
4 673.06 534.83 698.27 557.27 0.736783
4 616.91 615.78 639.56 640.23 0.735626
4 704.98 576.39 720.27 598.27 0.724914
4 1556.52 1264.98 1616.89 1337.07 0.722249
4 951.97 314.76 970.47 331.86 0.714443
4 710.94 491.24 729.02 511.42 0.711447
1 846.71 1229.71 859.33 1258.53 0.697398
4 725.17 473.77 745.33 492.25 0.680594
4 847.32 377.62 862.73 392.28 0.678988
4 876.16 359.10 891.85 372.42 0.678577
1 919.91 1119.60 930.02 1147.30 0.678414
4 1577.88 1194.68 1611.78 1263.03 0.677923
4 0.09 1396.49 50.86 1484.85 0.662194
4 691.17 516.92 715.98 537.20 0.661426
4 924.62 487.67 945.00 507.15 0.653532
4 980.53 291.15 1013.10 311.18 0.652758
1 871.48 1122.41 884.19 1151.56 0.651495
1 892.74 1127.51 904.35 1158.96 0.644905
4 1356.65 1232.62 1384.83 1316.31 0.641116
4 1597.20 1071.34 1648.91 1138.52 0.627175
4 597.25 638.74 619.26 662.17 0.611700
4 747.79 460.96 763.54 479.32 0.608953
4 851.69 1074.25 886.32 1104.27 0.606412
4 757.38 436.42 772.68 451.26 0.606379
4 959.64 250.40 980.45 264.59 0.599188
4 937.07 555.90 959.18 577.51 0.597070
4 564.87 833.17 589.26 856.44 0.596137
4 886.32 529.69 895.88 551.71 0.589228
5 1334.80 553.36 1383.65 587.86 0.583672
1 189.08 1263.48 209.60 1294.22 0.580704
4 1507.32 386.96 1544.01 401.33 0.578847
4 954.58 317.68 971.28 330.93 0.565716
2 809.04 1484.16 852.16 1499.82 0.563377
2 1150.34 351.02 1224.85 405.38 0.559523
4 444.81 878.69 478.90 914.36 0.559173
4 1419.03 538.14 1442.23 558.16 0.553314
4 652.97 599.55 670.07 618.72 0.546190
4 556.69 686.77 580.49 713.00 0.544990
4 950.30 508.03 967.17 528.76 0.543911
4 1447.92 442.54 1477.35 455.59 0.540919
4 578.90 665.94 597.15 685.67 0.535657
4 728.22 465.56 751.11 487.06 0.519546
4 716.05 732.02 736.99 757.50 0.515441
2 774.42 903.05 790.09 927.05 0.511870
4 1457.07 1263.42 1508.58 1332.32 0.506898
1 20.70 1442.80 42.68 1473.71 0.474719
3 894.84 1142.64 906.61 1161.14 0.474687
4 914.94 273.70 928.81 287.49 0.472899
4 922.94 598.36 943.61 617.87 0.467842
4 914.82 613.06 942.46 637.70 0.467409
4 913.96 275.05 926.25 287.15 0.458077
6 1524.93 1041.82 1569.13 1086.38 0.456454
4 732.55 459.58 751.71 478.01 0.455679
4 802.84 374.48 815.89 389.83 0.454837
4 485.67 476.01 510.83 492.89 0.449040
1 890.22 721.53 900.06 741.68 0.446346
1 418.48 864.59 430.61 886.06 0.446272
4 1309.80 839.74 1340.64 859.17 0.443649
4 839.98 316.69 863.95 337.44 0.443179
4 912.65 577.63 925.67 595.59 0.441845
4 909.32 638.54 936.97 676.54 0.437806
4 802.10 372.13 819.92 390.02 0.436370
1 838.06 791.88 849.47 815.47 0.434649
4 909.25 657.15 932.65 681.51 0.425614
4 917.20 247.50 935.79 264.66 0.423588
4 994.88 200.70 1011.67 216.73 0.422744
4 937.17 559.71 956.62 579.18 0.421290
3 444.51 887.68 476.04 915.43 0.411704
4 910.75 636.57 934.44 660.01 0.404571
4 736.34 458.01 755.80 478.72 0.403076
1 381.85 905.61 393.54 928.43 0.399711
4 917.85 617.44 942.19 640.74 0.392303
4 580.06 661.86 603.34 686.79 0.391900
2 852.34 1344.77 872.35 1385.71 0.390622
4 1450.65 537.33 1484.89 558.33 0.385237
2 918.02 1117.88 932.03 1146.75 0.384927
2 884.79 720.08 903.87 763.96 0.384529
6 1571.51 1040.02 1611.64 1077.61 0.382184
4 961.02 253.95 979.72 264.57 0.379453
4 1543.57 416.61 1569.94 427.41 0.372983
2 457.06 877.07 473.38 902.52 0.366367
1 863.54 754.31 874.41 774.72 0.365417
4 573.31 435.46 607.29 445.10 0.364460
1 880.64 669.09 890.25 689.86 0.360671
4 946.86 243.17 965.63 257.65 0.351339
4 1505.32 366.43 1542.53 400.79 0.350760
3 528.47 725.82 546.23 753.10 0.349019
4 611.90 431.02 631.11 443.31 0.348695
1 851.90 805.97 864.07 829.22 0.346069
4 943.32 436.27 958.85 455.78 0.343786
4 1321.66 885.33 1354.33 909.14 0.335861
4 1447.78 538.59 1473.85 559.69 0.334895
4 867.19 286.68 885.53 306.17 0.331715
4 830.22 341.63 842.63 356.53 0.320674
4 961.52 268.34 975.85 279.35 0.306504
4 538.49 433.96 552.36 443.20 0.305494
4 493.14 249.08 510.27 262.56 0.303854
4 861.69 678.39 873.27 690.50 0.294003
4 1506.87 369.74 1524.41 381.65 0.293985
4 1335.70 937.96 1369.77 967.69 0.289997
4 1597.65 1071.23 1611.73 1129.17 0.287035
4 1420.74 467.42 1443.65 478.79 0.278488
4 716.60 512.66 729.05 527.99 0.276825
4 854.15 310.71 866.05 321.44 0.273276
3 887.25 736.28 909.48 764.88 0.258199
2 614.45 674.00 624.90 693.75 0.257528
4 963.03 456.59 971.53 469.80 0.255524
6 982.05 291.76 1012.92 310.01 0.252812
2 853.97 854.69 863.77 876.31 0.246166
4 981.87 192.32 993.45 201.67 0.243980
4 961.04 218.97 971.98 229.10 0.242386
1 942.54 669.21 951.61 688.12 0.241016
4 951.13 371.92 964.67 383.13 0.240600
4 1427.55 443.01 1445.29 453.68 0.239261
4 875.51 283.39 886.96 295.68 0.228836
4 998.88 198.28 1009.37 207.68 0.220444
4 1517.11 423.69 1533.60 436.86 0.217588
2 954.24 748.71 966.40 772.74 0.216875
4 1399.24 236.86 1421.14 260.27 0.216030
4 1355.87 466.25 1380.41 487.70 0.206767
