4 735.65 542.59 895.70 637.02 0.918520
4 249.64 663.79 474.46 763.98 0.911619
4 764.21 434.61 930.59 516.39 0.906298
4 302.02 520.58 500.40 614.26 0.895058
4 280.13 592.99 472.27 689.12 0.886608
4 257.47 283.30 397.80 343.25 0.880138
4 351.96 453.36 519.01 537.45 0.879070
4 397.42 327.43 543.06 386.02 0.868455
4 340.23 199.91 453.80 245.91 0.862300
4 200.33 314.44 311.87 373.97 0.858673
4 390.88 359.89 540.36 428.62 0.849199
4 379.53 397.91 525.62 476.72 0.848490
4 419.46 294.24 551.44 349.27 0.846129
4 738.74 305.85 877.55 369.35 0.841817
4 457.03 253.62 581.49 314.86 0.839138
4 740.23 280.11 849.19 323.71 0.823841
4 462.89 230.23 571.88 275.49 0.817176
4 736.91 254.48 850.20 302.66 0.809782
5 231.51 217.30 402.26 303.12 0.770824
4 527.36 100.50 605.20 131.78 0.770370
4 731.85 167.87 820.92 205.96 0.770296
4 741.08 230.58 843.91 271.45 0.769712
4 478.60 201.75 584.99 249.43 0.767400
4 570.52 28.54 635.93 58.33 0.756219
4 740.36 190.36 837.76 232.21 0.745114
4 491.78 169.51 587.45 203.78 0.731171
4 511.99 119.33 597.37 153.19 0.729104
4 478.29 188.82 586.33 224.17 0.721884
4 734.28 85.29 796.80 118.10 0.720389
4 494.69 152.09 588.15 181.47 0.711795
4 721.70 35.80 786.43 60.61 0.693894
4 554.13 46.59 619.41 81.32 0.676115
4 730.34 64.95 797.21 92.76 0.648723
4 718.78 13.76 778.52 42.25 0.600188
4 509.47 135.03 587.88 165.90 0.586637
4 770.03 304.68 867.98 338.59 0.580195
4 737.94 209.56 837.46 244.38 0.523649
5 549.39 47.27 617.72 93.33 0.507691
5 550.25 60.40 609.88 93.45 0.479009
4 464.12 461.71 517.97 537.49 0.412698
4 464.10 539.04 499.97 610.82 0.383668
6 793.01 0.32 895.68 260.04 0.126487
4 464.08 627.15 471.67 681.11 0.123030
