4 861.05 445.91 962.46 502.52 0.890432
4 605.29 409.61 713.04 462.16 0.873291
4 881.65 69.05 974.39 115.33 0.868917
4 483.23 119.13 563.51 165.01 0.842460
4 1224.03 1020.04 1305.37 1061.72 0.841809
4 1158.12 315.96 1208.88 397.64 0.819332
4 860.89 450.68 895.77 503.42 0.808521
4 1223.07 524.11 1296.64 621.30 0.799804
4 1212.96 189.79 1274.32 272.18 0.779247
4 1287.31 516.55 1368.29 619.45 0.763560
4 981.16 234.27 1031.21 304.03 0.762654
4 868.43 243.18 919.29 325.77 0.721026
4 400.01 394.25 452.30 483.08 0.685373
4 1154.11 534.75 1233.30 640.65 0.684262
4 810.99 246.13 860.64 329.37 0.680191
4 948.84 568.76 1009.87 671.72 0.652338
4 969.13 693.91 1036.58 817.84 0.643470
4 548.29 284.06 595.26 369.19 0.635753
4 916.19 227.44 963.41 305.88 0.616756
4 604.20 293.95 660.96 375.58 0.606463
4 751.60 253.65 795.84 338.66 0.596246
6 1791.41 699.58 1915.65 850.56 0.543007
4 1095.94 549.11 1170.30 648.00 0.541752
4 869.09 243.13 895.80 325.60 0.479570
4 595.54 609.92 651.05 720.82 0.468234
6 1524.18 451.14 1610.63 523.93 0.458087
4 1294.67 1040.56 1364.29 1071.86 0.451952
10 672.72 657.04 719.95 713.84 0.439805
2 1057.57 773.13 1119.52 810.88 0.411940
6 216.61 0.00 349.93 30.38 0.407896
1 679.57 603.31 699.86 634.52 0.401752
4 359.48 596.11 386.84 628.40 0.377315
4 526.51 597.01 582.29 721.92 0.376825
4 881.61 77.62 895.82 113.40 0.373007
6 716.59 565.42 934.81 876.77 0.359397
1 791.74 587.09 826.50 646.91 0.346905
2 248.41 610.78 262.77 633.86 0.335265
2 1323.59 8.37 1392.97 40.76 0.323437
3 739.31 693.04 774.25 719.24 0.318519
1 819.15 636.90 858.28 691.01 0.308862
4 401.11 600.54 432.82 653.24 0.303866
5 735.73 586.91 786.89 689.89 0.297546
1 844.89 721.85 873.42 769.37 0.288111
1 1246.14 691.07 1260.05 720.50 0.277232
2 36.02 295.64 51.50 315.40 0.269425
1 1247.55 897.65 1263.63 919.00 0.266618
3 519.37 725.88 578.35 771.82 0.262309
4 745.63 649.60 784.03 688.92 0.249763
4 1749.53 827.33 1781.27 854.88 0.245973
3 805.39 644.02 863.56 718.31 0.242952
1 1057.57 779.73 1079.03 810.39 0.222770
2 616.62 419.31 629.88 441.79 0.207967
2 705.19 630.71 730.41 666.13 0.201260
2 1366.81 9.34 1392.60 34.53 0.194692
3 895.32 741.99 952.06 817.82 0.184847
1 1136.57 887.85 1156.27 935.94 0.180713
6 603.48 299.97 661.44 375.01 0.173721
2 1805.33 188.12 1824.92 215.85 0.166873
4 1445.10 16.25 1471.04 36.79 0.166221
4 1020.07 724.75 1036.17 816.28 0.146637
4 1020.02 250.06 1031.62 300.56 0.113779
