6 248.33 346.16 841.08 512.44 0.947186
6 316.38 248.84 854.46 379.10 0.920593
6 225.23 585.34 880.43 764.23 0.880444
6 444.42 168.21 872.80 279.12 0.835483
6 897.05 0.05 1079.43 50.16 0.829355
6 552.21 76.71 818.11 136.27 0.820485
6 497.68 134.91 839.07 199.41 0.798433
6 451.35 40.83 769.82 113.04 0.755171
5 1277.55 13.52 1359.81 79.63 0.675534
6 1278.03 13.34 1359.59 79.16 0.650614
4 224.96 584.51 343.44 736.44 0.531991
6 574.92 0.21 740.76 33.00 0.494755
4 896.08 0.00 927.75 25.73 0.459673
5 225.42 584.54 343.49 736.00 0.449175
4 858.94 117.44 900.71 173.97 0.414943
2 561.00 179.02 593.58 199.86 0.401760
4 1316.53 93.88 1359.83 131.53 0.384496
5 834.82 133.10 878.34 197.72 0.315730
10 338.05 366.83 395.00 405.47 0.307065
4 1109.20 0.00 1140.71 8.78 0.261730
5 806.90 193.95 872.26 281.57 0.214968
5 605.82 118.26 644.02 146.53 0.204313
4 1339.17 122.87 1359.89 175.46 0.168823
