6 603.08 425.25 1164.04 648.19 0.950774
6 557.38 272.88 976.72 461.94 0.888554
4 1263.80 192.36 1341.79 250.25 0.886816
6 391.50 199.69 767.65 368.95 0.883159
4 1183.88 160.10 1267.47 209.32 0.876235
4 826.34 7.10 902.13 41.80 0.865392
4 1152.18 138.32 1232.26 184.86 0.851942
4 870.40 21.50 913.53 55.97 0.815569
3 692.75 145.18 715.99 189.56 0.811852
6 1035.39 54.84 1218.09 182.84 0.804646
6 407.50 112.07 690.91 229.20 0.803432
4 1329.34 217.90 1359.79 270.24 0.774834
6 913.21 31.01 1084.16 131.56 0.768444
6 380.69 0.27 578.36 97.29 0.758829
6 489.52 53.29 618.98 115.64 0.726839
6 1109.97 637.65 1359.55 764.55 0.715073
4 772.62 0.00 875.02 18.93 0.671613
4 870.13 21.77 895.85 56.01 0.666097
5 491.47 52.76 620.29 115.41 0.658817
6 464.08 0.50 578.06 95.89 0.448759
5 768.34 192.33 841.76 292.91 0.411877
6 380.65 0.40 520.66 67.45 0.367868
6 898.72 9.92 959.02 84.92 0.322898
5 639.55 122.44 691.46 190.82 0.226046
10 997.46 544.22 1058.41 575.28 0.173476
10 1143.12 689.69 1189.52 764.07 0.121789
10 372.78 75.15 443.41 163.14 0.112337
