4 451.07 31.59 542.02 78.49 0.893086
4 1106.78 75.04 1204.95 124.73 0.893078
4 1206.47 138.79 1318.74 198.11 0.874483
4 1060.96 31.85 1145.05 74.14 0.864997
6 466.10 413.49 807.64 598.69 0.862233
4 1307.75 235.74 1359.57 299.48 0.859262
6 375.57 0.15 610.24 59.57 0.855975
4 1028.30 5.83 1118.69 48.22 0.833812
6 464.23 297.23 848.31 475.28 0.807576
4 1029.22 0.28 1098.92 16.00 0.752680
5 684.89 147.27 772.78 251.09 0.736752
3 1161.16 89.68 1246.82 156.78 0.633700
6 473.55 51.51 696.63 206.52 0.611035
6 383.79 39.15 845.81 598.04 0.549327
6 1233.93 0.06 1359.57 78.24 0.486028
5 774.11 318.31 845.43 444.94 0.421611
4 708.20 239.00 780.45 308.40 0.371989
4 1339.53 288.83 1359.81 366.42 0.337300
10 1161.93 90.43 1245.37 157.67 0.262973
1 683.03 406.57 742.26 486.88 0.261823
2 764.52 483.95 793.46 506.20 0.250194
2 1176.08 106.00 1207.86 135.32 0.219199
4 759.27 306.05 795.34 352.41 0.172506
