4 519.25 578.86 549.07 622.65 0.826934
4 648.29 696.06 685.70 756.76 0.826615
4 566.89 203.23 585.73 218.03 0.808490
4 469.00 275.55 495.65 295.24 0.803400
4 667.97 334.30 687.13 356.52 0.802597
4 649.14 223.10 663.71 237.84 0.799842
4 656.89 600.93 687.86 654.17 0.791871
4 639.34 289.48 656.61 310.74 0.790644
4 561.55 776.84 620.79 787.83 0.787796
4 440.53 444.90 464.23 475.56 0.786145
4 675.08 192.25 687.72 204.83 0.783317
4 591.44 326.27 609.45 351.69 0.774041
4 100.25 391.29 131.91 411.89 0.773208
4 767.82 394.77 792.75 426.83 0.771736
4 87.19 500.34 125.23 531.93 0.750673
4 653.20 171.55 667.06 184.84 0.749797
4 105.40 180.48 128.38 192.29 0.741509
4 718.57 282.31 737.96 308.51 0.740296
4 78.22 468.94 114.80 499.19 0.731991
4 605.12 166.36 617.50 176.88 0.722641
4 90.68 413.36 110.63 435.29 0.719785
4 71.13 395.75 97.68 418.34 0.712020
4 374.80 361.55 409.37 394.33 0.703475
4 611.06 115.38 622.22 123.33 0.692576
4 611.69 91.04 622.72 100.02 0.692520
4 670.51 153.88 682.14 168.07 0.686978
4 639.86 109.09 650.70 118.00 0.686478
4 654.34 122.10 665.72 132.27 0.677341
4 569.91 81.62 580.65 89.27 0.653269
4 615.08 154.41 626.29 165.76 0.648604
4 691.70 133.96 703.94 146.03 0.647582
4 726.57 362.49 750.00 398.05 0.642805
4 646.64 95.97 655.95 104.76 0.637301
5 428.11 290.28 469.50 327.87 0.623572
4 661.74 97.67 671.44 104.96 0.608649
5 1.89 354.55 72.63 404.67 0.608579
4 579.91 90.02 590.06 100.33 0.597207
4 533.96 62.34 546.26 72.86 0.587687
4 627.88 187.19 637.54 200.01 0.579768
4 312.16 224.74 333.76 238.64 0.536375
4 643.45 129.78 660.01 149.15 0.535448
4 461.00 51.14 472.01 57.55 0.504141
4 232.46 229.34 256.68 241.02 0.491944
5 0.06 561.12 54.21 616.72 0.484259
4 691.88 137.18 703.33 146.00 0.482088
4 442.92 45.98 453.32 54.26 0.471434
4 710.88 143.12 719.77 151.70 0.470375
5 459.64 431.73 498.80 532.74 0.469540
4 725.18 246.80 736.52 254.41 0.467757
4 529.83 66.36 538.99 75.15 0.460143
4 242.60 404.63 264.78 418.47 0.420838
5 616.40 130.87 630.68 151.12 0.417074
4 486.91 44.53 501.54 56.10 0.411571
5 405.38 212.85 424.95 249.84 0.408505
4 52.68 536.52 101.99 572.08 0.406303
4 624.21 358.15 651.33 407.05 0.404189
4 107.98 335.59 136.65 355.29 0.399000
4 134.67 335.75 161.06 353.15 0.387319
4 400.94 135.79 411.82 146.74 0.385172
5 103.85 420.49 132.82 467.32 0.383509
5 623.84 358.37 650.93 407.35 0.382556
6 404.97 213.06 424.63 249.31 0.376274
4 261.63 448.44 274.26 458.23 0.363950
4 614.77 57.74 623.20 63.92 0.358489
4 225.24 244.49 236.91 256.69 0.351816
6 22.30 262.45 126.93 319.35 0.349736
4 231.31 401.98 280.81 421.95 0.349298
6 104.68 418.33 132.67 467.41 0.344726
4 591.55 118.37 599.21 125.97 0.334332
4 660.58 93.87 671.12 104.18 0.334065
4 0.14 139.23 35.72 152.76 0.332675
4 249.06 444.81 274.44 465.60 0.306666
6 342.82 31.67 368.60 44.75 0.300564
4 397.31 136.01 411.23 147.45 0.286191
6 63.90 188.71 99.11 212.11 0.262778
4 597.41 152.87 603.30 160.09 0.253017
6 1203.43 244.35 1244.30 265.29 0.226924
4 710.89 144.35 719.37 154.67 0.223734
6 176.37 161.05 191.40 178.17 0.216697
6 521.47 49.86 536.52 60.48 0.204488
9 616.29 130.36 631.05 151.06 0.197275
6 1013.31 219.45 1035.51 231.93 0.192118
