4 1082.40 998.52 1272.30 1049.52 0.911199
1 1129.13 579.73 1175.45 661.78 0.841454
3 1360.03 780.33 1399.71 835.04 0.817288
2 1289.20 717.73 1348.37 817.39 0.816866
2 1250.97 751.45 1287.57 815.96 0.724851
4 75.93 450.46 148.81 510.43 0.707951
4 0.44 401.08 148.77 510.81 0.707775
3 1023.49 672.22 1072.01 700.10 0.681381
3 1292.14 361.50 1348.28 399.30 0.667841
3 1301.28 419.21 1384.70 496.67 0.637513
3 1303.43 445.34 1384.69 498.59 0.621684
2 735.58 557.96 768.75 633.94 0.617078
2 754.13 643.08 793.51 729.86 0.612074
1 736.55 557.04 767.90 634.03 0.607762
2 822.49 609.62 868.03 693.08 0.578800
2 593.96 642.32 634.80 729.98 0.569902
3 1147.74 710.85 1200.46 740.45 0.566194
3 1295.72 299.46 1340.53 328.25 0.506631
2 629.60 651.52 660.78 712.73 0.455186
2 800.33 578.39 833.30 653.81 0.449501
3 1193.77 283.73 1219.15 314.78 0.441769
3 603.61 533.92 652.82 587.33 0.436290
2 787.54 649.17 828.33 710.91 0.415968
3 505.40 515.69 540.26 556.75 0.397660
2 583.52 513.97 620.03 575.07 0.394537
2 474.72 515.51 500.74 562.78 0.393105
3 1252.39 291.38 1292.42 326.95 0.389604
2 526.99 553.97 554.11 611.61 0.384680
7 604.36 534.49 652.32 587.00 0.376439
2 1227.16 288.04 1250.41 316.39 0.366320
2 478.47 484.69 506.97 557.08 0.351801
4 575.10 409.56 607.57 439.12 0.299689
2 566.52 554.45 607.75 636.43 0.262755
3 735.32 601.70 758.68 633.59 0.261776
2 799.96 607.83 836.75 692.58 0.254429
2 527.13 492.38 558.24 563.32 0.241865
2 546.07 554.96 584.88 634.47 0.236609
4 4.05 352.12 51.34 387.84 0.231324
3 1365.22 296.43 1399.28 333.03 0.199419
7 1291.82 330.79 1356.88 366.82 0.184196
2 797.02 652.00 826.90 711.02 0.182416
10 181.19 647.43 228.56 716.83 0.169228
6 504.27 450.95 539.67 551.40 0.146533
