4 235.85 987.55 333.74 1049.60 0.900720
4 921.42 842.34 1045.43 898.22 0.898763
4 1013.75 873.60 1150.96 924.75 0.886097
4 719.77 768.68 817.37 812.42 0.865111
4 627.68 795.19 675.91 852.03 0.858147
4 988.02 740.78 1075.20 771.61 0.855670
4 435.28 953.20 519.11 1049.49 0.855437
4 506.99 820.61 564.21 895.25 0.853869
4 949.07 767.66 1052.28 806.51 0.845585
4 794.71 755.02 878.97 789.00 0.844170
4 861.86 810.30 929.32 861.25 0.841976
4 1053.28 792.64 1127.45 847.44 0.836096
4 628.23 652.40 646.68 671.24 0.835117
4 805.48 814.14 856.50 864.84 0.834826
4 979.63 798.50 1051.20 844.37 0.828588
4 1102.94 787.17 1174.77 845.85 0.820289
4 631.11 693.37 659.05 723.17 0.818304
4 616.28 595.63 628.64 605.30 0.816378
4 719.79 707.91 751.59 738.14 0.812591
4 596.47 598.82 609.51 611.30 0.812072
4 720.36 675.16 745.18 698.18 0.806670
4 918.73 801.30 981.15 850.13 0.799424
4 1349.60 768.55 1399.69 789.11 0.796505
4 946.30 699.66 991.21 728.61 0.777677
4 671.91 610.56 709.85 629.58 0.749662
4 789.11 729.11 872.25 765.66 0.745837
4 1184.14 738.49 1238.40 775.96 0.740859
4 619.10 570.41 629.48 578.07 0.706407
4 657.99 596.06 669.34 608.53 0.699206
6 766.66 659.50 832.93 697.22 0.668063
4 864.76 636.51 917.71 659.33 0.663223
4 861.72 810.59 895.88 859.46 0.660811
6 36.32 604.43 91.61 629.93 0.646561
4 1259.26 780.38 1303.26 793.83 0.642679
4 1015.20 873.54 1095.59 895.60 0.636137
4 829.77 672.20 860.21 695.14 0.633233
4 1335.29 742.28 1371.91 766.13 0.630644
4 753.56 685.65 811.16 720.19 0.625452
4 782.85 701.27 847.12 739.42 0.619067
4 1280.97 728.87 1314.76 750.57 0.610566
4 785.63 623.56 803.89 641.03 0.609308
1 936.89 934.81 956.02 989.04 0.608067
4 941.70 668.58 987.21 692.68 0.580733
4 915.28 631.78 969.98 656.64 0.571127
4 818.98 651.09 839.72 670.65 0.568517
3 72.16 755.08 99.78 782.75 0.568018
4 719.49 632.22 741.54 652.11 0.567335
3 71.13 751.89 121.09 783.27 0.565789
4 748.17 631.41 780.12 647.53 0.552892
4 628.71 553.17 639.93 561.56 0.547240
10 98.70 584.30 342.26 720.65 0.537963
4 967.41 683.74 999.62 701.74 0.535856
3 903.39 937.75 966.86 990.01 0.525098
1 1076.10 751.37 1089.54 785.68 0.509828
4 910.69 654.84 943.16 679.43 0.501922
1 1075.74 721.82 1092.86 750.95 0.501026
4 192.09 595.95 207.24 607.78 0.496791
4 269.60 595.95 282.85 606.67 0.489668
4 676.19 588.01 697.87 604.12 0.477907
4 892.47 644.90 925.17 668.02 0.465656
6 1168.92 789.49 1399.59 1049.41 0.447887
6 705.87 577.64 731.74 592.67 0.426072
1 77.65 736.74 96.59 771.12 0.418656
4 239.61 585.54 254.00 596.65 0.396254
2 614.81 624.39 626.94 644.17 0.388769
1 169.49 720.36 186.65 741.16 0.388494
1 614.74 623.08 626.79 643.72 0.384588
1 222.62 696.75 236.50 717.11 0.379831
4 866.30 637.07 895.75 657.71 0.378917
3 1092.89 720.69 1141.23 749.23 0.370855
4 633.34 693.76 656.65 707.42 0.369970
4 933.37 618.06 968.94 633.59 0.366640
4 656.29 562.13 663.29 570.30 0.366210
1 974.74 708.81 989.24 745.05 0.359504
6 208.07 589.13 231.96 603.48 0.351966
1 1101.87 730.42 1117.36 762.98 0.344174
4 504.15 954.38 518.97 1037.99 0.328986
2 1076.03 720.14 1093.08 751.06 0.322044
4 684.65 594.19 700.03 606.11 0.303030
3 297.45 656.25 322.79 679.05 0.299014
4 867.23 639.76 880.76 653.17 0.278422
1 975.98 718.05 987.21 744.69 0.276074
1 842.11 614.30 849.55 628.32 0.269849
2 860.37 647.98 870.56 664.02 0.261248
4 1170.02 884.95 1187.53 918.34 0.248139
1 759.74 693.65 771.50 723.62 0.230965
2 941.50 701.62 951.68 727.64 0.227461
