4 732.44 591.92 897.09 680.24 0.924478
4 789.25 546.92 924.79 620.08 0.919166
4 847.02 481.23 985.53 546.05 0.910345
4 320.47 336.20 413.90 387.61 0.885387
4 650.10 643.73 781.63 729.72 0.863763
4 960.68 344.72 1066.14 394.11 0.860244
4 976.17 327.18 1073.96 366.78 0.852032
6 441.84 682.17 769.72 764.51 0.840105
4 901.79 394.85 1016.35 457.25 0.807909
4 751.99 123.02 806.16 150.52 0.788223
4 847.58 482.24 895.81 529.09 0.779843
4 797.00 98.36 851.11 125.52 0.762524
6 353.61 328.76 689.19 651.98 0.750257
5 946.49 235.81 1168.61 362.37 0.748899
6 464.18 329.26 688.94 576.46 0.745262
6 946.13 254.34 1162.67 361.82 0.742596
4 1194.64 68.21 1255.52 86.58 0.737429
4 973.29 27.96 996.70 44.18 0.737052
5 353.62 514.21 474.10 652.10 0.723841
4 784.44 112.53 837.68 138.31 0.701029
6 1034.03 160.03 1249.28 261.48 0.685335
6 1147.62 128.85 1306.61 218.01 0.650505
6 1200.26 71.54 1349.33 151.34 0.649768
4 483.57 258.60 582.05 311.08 0.633353
6 0.42 397.26 235.62 649.36 0.615318
5 1066.75 195.55 1218.04 261.77 0.575224
4 183.65 379.37 269.38 440.67 0.542335
6 1228.79 94.76 1349.88 152.00 0.523089
4 0.17 69.06 35.44 91.30 0.518124
7 869.95 415.83 990.36 494.10 0.505055
4 618.55 0.16 659.10 10.97 0.502529
5 183.71 379.83 268.81 441.31 0.471537
5 1024.60 235.26 1168.43 286.32 0.463093
6 1200.58 73.41 1328.02 122.97 0.424804
4 1024.37 235.62 1066.30 262.88 0.412493
6 329.89 221.90 489.01 366.20 0.412113
4 1151.97 45.41 1172.04 68.89 0.391667
3 282.05 235.82 317.09 263.83 0.388649
4 84.91 70.91 116.08 80.50 0.386353
6 1168.76 40.38 1282.89 79.73 0.384718
4 164.09 324.83 211.50 364.61 0.375529
5 719.58 119.47 754.05 151.05 0.367586
4 464.08 306.32 489.43 347.39 0.342252
4 1080.26 6.91 1101.89 28.16 0.310050
6 693.11 147.29 798.18 215.45 0.296701
5 1264.45 110.09 1301.96 153.63 0.256810
10 556.23 170.91 737.87 278.90 0.246121
6 1134.93 0.90 1211.01 44.75 0.202606
5 1033.32 188.25 1076.08 237.84 0.187497
