4 449.40 375.84 529.69 444.48 0.820305
1 1302.67 712.26 1359.62 799.81 0.817041
4 663.42 441.72 741.26 535.15 0.777068
4 554.17 216.01 582.92 244.60 0.756155
4 614.78 244.59 649.32 276.01 0.742123
4 923.78 304.11 989.85 344.09 0.733979
4 691.62 549.95 805.60 714.91 0.671917
2 436.24 1014.25 483.74 1049.27 0.642180
1 1371.65 600.08 1399.61 667.71 0.586705
4 459.07 197.70 508.74 227.08 0.568124
1 435.33 1014.33 484.30 1049.33 0.551335
2 1372.33 599.68 1399.80 669.80 0.541613
4 563.27 630.50 668.33 823.39 0.535152
4 835.10 248.17 879.15 277.34 0.462889
4 817.25 235.32 856.55 264.61 0.426469
4 1116.73 365.76 1215.60 419.13 0.422376
4 782.90 207.35 805.02 235.17 0.351719
4 1246.95 333.42 1295.34 369.40 0.325261
2 578.25 694.26 647.23 737.67 0.297510
4 1218.46 211.76 1273.24 238.93 0.264615
4 595.05 97.49 606.06 110.64 0.209445
4 875.44 114.37 905.20 135.65 0.192621
4 504.11 375.92 534.66 439.89 0.184686
9 579.02 84.09 604.86 110.58 0.158185
10 1250.23 614.36 1275.23 652.21 0.138916
10 1321.46 669.11 1349.04 716.50 0.126554
2 173.47 294.69 194.97 337.14 0.120549
10 1343.52 543.48 1362.52 570.79 0.116713
