4 604.04 705.66 802.91 764.57 0.966568
6 571.20 409.89 853.23 548.76 0.904223
6 485.47 307.96 760.20 438.98 0.903798
6 1066.35 276.45 1359.40 386.76 0.901283
4 520.85 269.11 625.30 317.31 0.879852
4 505.15 245.87 608.28 292.00 0.868249
6 527.03 518.34 793.90 671.11 0.863424
4 449.67 206.59 537.47 253.03 0.842299
6 382.80 125.26 591.39 231.22 0.842075
4 473.24 220.59 570.16 271.86 0.840085
4 999.59 117.02 1055.27 149.45 0.836244
4 535.11 309.05 632.92 328.96 0.829152
4 0.03 155.88 25.76 183.29 0.807432
6 1222.50 396.35 1359.51 524.35 0.785444
6 1038.36 73.42 1256.61 148.27 0.784544
6 1016.97 146.06 1330.91 287.20 0.753332
6 1180.71 0.29 1359.58 79.28 0.742164
4 111.04 65.52 143.65 96.85 0.706839
3 1185.40 465.82 1218.77 515.54 0.703942
4 359.86 139.82 426.97 188.20 0.701983
6 666.96 0.01 799.31 72.33 0.635886
6 803.80 0.17 889.72 56.65 0.634271
6 950.48 148.00 1048.79 225.51 0.571538
6 533.88 0.00 681.48 87.30 0.561503
4 1116.81 70.31 1185.34 94.84 0.554994
6 208.73 34.86 256.30 75.07 0.505492
6 312.93 21.98 444.78 133.96 0.488282
4 209.52 34.66 256.75 73.65 0.464508
4 948.06 0.00 985.39 26.85 0.376809
6 961.41 149.66 1025.67 224.94 0.375150
6 1066.59 242.40 1213.57 311.49 0.368482
5 492.89 48.65 544.49 108.70 0.367602
4 24.22 102.92 45.60 114.33 0.363822
5 591.30 34.55 638.24 92.57 0.357246
5 449.63 59.20 501.52 119.65 0.346935
4 1152.07 50.22 1186.49 68.05 0.246868
4 1138.09 54.09 1186.82 87.68 0.231615
6 464.16 2.23 544.93 110.53 0.231061
9 385.88 68.41 444.33 133.97 0.223551
6 373.15 11.70 472.86 93.10 0.206483
2 1101.87 319.01 1113.47 336.76 0.197167
5 698.25 518.55 793.61 662.92 0.187237
10 1185.94 466.69 1206.93 497.05 0.159703
