4 421.37 362.08 487.43 436.10 0.826358
6 150.35 325.85 261.75 389.53 0.819400
5 149.75 321.23 261.32 389.40 0.809908
4 579.34 232.66 620.88 281.90 0.802189
4 625.63 147.40 668.62 176.41 0.798332
4 519.35 320.87 566.44 384.38 0.794615
4 246.54 297.93 311.93 345.58 0.780450
4 532.67 206.04 571.40 247.69 0.773962
4 686.37 55.83 702.89 71.89 0.746200
4 676.91 492.08 756.39 610.53 0.740466
4 63.25 454.81 173.78 563.16 0.716094
4 260.29 237.92 335.69 281.40 0.673711
3 3.36 446.07 67.47 472.31 0.670129
3 712.08 178.02 722.63 193.54 0.662489
4 759.70 47.94 778.47 63.77 0.631683
4 464.04 362.93 486.73 433.65 0.625263
4 614.21 24.93 625.44 39.12 0.619389
4 679.61 26.05 694.35 39.98 0.617767
4 445.94 68.67 467.60 87.95 0.605350
4 879.08 32.06 898.31 45.96 0.604615
3 126.11 406.86 159.45 433.34 0.601359
4 653.59 25.99 668.21 36.99 0.592965
3 745.91 182.23 757.24 201.48 0.591606
4 918.05 60.96 941.82 78.86 0.586424
4 667.91 10.31 681.59 22.13 0.580406
3 290.70 669.25 331.06 719.15 0.576734
4 644.88 0.00 656.95 6.08 0.548289
4 907.13 47.45 929.34 63.62 0.540380
1 355.50 435.45 375.27 484.46 0.531036
4 729.54 7.09 745.56 19.64 0.529446
4 618.67 2.77 632.34 16.36 0.528189
4 646.73 13.47 658.78 26.95 0.503541
1 921.99 279.25 936.56 312.27 0.499848
9 839.32 0.06 895.76 44.14 0.497269
2 293.58 635.30 332.46 702.05 0.486479
2 711.74 166.15 722.81 192.99 0.485376
4 540.36 37.98 558.23 46.12 0.474847
4 663.55 0.20 676.61 9.91 0.471203
3 290.91 649.00 332.61 719.59 0.458885
4 929.09 47.89 949.15 64.22 0.434951
2 745.47 177.53 757.75 202.59 0.419540
2 745.54 130.20 756.70 153.14 0.404738
4 0.13 599.61 52.66 707.05 0.394119
1 51.49 316.80 69.52 357.18 0.390934
4 864.49 30.29 878.81 42.25 0.387028
4 923.09 30.39 950.86 45.55 0.385368
5 907.52 29.95 925.24 44.83 0.352254
4 389.24 39.92 402.88 55.83 0.346967
7 2.01 414.64 66.95 471.78 0.344982
4 876.03 145.40 895.88 199.25 0.343963
1 745.88 129.82 755.96 152.06 0.340402
2 576.11 68.41 585.36 88.49 0.305683
4 22.48 308.41 63.89 348.86 0.291373
2 921.65 278.81 936.82 310.91 0.285658
2 81.19 346.74 91.08 373.26 0.283453
3 928.03 299.60 936.06 313.35 0.279074
2 572.28 53.17 581.54 66.71 0.277336
2 827.97 96.22 837.39 115.93 0.249624
2 502.05 41.11 511.84 59.63 0.246804
2 0.27 316.47 16.39 357.96 0.246640
6 922.88 30.79 951.12 45.39 0.244817
4 498.35 30.71 512.69 45.93 0.232257
4 721.49 0.00 735.20 8.08 0.231776
2 597.77 0.01 605.50 9.97 0.231238
7 24.15 323.81 50.70 349.52 0.224587
2 818.03 84.46 826.52 99.92 0.214735
7 900.29 290.34 916.53 304.27 0.210866
