4 707.23 311.33 751.18 332.46 0.880225
5 660.08 467.01 687.76 518.63 0.715519
4 615.61 352.37 654.00 384.89 0.711830
4 668.37 68.49 681.12 84.53 0.634584
9 193.00 220.05 236.02 239.31 0.603675
4 655.11 9.85 666.18 24.87 0.597584
5 526.07 319.90 571.02 347.77 0.588521
4 657.09 30.04 669.46 44.84 0.579656
4 630.61 118.66 642.70 134.84 0.547230
4 628.65 135.53 641.08 151.29 0.542603
4 705.36 210.94 721.08 230.81 0.538853
1 639.22 413.30 649.19 435.46 0.489526
4 627.30 153.99 644.34 164.72 0.474886
5 1101.66 229.54 1143.92 244.33 0.473444
4 674.30 50.50 685.49 61.37 0.456618
1 546.61 417.96 556.51 434.79 0.451479
6 656.48 208.38 672.94 234.96 0.439761
1 728.22 397.80 738.82 418.65 0.438962
4 622.36 219.86 644.46 244.52 0.428365
4 677.99 30.29 692.08 46.46 0.428220
4 905.01 967.35 919.64 981.19 0.425728
4 626.57 62.74 638.35 80.84 0.422924
4 656.33 209.07 673.21 234.99 0.422225
4 621.78 34.22 636.32 52.26 0.416191
1 642.62 282.17 651.45 299.94 0.410261
4 158.77 300.14 178.28 312.06 0.391400
2 641.64 282.27 651.55 301.14 0.389013
4 687.42 66.33 698.29 81.53 0.370986
4 616.19 111.64 629.72 124.75 0.365329
7 559.28 354.98 578.69 380.95 0.363781
2 653.96 254.26 664.13 270.80 0.350180
4 675.50 12.43 687.74 26.61 0.348355
4 594.58 68.34 604.29 82.84 0.348137
6 623.21 180.24 646.23 206.55 0.345588
9 955.53 223.41 1004.78 246.42 0.340632
4 626.57 83.80 639.73 107.75 0.336409
4 476.35 325.36 489.94 353.51 0.330228
4 627.52 19.25 638.11 34.54 0.318783
4 629.62 154.02 643.48 162.57 0.318107
9 1101.67 229.77 1145.55 245.06 0.314158
3 15.05 242.28 48.49 272.57 0.299121
2 679.91 163.73 688.05 180.02 0.298572
2 727.95 398.21 738.91 418.53 0.297624
4 1369.81 228.08 1398.83 238.32 0.295237
2 626.64 276.05 637.30 299.01 0.294052
4 144.91 176.31 162.48 191.22 0.288731
2 482.42 255.07 494.31 283.08 0.284463
4 141.79 196.53 152.19 207.26 0.283549
4 709.22 94.80 720.32 112.09 0.278700
4 690.09 90.72 702.76 103.46 0.275042
3 745.87 259.00 761.79 278.16 0.274327
4 705.63 43.12 715.76 57.73 0.268428
4 1353.27 215.50 1371.85 229.01 0.257560
3 785.68 516.97 808.26 537.15 0.251758
4 626.99 61.97 637.90 72.42 0.246374
6 626.20 81.84 639.52 107.79 0.244690
9 764.83 234.84 813.47 273.44 0.231435
4 617.20 111.16 627.39 122.84 0.229078
2 716.57 251.15 726.12 269.78 0.213587
4 722.02 215.04 746.11 233.60 0.201911
6 850.45 214.97 895.79 252.12 0.191864
4 679.35 33.68 692.72 47.44 0.191013
1 606.45 381.03 618.60 418.25 0.177736
2 783.10 499.18 799.10 533.53 0.157742
2 676.17 101.23 684.36 126.87 0.126385
