4 962.66 915.57 1289.91 1049.41 0.963290
4 947.48 759.91 1280.13 894.87 0.954192
4 813.02 409.62 1050.92 510.10 0.939452
4 963.68 622.80 1231.80 749.80 0.931717
4 814.15 259.70 1004.78 357.28 0.928501
4 814.75 194.47 997.65 275.43 0.916603
4 843.99 501.18 1118.72 619.45 0.913145
4 549.64 318.02 653.76 476.92 0.860473
4 805.20 0.00 882.36 47.00 0.857247
4 506.20 510.16 634.27 717.42 0.833923
4 812.05 417.33 895.83 510.36 0.803933
3 841.77 36.61 888.16 83.23 0.799796
4 182.55 5.11 285.32 105.84 0.777821
4 843.20 514.89 895.85 617.66 0.755787
4 612.67 154.13 686.55 213.87 0.735013
4 622.77 5.11 688.32 99.25 0.658495
3 726.63 0.00 740.18 17.50 0.632536
4 650.24 0.00 697.02 10.11 0.620033
4 414.12 0.24 490.48 79.73 0.590527
4 612.16 106.96 687.98 212.27 0.573914
1 766.59 8.36 783.14 55.73 0.549420
1 782.37 0.23 805.97 57.76 0.518484
1 383.74 520.23 422.02 598.04 0.332107
4 0.25 0.03 93.04 68.79 0.292610
2 726.95 0.00 740.64 16.52 0.288372
2 372.23 526.68 395.95 585.39 0.252013
2 361.31 520.54 423.09 597.86 0.178162
3 166.12 50.61 224.45 107.69 0.132925
