6 1.11 567.16 440.46 764.53 0.808284
6 948.00 143.76 1135.28 207.03 0.786173
4 1262.29 99.89 1289.54 113.36 0.777193
6 845.42 161.45 1004.74 222.10 0.765337
6 777.33 431.19 1231.22 764.79 0.729943
6 470.61 236.44 705.96 328.75 0.688776
6 283.65 280.63 621.02 424.52 0.685795
6 730.61 201.63 899.44 275.76 0.662242
6 1259.21 151.34 1359.71 199.78 0.656371
6 607.05 202.45 799.61 293.45 0.634495
6 413.47 284.35 620.74 392.32 0.618163
6 1265.61 118.01 1359.73 152.75 0.611819
4 1331.60 149.02 1359.86 165.16 0.594543
6 282.85 327.85 427.20 425.15 0.554046
4 1246.49 142.91 1300.86 160.90 0.537530
5 1285.37 84.41 1351.64 107.76 0.537202
4 1229.10 102.64 1256.13 118.33 0.506969
4 783.75 270.03 820.30 295.50 0.453342
5 819.55 244.28 863.95 297.51 0.431621
6 464.13 294.06 620.26 413.75 0.420345
5 782.99 270.44 821.55 296.83 0.408406
5 1067.19 664.12 1175.41 764.73 0.393462
4 1322.90 18.65 1340.19 26.40 0.389372
4 1246.39 144.23 1271.55 160.16 0.339416
6 844.85 160.35 895.64 216.53 0.319463
5 1129.15 629.88 1231.50 759.56 0.308180
4 1201.91 108.48 1222.33 123.57 0.305570
4 867.00 182.57 895.72 216.32 0.265078
5 1285.87 85.15 1323.89 106.02 0.252481
5 295.52 292.27 347.55 335.35 0.247132
7 1301.64 298.32 1359.39 358.27 0.239430
5 1337.22 186.62 1359.89 217.34 0.233146
5 845.10 178.79 874.45 210.65 0.204093
7 776.71 434.79 895.64 718.40 0.167677
6 1350.58 104.30 1359.85 122.72 0.139262
