4 509.75 236.12 577.61 280.39 0.850645
4 208.93 411.49 309.68 479.92 0.784353
4 603.18 222.03 668.57 267.03 0.736544
4 610.64 386.11 688.42 455.96 0.720895
6 1138.73 363.20 1275.73 546.02 0.582098
4 1008.08 53.52 1029.11 69.17 0.518169
6 659.21 539.93 895.31 717.81 0.471504
4 546.27 236.19 577.89 260.65 0.465170
9 872.76 416.97 1125.80 653.53 0.449331
6 659.80 543.49 769.16 638.00 0.371688
3 835.62 405.11 910.17 502.18 0.334944
9 622.09 120.83 838.61 238.71 0.325741
4 872.02 11.38 886.16 20.56 0.303333
1 658.39 475.27 678.27 503.69 0.276898
4 149.32 62.69 195.13 97.94 0.264238
3 835.69 461.40 868.45 501.78 0.185499
