4 1288.20 493.78 1382.78 548.27 0.917987
4 1029.12 501.99 1113.11 555.89 0.917683
4 1090.66 544.75 1190.74 608.71 0.914446
4 1194.58 520.51 1295.41 579.75 0.913958
4 1011.46 416.32 1098.91 460.87 0.909794
4 983.32 574.20 1078.95 635.09 0.904962
4 1265.72 350.46 1353.90 398.55 0.903951
4 674.90 583.51 773.19 648.73 0.895233
4 868.14 600.15 965.84 668.40 0.891884
4 1024.07 869.10 1108.01 984.30 0.874855
4 1112.78 470.28 1206.15 530.43 0.872188
6 199.21 551.87 442.74 667.76 0.868235
4 1211.23 370.44 1264.18 413.03 0.856855
4 742.43 480.69 833.31 532.08 0.853429
4 1339.73 416.02 1399.57 474.69 0.851576
4 576.61 514.70 653.50 565.95 0.829219
4 1189.73 820.51 1275.81 932.87 0.829126
4 1293.07 790.52 1382.87 906.18 0.814957
5 199.90 601.93 311.92 666.58 0.758928
4 1182.28 821.25 1268.46 895.65 0.752798
4 1271.18 624.36 1330.09 720.29 0.748441
4 1341.23 612.07 1398.01 705.96 0.726752
4 1077.51 682.91 1142.97 783.69 0.715810
4 878.15 734.66 943.54 839.64 0.714197
5 308.60 555.97 441.83 633.93 0.699900
4 1346.10 767.75 1399.60 877.06 0.692796
4 1150.28 658.05 1210.67 756.02 0.660658
4 1024.25 870.51 1079.23 895.77 0.660638
6 646.16 783.79 770.26 870.06 0.656859
4 1213.55 639.09 1277.14 748.37 0.644301
3 936.35 419.59 1005.84 464.42 0.641984
7 645.79 782.01 771.58 870.09 0.527087
4 0.02 687.98 19.99 711.95 0.506489
4 707.60 785.07 769.49 839.26 0.490881
4 942.47 721.09 1005.99 828.15 0.485492
1 1132.13 433.11 1157.66 467.36 0.478040
1 561.86 867.68 582.60 928.33 0.457728
4 868.53 611.19 895.79 668.46 0.451850
4 0.09 656.23 30.22 712.11 0.364377
1 562.47 887.25 581.88 928.36 0.337768
4 397.71 538.61 446.65 565.51 0.324074
4 409.07 49.77 436.97 66.71 0.323074
4 985.53 290.68 1001.03 307.90 0.322931
4 1120.41 421.52 1155.77 442.65 0.312754
1 1015.25 181.85 1026.91 201.68 0.309112
4 1055.80 94.24 1085.87 112.43 0.307674
3 936.23 426.63 970.84 464.34 0.275396
4 959.07 391.08 987.70 413.90 0.247553
4 276.82 234.01 318.15 263.54 0.240506
4 429.97 93.21 461.48 118.92 0.232337
4 998.74 703.94 1073.77 825.74 0.183587
1 472.54 14.42 488.53 51.83 0.182306
1 468.40 14.33 495.56 79.35 0.158476
4 1387.21 468.71 1399.87 512.03 0.127801
