6 707.87 443.09 1157.83 573.26 0.938169
6 1071.48 444.51 1359.91 540.88 0.920419
4 728.09 335.16 792.63 362.37 0.893829
4 617.19 387.55 691.17 418.82 0.886079
6 567.86 266.10 790.20 337.09 0.884907
6 1109.44 631.05 1359.71 764.54 0.827006
6 618.72 216.19 779.93 262.19 0.797720
4 615.57 355.21 686.74 394.63 0.781059
4 757.94 384.99 836.69 422.42 0.780696
4 485.57 214.87 520.70 236.37 0.749765
4 587.11 371.29 643.32 404.42 0.722430
4 731.91 184.72 762.95 199.93 0.688389
5 505.94 187.32 553.21 214.06 0.666358
4 677.39 256.35 721.43 270.17 0.663990
6 618.71 193.99 779.44 261.35 0.658314
4 694.71 185.94 721.28 198.56 0.646957
6 677.41 256.48 804.04 314.72 0.605887
6 505.08 187.01 552.88 213.06 0.562450
1 857.81 395.07 870.37 427.63 0.548335
6 638.25 192.83 740.17 227.73 0.543255
1 841.68 336.76 852.37 363.75 0.539871
6 509.22 152.54 575.32 190.52 0.525985
4 816.84 295.46 831.78 311.10 0.521285
4 357.70 187.27 380.72 209.39 0.456945
9 1052.27 108.65 1225.94 144.21 0.445209
6 492.78 176.64 533.89 198.06 0.421016
4 721.14 262.51 765.14 280.61 0.382467
4 422.39 249.80 450.04 283.48 0.336760
4 648.26 133.28 670.49 146.04 0.325514
4 495.06 207.60 514.58 217.67 0.314663
6 770.68 264.07 803.85 314.19 0.296533
2 895.94 409.68 917.66 438.32 0.193018
2 793.56 220.70 801.54 241.12 0.167823
