4 784.12 124.90 809.60 135.66 0.798726
4 582.25 220.54 608.27 242.99 0.796935
4 737.36 371.94 769.65 407.34 0.787777
4 632.99 269.14 659.30 296.30 0.787055
4 738.79 316.78 768.39 345.13 0.785802
4 504.65 136.06 531.10 158.28 0.782102
4 304.55 178.93 327.16 194.66 0.768710
4 441.92 469.07 479.51 492.47 0.767832
4 299.76 162.07 322.80 177.98 0.764048
4 267.35 153.32 291.36 171.29 0.747194
4 596.76 200.22 623.92 225.53 0.739612
5 794.05 569.28 828.36 635.44 0.730093
4 701.54 584.95 736.17 640.83 0.700437
4 79.09 634.18 121.09 650.84 0.651210
4 793.45 569.17 827.50 635.54 0.651173
4 779.86 53.75 800.32 66.53 0.608716
4 852.36 38.74 872.74 49.03 0.547509
4 811.62 38.40 826.10 48.34 0.531190
6 732.71 23.45 801.70 47.73 0.518172
4 596.21 134.24 620.11 158.82 0.499070
4 550.57 120.89 568.39 134.69 0.484586
4 835.74 38.93 847.44 49.65 0.456445
4 879.14 44.00 894.07 54.05 0.420961
4 836.25 41.79 846.64 50.45 0.304140
4 859.06 125.68 881.20 135.92 0.266539
4 565.49 19.69 581.92 31.86 0.258697
4 853.13 54.29 862.61 63.97 0.246256
2 882.50 120.10 892.11 136.51 0.212964
6 734.72 111.99 760.78 135.05 0.191885
4 935.26 115.49 964.11 135.51 0.189861
4 557.35 484.75 577.22 520.32 0.176991
9 578.08 123.98 620.62 159.10 0.130921
9 846.22 33.89 865.10 45.65 0.124099
