4 332.27 300.82 387.83 327.35 0.793813
2 214.33 769.84 230.91 787.75 0.721044
4 828.36 109.69 851.59 137.47 0.711701
4 811.77 51.81 832.52 81.20 0.670777
4 766.77 0.17 782.92 17.64 0.666036
1 213.47 769.64 230.36 787.82 0.626069
4 624.19 598.53 662.90 673.58 0.622427
1 265.98 735.95 286.33 765.47 0.613022
4 694.84 602.02 730.10 678.88 0.610110
4 631.05 515.29 666.85 576.73 0.606457
4 611.37 709.28 656.91 787.65 0.605696
2 534.77 463.52 546.34 483.44 0.561249
2 517.18 457.12 529.45 480.10 0.560325
2 545.67 424.56 556.96 445.12 0.551002
2 571.14 362.33 582.30 385.62 0.543259
2 543.40 454.13 555.05 477.33 0.516153
4 809.83 152.00 833.39 191.20 0.476759
1 1155.41 326.46 1166.87 345.19 0.474138
4 74.03 310.78 102.55 319.87 0.472203
2 982.15 306.93 996.77 328.95 0.466180
2 100.10 765.59 117.93 787.66 0.463969
1 721.42 234.93 733.18 254.12 0.451732
4 801.21 120.66 811.82 137.09 0.451453
2 1057.02 516.26 1068.60 534.35 0.445483
4 692.14 509.36 724.72 577.93 0.423041
2 581.45 432.89 589.59 450.43 0.404831
2 721.35 235.53 731.99 254.92 0.395710
2 583.12 273.17 592.78 289.00 0.391819
2 561.40 363.70 571.59 380.31 0.391636
1 581.80 432.94 589.42 449.76 0.387669
2 1006.46 290.58 1020.08 310.52 0.363071
2 284.68 269.33 294.62 291.52 0.333842
4 780.74 33.77 788.84 44.92 0.323655
2 312.42 392.99 322.86 417.70 0.318818
2 624.57 256.11 633.89 274.97 0.307546
2 789.43 237.30 800.89 267.55 0.306622
2 1082.49 621.92 1100.48 652.36 0.302597
2 763.18 223.94 771.63 241.68 0.289557
2 1155.35 326.82 1166.68 345.09 0.281230
4 789.70 103.20 800.08 110.62 0.255150
6 514.69 169.41 587.55 244.25 0.245665
4 838.21 469.20 857.58 488.18 0.244077
2 1355.75 318.46 1366.93 337.28 0.223506
4 807.25 32.54 815.63 44.85 0.208750
2 668.66 203.30 676.43 219.69 0.197950
2 648.60 96.34 655.76 112.73 0.193656
6 1059.42 132.69 1073.87 144.94 0.166832
