4 805.51 416.45 1020.67 524.94 0.923322
4 248.34 373.40 439.59 468.86 0.914558
4 133.77 439.56 344.08 551.57 0.913903
4 0.62 508.80 234.06 650.38 0.910054
4 649.41 635.38 912.85 764.35 0.908031
6 1167.47 118.47 1351.13 226.32 0.901877
4 876.48 327.40 1058.73 419.12 0.879951
4 922.21 267.33 1086.63 328.93 0.856250
4 895.06 298.25 1064.34 362.08 0.845186
4 937.28 231.29 1087.32 288.68 0.834261
4 611.78 178.26 734.25 246.58 0.828409
4 637.99 162.72 754.01 217.83 0.812538
4 951.40 204.58 1102.60 260.40 0.805180
4 728.52 115.79 829.37 164.36 0.794306
4 676.97 144.56 784.86 199.41 0.789440
4 704.71 130.81 807.68 181.90 0.782654
4 818.80 50.39 906.41 96.21 0.777195
4 982.06 141.08 1108.37 182.32 0.767730
4 985.13 165.02 1107.62 211.60 0.751693
4 879.00 15.78 956.88 54.18 0.742210
4 152.29 275.58 308.43 380.76 0.725800
4 756.04 101.58 841.71 146.62 0.706640
4 1014.85 118.28 1130.95 166.76 0.699245
4 0.21 354.35 129.62 489.67 0.644397
4 1053.56 61.83 1146.79 98.80 0.639441
4 764.85 82.79 845.89 120.87 0.621892
4 1027.35 93.88 1133.99 128.50 0.607976
4 1068.32 33.48 1150.28 66.28 0.606848
4 1035.76 80.05 1133.53 109.43 0.597370
4 931.05 0.02 972.15 18.93 0.591419
4 961.57 180.34 1095.09 220.49 0.589337
4 805.68 416.21 895.78 502.06 0.585191
4 1155.63 151.64 1177.75 178.62 0.556414
4 870.86 45.94 946.39 78.77 0.548048
4 1057.78 47.69 1146.51 78.40 0.543378
4 273.15 232.20 351.38 277.56 0.525592
6 1091.39 0.15 1185.07 39.83 0.498522
4 1023.47 109.84 1137.89 149.28 0.478392
4 590.85 118.44 630.83 153.83 0.452165
4 274.26 198.48 379.92 282.93 0.451135
4 1085.38 0.00 1113.26 9.30 0.422799
3 1345.68 157.41 1359.97 199.48 0.374464
4 177.22 217.70 218.74 244.44 0.351307
4 76.96 336.15 179.45 387.26 0.338918
7 1198.91 1.14 1264.71 63.57 0.300302
5 1294.14 138.89 1351.20 226.93 0.270088
4 337.86 215.68 378.91 252.29 0.249048
1 864.74 24.47 937.41 102.38 0.240642
4 589.65 137.08 607.96 175.45 0.237908
4 717.82 82.04 730.62 105.55 0.231480
6 1167.28 118.34 1233.58 212.70 0.230888
4 465.28 105.10 499.01 171.14 0.216338
4 853.67 334.92 895.78 398.51 0.201231
