4 262.45 606.64 313.13 625.81 0.845254
4 810.89 544.06 851.06 570.81 0.830855
4 212.09 585.30 258.28 604.11 0.820100
4 449.95 466.06 494.49 487.86 0.792128
4 221.10 679.25 267.89 700.64 0.786725
4 306.92 632.28 347.94 650.92 0.784005
4 414.14 628.95 459.62 648.77 0.778272
4 284.77 678.20 329.27 697.93 0.777496
4 343.25 677.47 385.87 696.73 0.769646
4 197.63 656.50 241.02 678.45 0.766129
4 403.80 673.67 446.37 691.52 0.763149
4 252.24 657.51 295.13 675.73 0.759691
4 125.67 659.33 175.26 681.13 0.757145
4 356.62 655.07 395.28 672.40 0.755330
4 410.48 654.85 452.48 672.04 0.748792
4 308.27 656.50 345.31 673.79 0.742340
4 159.84 677.79 207.03 698.65 0.726948
4 989.50 592.64 1030.30 611.65 0.725802
4 466.42 437.41 496.32 454.98 0.713108
4 416.14 452.64 450.64 471.40 0.697791
4 353.68 629.72 395.11 651.18 0.691867
4 476.07 404.94 513.58 425.03 0.688064
4 881.68 590.32 924.19 613.06 0.670109
4 877.59 572.77 922.32 592.79 0.668189
4 938.49 589.12 975.12 609.85 0.645318
4 279.90 457.04 306.88 483.65 0.636471
4 1046.99 570.28 1096.98 591.02 0.635099
4 618.37 433.63 636.85 467.05 0.616594
4 314.25 449.00 337.31 464.33 0.602562
4 513.58 153.97 542.87 165.99 0.588283
4 428.79 720.47 463.11 735.60 0.586242
4 492.86 274.94 534.10 307.07 0.579799
4 858.56 669.98 895.48 695.52 0.574963
4 1124.60 634.22 1177.21 678.35 0.572458
4 637.30 70.62 652.27 94.09 0.560846
4 1087.74 586.69 1131.99 609.07 0.552710
4 1311.97 567.90 1353.29 588.49 0.532601
4 510.93 145.71 542.07 165.91 0.517095
4 945.41 573.20 983.62 592.25 0.513506
6 0.53 791.59 447.42 1049.06 0.512316
4 517.11 133.45 549.69 149.14 0.502112
9 203.58 420.02 329.92 461.67 0.501389
4 516.63 100.09 542.37 118.43 0.496023
4 783.22 680.93 824.40 719.68 0.495974
4 255.89 504.54 278.07 536.38 0.474361
4 313.94 445.79 336.82 461.57 0.471679
4 1044.02 591.18 1081.50 609.73 0.470482
4 467.39 438.51 486.52 453.31 0.463555
4 510.80 133.01 550.36 166.17 0.446003
4 505.26 189.54 539.88 221.44 0.432296
4 505.76 243.40 540.68 274.54 0.408512
4 876.88 573.72 895.80 596.20 0.405536
4 706.65 909.25 730.59 960.60 0.402002
4 886.19 614.30 926.94 635.16 0.382786
2 492.79 752.11 504.58 768.65 0.377069
4 519.03 13.53 549.14 47.46 0.366826
4 1130.87 659.08 1177.48 677.18 0.364636
4 519.65 76.79 549.10 101.06 0.361789
4 1235.67 632.89 1294.53 655.52 0.353286
4 1044.21 569.77 1131.75 609.47 0.352994
4 351.65 717.68 389.76 740.58 0.351718
4 643.21 12.25 659.88 37.06 0.344488
5 640.62 415.01 657.81 447.19 0.333871
4 702.38 828.12 725.79 877.22 0.331371
6 618.86 433.88 636.50 467.10 0.323381
4 881.66 594.15 895.85 613.34 0.317128
6 788.55 241.50 830.78 298.32 0.309786
9 700.32 418.51 791.87 460.39 0.309769
2 376.34 451.42 388.53 465.24 0.309114
1 336.35 455.50 346.21 470.30 0.286385
2 472.74 746.74 488.46 766.89 0.285158
1 594.09 480.67 602.83 499.07 0.280466
3 0.39 500.49 67.96 548.88 0.257517
4 885.65 615.16 895.86 635.81 0.254070
5 757.61 846.65 781.31 898.86 0.248822
4 793.76 268.31 826.11 297.11 0.241814
5 702.64 828.92 725.39 876.61 0.211017
4 620.52 327.73 637.51 358.70 0.199535
6 600.30 361.03 618.05 391.26 0.182690
