4 835.62 1032.00 868.76 1049.80 0.779805
4 761.42 855.52 790.04 878.43 0.732041
4 791.36 901.88 818.00 928.26 0.709822
4 709.22 745.03 739.33 766.99 0.695649
4 42.73 994.08 67.35 1028.43 0.695142
4 740.77 805.28 767.86 829.84 0.665629
4 715.84 759.13 744.33 783.96 0.648030
4 792.46 683.38 821.91 704.93 0.646799
4 727.45 781.57 755.59 808.24 0.646025
4 109.15 986.54 132.08 1022.20 0.634647
4 783.49 869.33 810.36 890.82 0.614004
4 68.98 986.21 88.27 1015.37 0.611528
4 747.31 819.11 776.91 841.86 0.611358
4 556.27 632.18 585.55 652.13 0.592475
4 694.04 712.71 725.71 734.85 0.583666
4 775.86 642.49 806.16 664.48 0.577396
4 798.65 924.70 826.25 954.74 0.572720
4 907.40 1033.48 934.62 1049.75 0.570764
4 1226.55 909.78 1291.86 947.30 0.570714
4 87.13 982.81 109.65 1018.51 0.564369
4 757.84 837.60 787.13 860.83 0.545044
4 701.80 731.61 730.58 750.28 0.540104
5 593.98 622.19 626.69 640.72 0.538489
4 808.08 708.24 832.10 722.92 0.527273
4 210.96 622.69 225.68 635.24 0.525910
4 161.01 570.87 188.19 586.61 0.518948
4 174.95 607.69 192.11 620.77 0.505013
4 845.88 1002.33 863.50 1019.51 0.430892
4 39.40 651.95 68.61 668.93 0.423579
4 238.76 886.97 256.03 904.92 0.386785
5 610.35 634.59 657.96 655.36 0.385651
6 777.67 702.84 842.25 750.60 0.346797
2 341.03 879.16 362.87 895.58 0.345570
2 485.15 1017.82 506.34 1044.89 0.328183
4 683.32 684.69 711.05 704.02 0.325140
4 573.13 653.38 591.56 667.16 0.315022
4 190.50 254.87 214.30 269.58 0.304593
4 641.73 454.46 658.57 468.07 0.294393
4 583.90 369.92 597.85 383.04 0.254715
2 539.80 545.71 595.14 617.03 0.235421
2 547.67 597.00 561.40 621.21 0.228852
6 504.07 154.40 627.87 327.82 0.198401
6 186.22 94.22 294.22 210.55 0.191773
