4 947.51 720.64 972.70 754.08 0.860655
4 743.20 722.27 767.57 757.68 0.843100
4 992.26 483.01 1017.89 512.59 0.834530
4 1040.73 516.48 1065.82 542.84 0.823846
4 1067.39 575.40 1094.97 604.34 0.818797
4 451.72 670.27 491.15 707.12 0.755811
4 808.26 194.51 823.00 213.16 0.736374
4 676.69 487.79 691.42 510.38 0.703816
4 720.55 211.49 734.07 228.71 0.684192
4 831.10 210.53 844.32 228.11 0.680850
4 714.56 166.59 726.77 180.45 0.678252
4 697.65 536.69 714.94 565.85 0.663766
4 731.12 549.25 748.10 578.20 0.642870
4 875.91 306.87 891.15 326.92 0.639888
5 707.64 579.32 754.97 658.47 0.591749
4 714.34 527.47 732.48 556.85 0.582841
4 674.99 445.37 689.19 468.90 0.572551
4 645.86 7.08 655.89 18.86 0.550706
4 635.92 244.37 647.47 261.04 0.498692
4 663.05 429.68 677.24 454.57 0.498162
4 635.57 267.73 648.14 285.01 0.492402
4 628.12 227.87 639.55 242.64 0.491300
4 671.20 393.47 684.92 414.28 0.488597
4 633.16 112.89 645.49 127.06 0.486468
4 773.85 133.90 784.44 146.09 0.473097
4 677.31 417.24 692.46 441.28 0.461832
4 739.15 80.71 748.86 91.60 0.460666
4 660.06 270.77 673.59 291.58 0.457477
4 656.45 294.24 669.83 312.22 0.455535
4 640.64 218.86 651.92 234.32 0.451195
4 620.23 189.59 633.14 205.44 0.448522
4 639.32 201.98 650.17 216.10 0.443519
4 662.39 316.84 673.00 329.95 0.441109
4 623.70 204.93 635.14 221.79 0.439110
4 649.10 234.11 662.87 251.44 0.435621
4 656.49 381.28 670.13 402.25 0.434115
4 652.36 358.98 666.81 380.07 0.421569
4 611.02 149.48 621.98 161.50 0.421331
4 651.65 252.61 663.45 270.46 0.417874
4 617.91 161.19 628.68 175.42 0.395422
4 681.88 313.93 696.90 333.96 0.393516
4 870.29 297.40 884.04 308.94 0.392214
4 649.20 170.61 660.46 185.60 0.390828
4 691.93 444.46 709.73 469.69 0.384749
4 670.07 366.68 687.55 389.97 0.381623
4 662.32 344.37 677.21 364.36 0.379804
4 601.85 61.92 612.42 74.30 0.377256
4 604.68 121.13 614.20 133.25 0.377200
6 691.97 393.15 722.96 470.05 0.372752
4 673.38 269.04 688.12 286.45 0.368290
4 608.69 108.99 618.28 121.23 0.367040
4 593.48 43.58 603.55 56.98 0.357726
4 622.38 124.19 633.28 137.46 0.351134
4 637.48 178.98 650.36 199.32 0.344407
4 652.30 655.70 666.59 669.22 0.340468
4 625.38 143.85 635.24 156.49 0.331220
4 598.98 97.68 608.82 109.60 0.329794
4 616.76 91.45 626.76 104.81 0.324759
4 586.16 0.04 595.48 9.72 0.322457
4 611.75 80.45 621.32 93.38 0.312108
4 601.08 82.43 610.67 95.52 0.305359
6 686.57 351.18 710.09 401.94 0.246714
4 1124.41 711.04 1157.99 745.80 0.246649
6 636.37 293.71 659.69 359.25 0.244328
4 682.54 314.33 696.00 329.85 0.232560
5 1247.65 0.17 1300.37 24.37 0.213380
6 1102.09 611.90 1155.58 673.57 0.191718
6 676.94 288.20 697.16 327.67 0.180970
6 658.45 328.42 676.79 363.48 0.174890
