6 398.46 676.29 573.39 764.56 0.917081
4 194.88 614.90 288.87 652.42 0.838332
4 230.26 741.71 321.42 764.51 0.811724
4 422.27 530.72 472.50 552.93 0.809327
4 230.64 712.94 343.54 763.33 0.801528
4 302.98 686.55 397.20 734.94 0.784183
4 254.41 605.79 323.93 641.81 0.776785
1 350.38 701.82 367.17 749.88 0.762858
4 6.01 676.16 75.20 712.32 0.761462
4 348.31 654.55 429.60 680.96 0.737804
4 242.79 587.96 319.89 616.55 0.731958
4 0.29 698.20 64.51 747.78 0.718913
4 469.31 521.93 509.49 546.12 0.708075
4 0.03 719.59 44.14 764.30 0.701891
4 176.64 634.11 219.23 674.32 0.689668
4 293.23 586.49 333.73 613.53 0.663048
4 344.61 671.40 417.75 712.81 0.662343
7 582.03 554.69 649.15 609.74 0.641264
5 334.36 542.41 384.22 585.59 0.623816
4 392.80 632.50 458.22 669.24 0.572103
4 515.45 505.24 536.56 523.61 0.568264
6 685.83 467.70 730.70 496.22 0.543057
4 441.26 518.29 469.40 534.06 0.518443
6 564.08 480.49 602.99 501.39 0.512709
6 534.85 524.82 601.80 562.12 0.512368
4 468.99 503.40 492.75 522.56 0.504294
4 957.18 483.72 966.64 495.35 0.503379
4 1277.48 416.24 1310.39 424.12 0.500999
4 270.67 585.38 334.37 613.95 0.490476
4 724.41 458.90 739.64 473.23 0.438623
4 326.42 549.31 345.64 567.93 0.437716
9 466.70 478.02 526.81 505.49 0.405335
7 741.93 477.13 767.07 504.06 0.402605
5 564.06 479.31 602.40 500.81 0.394030
4 1173.57 413.86 1204.51 423.07 0.388007
4 303.38 713.48 342.95 762.46 0.374349
4 1249.33 413.70 1278.09 423.57 0.352787
6 600.31 447.15 673.97 483.24 0.309752
6 510.08 552.51 561.19 592.23 0.308837
5 634.16 556.70 664.87 592.21 0.307270
6 616.53 517.48 682.49 561.50 0.288453
4 469.56 590.73 508.70 622.99 0.287563
6 663.48 477.37 701.67 507.65 0.270577
2 579.13 496.58 603.61 523.60 0.253132
2 580.23 504.05 590.76 522.65 0.247798
2 748.82 483.36 761.63 503.32 0.232602
9 675.11 457.14 717.96 478.24 0.228861
1 478.18 604.28 489.97 634.48 0.226105
2 499.47 592.46 511.34 619.66 0.203073
