4 267.10 702.64 462.95 764.28 0.929989
4 5.44 505.80 155.74 581.71 0.907647
4 42.08 463.38 187.18 526.50 0.905812
4 320.18 640.32 479.73 716.87 0.902408
4 372.75 520.82 518.71 586.13 0.899207
4 393.28 470.13 532.32 530.25 0.888635
4 347.65 583.12 520.65 653.02 0.883019
4 408.99 429.61 534.25 481.21 0.880336
4 441.18 358.92 557.47 407.54 0.878612
4 97.77 422.95 227.69 484.29 0.876395
4 134.90 392.12 256.08 447.26 0.874547
4 166.53 360.83 284.72 412.63 0.866919
4 438.15 397.93 554.29 446.48 0.862992
6 609.16 328.00 765.74 419.44 0.859646
4 651.65 316.74 744.30 344.62 0.854192
4 291.37 233.02 384.53 280.05 0.826397
4 483.13 295.31 597.44 337.70 0.824511
4 479.66 322.26 585.45 369.00 0.822778
4 203.59 332.99 294.28 381.67 0.802736
4 499.27 278.26 594.58 311.24 0.792075
4 214.30 300.41 336.25 350.50 0.774818
4 344.97 204.78 428.84 245.43 0.774499
4 383.21 192.83 455.87 229.71 0.753365
4 523.03 220.93 615.51 255.04 0.753074
4 519.73 237.64 604.38 275.06 0.752078
1 599.81 328.36 614.79 361.41 0.746878
4 489.78 60.74 543.03 85.04 0.739235
4 387.17 157.11 447.37 186.27 0.729773
4 362.45 164.31 439.24 198.97 0.712945
4 538.07 190.73 616.58 223.46 0.694177
4 553.22 165.19 626.59 197.49 0.655535
4 572.98 149.06 637.14 172.08 0.604490
6 612.35 57.76 680.50 102.74 0.585953
4 135.18 210.36 179.06 266.18 0.585856
4 504.74 42.13 537.37 62.59 0.569268
4 534.01 48.17 564.65 73.72 0.562464
5 581.20 105.45 661.64 157.02 0.553683
7 678.10 116.12 757.19 182.35 0.532648
4 147.02 298.97 183.99 344.01 0.532214
4 464.08 520.96 518.27 585.97 0.526799
4 91.29 265.46 116.31 290.48 0.524784
4 544.89 43.18 573.95 64.76 0.519757
6 700.24 28.20 774.28 102.85 0.507786
4 521.19 10.84 543.81 31.69 0.501560
5 429.08 90.25 471.61 140.52 0.473104
4 319.12 206.85 350.52 233.52 0.471221
4 510.23 254.90 595.07 289.48 0.465797
6 701.91 63.58 766.70 102.46 0.448537
4 56.31 152.72 95.73 174.75 0.431082
6 582.11 105.00 661.58 155.72 0.421795
4 43.32 289.35 71.82 323.79 0.417848
5 718.55 114.80 762.30 153.84 0.400019
4 567.38 13.16 589.67 34.70 0.387169
4 501.21 10.74 519.05 29.40 0.377771
4 0.14 444.97 13.83 483.82 0.347579
4 541.76 202.19 616.49 235.75 0.345094
4 67.29 269.19 96.29 310.21 0.311849
6 720.09 29.10 772.83 69.06 0.303048
4 742.84 15.45 759.54 30.98 0.302370
4 464.11 586.38 492.25 651.82 0.294616
6 742.71 15.89 759.94 30.93 0.282959
7 698.19 146.55 753.37 181.69 0.280348
6 546.61 2.43 590.68 34.53 0.215082
1 177.01 339.11 193.03 366.94 0.214033
4 464.04 642.02 479.59 712.32 0.208932
6 654.36 7.10 698.02 39.33 0.190005
4 0.18 416.99 42.00 483.14 0.151391
