3 1840.53 632.57 1875.66 669.97 0.971778
4 1368.05 1182.42 1715.51 1382.66 0.968136
4 1702.26 558.55 1863.72 624.17 0.961989
4 1490.67 592.05 1654.88 669.83 0.949421
4 289.91 720.98 487.19 851.48 0.932342
4 200.47 502.58 333.99 552.07 0.918260
4 638.33 561.09 752.47 624.27 0.916800
4 0.39 453.30 100.19 490.57 0.912271
4 1229.65 619.92 1316.45 693.69 0.910282
4 1125.69 618.24 1217.17 696.07 0.907569
4 58.73 402.17 165.66 436.62 0.899635
4 361.29 523.05 460.48 577.16 0.897316
4 727.75 571.27 823.61 631.25 0.896442
4 224.61 460.95 341.43 503.98 0.889908
5 555.02 543.57 666.76 619.76 0.871813
4 218.57 440.73 338.39 476.27 0.857010
4 813.85 601.41 883.02 673.12 0.849413
4 291.10 354.46 376.92 389.18 0.847658
4 416.08 532.30 529.29 591.90 0.847614
4 0.05 488.81 61.51 533.23 0.845268
4 89.65 383.77 181.92 413.44 0.837324
4 110.88 364.65 194.36 390.13 0.835234
4 1024.75 581.25 1074.81 644.42 0.835040
2 1858.34 613.06 1884.70 662.32 0.825954
4 1976.33 773.67 1999.82 835.27 0.824179
4 160.77 326.88 235.04 351.06 0.822625
4 906.54 585.09 976.15 653.02 0.808809
4 1742.63 603.67 1863.20 622.81 0.798933
4 142.05 341.33 215.66 365.25 0.781556
4 312.30 334.26 382.50 359.65 0.781023
4 638.83 604.03 707.53 623.07 0.750228
5 216.04 407.12 356.64 465.48 0.716368
4 252.17 261.03 295.69 282.81 0.709301
4 343.22 286.77 380.72 310.10 0.704242
4 557.41 604.07 616.86 619.02 0.688682
4 217.27 301.35 249.84 328.11 0.661308
6 75.79 218.43 98.60 241.38 0.654635
4 319.14 315.66 385.42 343.46 0.650245
4 267.46 403.53 359.53 430.66 0.642389
4 255.75 266.39 297.62 283.45 0.636269
1 365.27 406.16 384.21 444.45 0.581752
4 1980.11 521.81 1999.86 553.98 0.577070
6 471.31 437.08 592.39 521.63 0.567047
4 343.27 258.50 372.48 279.15 0.559641
4 275.57 242.86 311.93 263.83 0.528022
4 106.51 226.84 132.43 236.46 0.523114
4 327.06 210.43 345.72 220.85 0.509463
1 1858.24 612.89 1885.17 662.52 0.496700
4 341.10 211.54 359.24 228.23 0.485937
4 282.70 223.33 308.86 235.31 0.476404
4 341.10 216.40 357.97 227.76 0.471167
4 48.73 200.82 63.82 214.28 0.468379
4 0.17 526.80 13.74 559.57 0.452414
4 308.41 234.25 328.19 253.67 0.401994
2 1465.73 1238.68 1533.04 1313.68 0.389276
4 348.62 273.26 374.60 290.77 0.388443
1 337.29 417.01 358.45 460.88 0.370400
4 716.32 563.03 754.00 607.63 0.369540
4 348.33 283.40 376.19 296.75 0.355087
1 1396.97 604.64 1414.30 626.59 0.317288
4 350.27 268.24 373.50 280.79 0.315856
3 342.55 257.49 364.43 273.51 0.309558
4 1490.89 590.62 1560.39 633.23 0.289369
4 1975.85 504.14 1999.72 551.98 0.284978
6 108.90 200.30 134.02 215.84 0.278384
4 1463.62 603.95 1496.17 621.95 0.274080
4 1507.93 550.04 1547.44 581.32 0.225325
3 975.40 193.84 1004.30 237.88 0.162044
