4 383.43 1018.71 421.81 1044.64 0.825484
4 400.21 983.33 436.36 1012.78 0.809266
4 800.29 713.42 816.64 743.16 0.793718
4 813.72 764.49 836.61 797.54 0.789299
4 449.34 766.75 482.53 788.04 0.788581
4 507.21 945.65 551.05 977.33 0.766400
4 635.45 610.39 658.09 626.83 0.764056
4 573.58 1009.95 594.07 1049.23 0.760782
4 790.80 666.56 806.45 693.62 0.742827
4 831.44 514.36 844.79 536.14 0.734428
4 529.08 671.67 557.85 690.80 0.732990
4 792.67 237.30 809.49 245.98 0.732259
4 563.30 932.23 593.45 960.92 0.725325
4 134.61 622.30 158.72 641.62 0.722692
4 623.24 643.53 647.19 662.77 0.703544
4 650.13 581.70 669.40 603.35 0.698562
4 827.02 480.76 839.45 502.62 0.688805
4 203.45 747.49 224.11 764.77 0.688638
4 822.47 815.57 852.78 845.17 0.686907
4 613.11 668.54 639.13 690.21 0.623780
4 784.69 250.59 803.37 263.10 0.622494
4 465.35 652.05 495.46 670.66 0.615449
4 749.63 340.52 770.04 350.22 0.614788
4 757.77 321.99 772.84 334.15 0.569122
4 623.06 792.97 637.40 810.73 0.567402
4 694.18 591.06 717.42 603.30 0.561301
4 591.90 591.78 607.28 605.27 0.554427
4 836.79 448.33 852.21 466.83 0.549834
4 705.71 271.21 720.70 283.15 0.541692
4 771.03 258.75 790.68 272.70 0.538576
4 720.42 293.19 741.76 306.32 0.537349
4 839.89 390.16 855.78 410.27 0.537240
4 506.41 753.11 527.42 785.10 0.535628
4 767.39 308.02 781.67 320.54 0.533221
4 622.74 778.42 641.21 811.31 0.526171
4 655.06 641.36 678.33 662.93 0.524686
4 611.95 812.37 632.15 845.65 0.521913
4 504.01 686.32 517.17 716.44 0.501548
4 677.29 522.85 690.71 543.70 0.496417
4 878.35 255.21 897.63 264.63 0.490393
6 358.79 661.14 487.06 786.67 0.470110
4 783.51 312.88 803.36 325.20 0.469708
4 633.71 477.26 648.13 492.43 0.469556
4 643.86 663.04 666.07 687.82 0.464100
4 911.70 162.80 927.70 188.40 0.462029
4 627.30 811.54 646.79 846.71 0.460255
4 506.40 769.05 518.78 785.16 0.456287
4 883.78 620.61 907.74 642.05 0.453242
4 677.66 583.23 694.85 598.15 0.452799
4 876.99 318.76 890.98 335.46 0.447334
4 654.89 562.70 668.15 574.16 0.441569
4 507.34 651.01 530.51 669.06 0.439468
4 334.79 1000.92 347.78 1013.94 0.433902
4 670.85 547.55 686.04 568.07 0.423695
4 45.78 834.69 66.72 851.99 0.404182
4 268.99 952.47 280.05 965.06 0.403184
4 680.83 186.03 697.12 195.31 0.401857
4 752.35 383.98 775.08 403.19 0.398370
4 533.55 88.09 561.25 102.43 0.394663
6 621.30 82.41 667.48 105.27 0.392472
4 835.09 426.08 859.80 466.23 0.390847
4 717.47 170.47 736.14 188.05 0.380914
4 875.66 303.63 896.41 336.35 0.374036
4 573.73 1007.56 625.14 1049.00 0.365188
4 957.41 53.88 965.42 64.64 0.364571
4 929.04 396.84 940.56 409.43 0.357293
4 400.06 216.45 420.60 228.64 0.352475
4 963.04 0.00 973.87 9.22 0.340183
4 579.83 25.85 597.13 41.70 0.338277
4 495.18 587.56 514.18 603.01 0.334613
4 1215.32 168.42 1227.61 182.56 0.324389
4 1228.21 333.80 1251.09 349.61 0.316887
4 1146.30 353.10 1165.95 375.65 0.296269
4 783.09 316.17 803.16 326.68 0.294712
4 719.86 540.67 736.71 556.21 0.294113
4 755.58 443.31 764.69 458.26 0.292332
4 736.02 622.22 751.12 640.13 0.292249
4 839.56 363.02 864.81 410.27 0.290973
2 801.81 954.95 820.66 988.62 0.290861
4 880.32 741.33 898.80 767.96 0.287524
6 1154.97 187.24 1266.35 351.47 0.286894
4 940.71 376.02 949.42 389.51 0.283460
5 473.82 680.59 516.84 717.45 0.279132
4 662.17 549.51 673.39 564.62 0.267693
4 743.65 384.00 753.92 395.07 0.267573
4 590.08 347.29 616.84 365.26 0.267478
6 628.34 812.64 646.79 846.82 0.263745
5 675.55 626.62 702.98 678.16 0.257335
4 699.54 811.13 713.45 836.26 0.257078
4 934.80 217.61 948.33 232.33 0.255811
1 1053.18 854.76 1084.18 895.12 0.255729
3 901.55 363.28 922.22 394.35 0.237306
6 790.91 199.30 810.60 215.70 0.235419
6 771.93 323.89 808.34 354.71 0.234049
4 771.91 278.66 784.29 292.33 0.233989
6 657.27 161.64 706.30 185.46 0.220209
4 880.89 12.19 892.11 21.36 0.216352
4 677.62 25.97 693.42 39.80 0.212453
6 670.66 154.78 769.12 259.74 0.211121
4 1017.45 241.33 1031.56 259.44 0.208299
6 718.08 170.32 735.98 188.67 0.201941
6 527.32 434.97 648.95 685.26 0.193714
6 640.38 891.09 688.68 1012.05 0.192474
6 528.05 560.50 607.50 682.09 0.181989
4 1105.22 89.01 1120.13 103.04 0.178383
3 807.61 251.57 821.32 279.09 0.165077
6 582.44 1.21 607.01 25.09 0.156344
