4 109.92 1288.51 305.14 1499.13 0.861119
4 804.96 128.41 861.44 168.84 0.858575
4 330.27 990.39 453.15 1140.64 0.856868
4 874.79 205.29 923.79 267.88 0.838699
4 1448.97 148.05 1485.13 187.62 0.831651
5 697.62 440.33 786.14 542.72 0.824563
1 313.18 917.13 355.01 971.51 0.800614
4 803.54 49.31 852.47 91.86 0.796306
4 1238.24 199.11 1282.14 260.84 0.778833
4 848.40 58.52 888.37 98.84 0.771977
4 1454.75 230.90 1494.21 284.89 0.768629
4 1310.41 219.02 1357.40 277.95 0.748391
4 697.73 440.25 786.96 543.07 0.747498
4 913.47 149.02 959.25 199.30 0.745397
4 1305.21 3.12 1341.93 45.87 0.730013
4 1303.32 75.13 1345.04 120.70 0.723956
4 1240.10 76.58 1277.31 123.62 0.709406
4 1019.43 0.00 1053.12 27.19 0.690177
4 1460.75 362.42 1508.55 427.85 0.685492
10 1525.44 1072.47 1660.97 1334.28 0.670337
4 1464.52 438.82 1534.58 509.37 0.659811
4 867.49 0.35 910.56 22.82 0.640349
10 1222.02 1110.68 1311.87 1336.49 0.534749
4 1445.58 41.55 1478.21 77.11 0.523681
1 1016.91 110.98 1030.49 141.66 0.518247
4 1216.20 359.28 1276.79 447.56 0.507571
4 876.70 206.92 895.84 264.98 0.506116
1 1452.78 205.75 1478.43 240.80 0.495819
1 999.18 104.61 1013.26 139.18 0.495327
1 1517.20 255.51 1539.32 293.80 0.479141
1 1496.06 217.38 1513.71 258.60 0.473313
4 865.10 0.15 895.70 22.17 0.471039
1 1409.32 223.86 1431.69 267.15 0.420995
4 1447.90 16.45 1474.31 43.84 0.420206
1 1519.68 255.12 1544.02 299.15 0.419459
1 1415.04 226.07 1430.42 253.99 0.405454
3 760.65 336.16 797.78 360.22 0.396823
1 419.70 647.96 454.75 693.11 0.378244
4 1448.74 0.14 1475.38 17.11 0.377623
4 1229.12 365.55 1275.98 445.22 0.358730
1 419.91 648.37 442.52 693.47 0.347999
2 1454.94 205.51 1479.72 237.83 0.343541
2 1571.39 209.32 1597.01 243.16 0.311140
1 1439.14 248.26 1457.25 289.56 0.307765
1 1522.08 284.92 1542.44 339.09 0.303252
1 970.79 48.19 986.30 74.66 0.302384
3 1569.50 207.04 1603.95 280.63 0.298752
4 915.19 11.84 942.73 44.16 0.298458
3 1571.95 229.05 1602.09 280.86 0.275542
2 970.73 49.50 987.31 73.90 0.274832
4 716.23 652.36 751.96 720.20 0.270720
10 1543.39 1125.19 1611.73 1330.05 0.259577
1 63.61 1045.97 104.00 1096.68 0.250508
1 1435.47 249.42 1455.34 293.35 0.236695
3 1522.37 276.05 1543.34 306.53 0.236040
3 1406.89 241.66 1426.59 268.75 0.215055
6 1445.78 8.65 1478.56 76.48 0.214619
3 1522.81 281.08 1544.25 339.41 0.205598
4 1313.94 74.08 1339.25 97.20 0.178829
4 765.86 0.00 780.41 24.17 0.174611
4 775.94 120.54 801.21 149.48 0.174400
4 930.16 20.38 941.40 42.15 0.146664
6 716.11 1.09 778.91 225.61 0.110674
