4 834.43 869.75 1139.78 1095.45 0.976946
4 937.78 132.31 1191.41 359.55 0.965069
4 165.71 307.70 543.55 485.69 0.871289
4 999.27 612.71 1371.47 824.14 0.869950
4 0.36 876.18 233.83 1033.33 0.868533
4 176.18 48.35 450.21 220.56 0.852412
5 999.36 608.06 1369.88 824.20 0.822209
4 0.33 761.53 291.86 895.50 0.789704
5 325.80 604.23 511.30 883.88 0.783805
4 1888.03 1071.50 1999.43 1407.13 0.776729
5 820.07 1127.22 1097.75 1376.38 0.748800
5 958.23 0.00 1230.00 80.63 0.736021
4 1104.13 100.01 1191.57 280.24 0.692856
4 834.27 956.15 895.66 1095.03 0.663348
10 819.73 1126.22 1099.15 1376.53 0.652396
4 1791.09 146.59 1997.65 350.39 0.570921
7 0.29 758.63 319.79 1498.49 0.472331
4 1025.93 870.47 1121.45 895.48 0.457342
1 1134.27 1419.63 1176.87 1498.99 0.452134
6 1104.48 375.31 1342.58 595.17 0.368723
4 1931.20 518.15 1999.10 638.99 0.367587
7 220.64 583.61 324.38 779.46 0.301697
4 1104.04 850.85 1140.67 993.95 0.215587
5 1233.09 399.47 1342.27 582.42 0.211657
