4 548.05 65.54 571.43 90.74 0.804639
4 481.46 384.53 510.24 427.89 0.671794
4 254.42 295.07 291.80 312.83 0.639425
4 532.02 405.68 561.56 452.62 0.616736
4 677.30 712.34 721.07 780.90 0.611958
4 615.94 214.16 640.54 250.98 0.599483
4 585.07 709.34 627.38 777.69 0.497243
4 257.15 499.95 291.41 528.07 0.492382
4 619.13 567.22 660.01 629.45 0.481831
4 503.29 327.38 529.37 369.58 0.466791
4 591.96 213.32 611.34 251.35 0.441538
4 592.76 477.44 630.62 541.79 0.428876
4 526.88 186.31 547.07 228.52 0.406989
7 493.68 418.27 564.18 565.26 0.397790
4 239.50 294.53 291.02 318.28 0.375789
6 568.13 532.02 622.28 624.12 0.365275
4 260.18 0.00 293.08 11.29 0.358611
4 551.85 479.09 588.92 536.87 0.357021
5 526.73 186.31 546.59 229.23 0.335379
5 592.84 477.09 629.84 540.79 0.313952
5 601.38 637.70 693.80 787.52 0.313714
6 671.51 29.13 773.97 136.31 0.304836
4 720.00 315.61 734.52 327.20 0.281017
5 584.74 709.31 625.90 777.67 0.274093
4 408.70 125.38 433.44 146.64 0.271917
4 927.76 202.31 945.52 232.64 0.256600
4 919.45 347.44 964.62 374.74 0.255522
4 481.36 58.57 499.93 71.72 0.253518
4 1004.76 432.13 1034.57 465.66 0.219438
6 494.84 421.01 564.09 562.36 0.205902
3 117.57 309.78 161.15 367.41 0.136246
