4 1414.93 270.42 1718.07 484.38 0.975100
4 1079.94 807.52 1342.75 895.61 0.966481
4 1104.33 807.69 1344.28 1073.96 0.964055
4 1761.31 690.66 1999.45 955.80 0.944051
4 1166.15 1208.47 1711.01 1498.71 0.942234
4 987.80 808.14 1344.24 1089.36 0.931133
4 1842.45 127.84 1999.56 363.42 0.918874
6 1281.50 136.10 1571.25 353.90 0.910690
4 1415.38 281.01 1611.58 485.11 0.909292
5 1077.82 0.11 1341.78 141.97 0.903655
5 881.03 617.29 1225.19 858.32 0.901466
4 880.72 617.71 1225.11 857.18 0.896830
4 972.30 0.13 1110.21 66.26 0.893149
4 1507.97 438.84 1611.77 612.26 0.880237
5 1199.46 26.88 1440.00 206.83 0.870302
4 1667.34 0.08 1820.19 137.84 0.833977
4 1104.20 617.60 1224.58 792.58 0.798341
4 1510.80 354.64 1848.25 610.41 0.791509
4 611.40 610.82 679.62 705.04 0.679778
2 535.54 401.74 608.13 491.33 0.610581
3 383.89 128.22 482.58 202.43 0.570626
3 548.25 124.43 650.71 202.84 0.532035
3 721.39 395.32 833.00 477.30 0.529375
2 484.77 920.33 584.18 993.05 0.512194
3 772.75 941.63 841.20 1011.70 0.498118
3 551.86 145.13 588.12 200.57 0.489286
7 437.22 282.26 575.72 370.76 0.472405
1 774.10 413.25 796.80 447.35 0.457893
3 675.97 469.19 772.17 550.51 0.438997
7 722.94 190.18 823.79 322.46 0.438352
10 661.92 693.97 736.37 773.40 0.420673
4 716.13 703.92 736.62 770.97 0.418215
3 808.75 1049.29 851.01 1098.99 0.396361
7 741.36 224.46 823.46 323.52 0.396003
2 498.82 289.62 545.89 336.77 0.329200
2 608.94 495.60 666.15 572.42 0.303365
2 484.92 925.05 528.48 991.54 0.298965
2 445.14 290.38 501.50 353.24 0.294248
3 722.80 394.88 772.76 469.83 0.282617
2 570.79 780.61 633.26 833.92 0.279671
1 1332.10 286.94 1376.56 322.90 0.251378
10 785.15 1004.57 820.47 1050.39 0.235244
3 773.80 411.19 833.08 457.76 0.233545
7 526.93 487.79 590.34 558.97 0.225378
3 716.34 442.93 783.77 505.06 0.219065
1 555.13 121.30 583.31 171.56 0.214767
7 586.88 137.76 650.10 190.02 0.199568
2 534.64 456.89 569.97 495.81 0.170966
3 384.71 129.89 427.05 200.49 0.164231
10 1201.09 230.60 1243.01 292.15 0.145872
