3 1521.40 711.13 1599.79 776.82 0.956121
3 1188.22 584.98 1233.83 632.19 0.891252
3 1749.45 846.09 1844.23 910.25 0.880782
2 685.56 726.15 719.09 784.29 0.856674
2 857.06 688.32 892.68 767.88 0.845166
2 814.39 661.87 849.21 698.71 0.841381
3 908.00 768.94 953.10 822.52 0.808414
2 1100.15 565.25 1129.11 623.77 0.782457
2 899.18 685.83 933.69 736.39 0.767306
3 996.14 897.16 1039.14 944.77 0.763350
2 923.60 546.48 946.36 594.52 0.724354
2 865.29 623.13 895.50 679.38 0.719002
2 997.40 833.00 1025.75 889.41 0.713029
10 280.36 1027.47 603.01 1298.19 0.698281
3 1406.57 522.31 1461.69 588.31 0.691584
2 965.65 742.30 993.44 787.90 0.689633
2 1016.68 792.44 1047.90 853.23 0.684387
2 773.35 636.67 808.19 677.93 0.620004
2 1036.51 759.08 1075.06 817.17 0.619972
2 970.93 800.50 1000.90 872.53 0.619719
2 895.16 520.41 919.17 588.28 0.613245
2 683.44 758.00 701.20 797.64 0.547414
2 727.40 622.71 759.87 680.49 0.538392
2 884.18 639.24 906.01 694.70 0.535540
2 1034.15 843.76 1072.04 887.91 0.532331
2 941.68 721.89 962.24 762.32 0.519085
7 909.10 769.44 951.46 821.65 0.503169
3 1428.02 526.00 1460.81 588.27 0.492931
3 1101.34 603.86 1124.21 623.28 0.487200
2 207.29 277.73 246.23 347.82 0.484071
7 1036.41 758.39 1079.57 819.15 0.440052
2 960.87 713.87 989.19 760.83 0.422102
2 206.57 279.17 236.46 337.42 0.412886
1 1104.08 565.27 1128.42 622.30 0.396026
2 727.05 620.19 1077.61 944.35 0.380455
2 755.15 633.27 780.98 673.31 0.358230
1 865.41 620.61 906.02 679.95 0.358046
2 1401.10 466.19 1435.17 568.75 0.343277
2 763.66 634.77 781.39 669.43 0.342241
2 949.53 838.32 967.68 879.12 0.333752
2 959.08 713.91 993.78 787.57 0.327449
7 920.30 726.45 967.57 768.09 0.305055
1 1406.96 515.80 1431.18 571.23 0.287436
7 1033.64 845.70 1071.99 888.93 0.278895
2 983.60 801.21 1000.81 832.34 0.215225
7 745.47 625.35 769.24 668.66 0.168567
