3 911.65 390.41 968.75 423.62 0.949879
4 301.01 208.38 419.88 258.91 0.923790
4 572.07 156.63 657.14 196.34 0.909859
9 428.25 87.25 577.26 173.76 0.899610
4 0.26 623.29 145.35 766.37 0.890680
4 809.47 90.10 858.08 121.68 0.820671
3 512.41 317.15 535.01 358.01 0.785723
2 721.17 598.90 769.98 657.94 0.783577
2 586.77 719.79 629.20 804.79 0.764645
3 245.64 777.68 355.84 862.37 0.735901
2 994.00 398.98 1020.58 457.73 0.723076
2 549.48 281.85 575.23 331.71 0.702305
1 928.40 369.68 957.05 430.68 0.698696
4 1176.47 85.56 1254.59 110.13 0.696122
6 775.24 154.54 895.57 287.02 0.686154
4 598.57 107.54 652.32 136.48 0.684511
4 1180.09 53.46 1235.05 76.47 0.679935
6 775.82 71.82 1002.40 286.80 0.670787
2 921.55 275.08 938.68 322.56 0.651237
4 0.03 434.71 28.18 485.78 0.649772
2 466.51 829.10 513.55 922.72 0.647950
4 536.75 120.34 596.54 163.07 0.641675
4 574.65 131.37 646.91 166.75 0.638643
1 467.38 829.24 509.99 895.52 0.629475
4 575.80 102.12 612.30 128.75 0.626569
2 26.20 381.60 64.50 445.21 0.607610
4 1177.13 86.98 1255.58 119.37 0.601236
2 929.02 370.27 957.49 426.70 0.583330
4 584.09 131.85 643.60 161.58 0.560802
4 628.26 79.02 679.74 111.58 0.542471
2 548.25 188.04 563.98 225.44 0.505933
4 0.04 587.36 22.59 635.28 0.499928
4 652.56 95.13 698.61 117.70 0.481292
4 693.34 95.88 744.03 122.57 0.473567
4 953.05 32.47 978.82 56.10 0.472298
2 430.51 854.03 469.71 943.46 0.472086
4 645.91 111.94 696.37 140.85 0.461704
6 776.61 226.42 872.08 287.06 0.459110
5 434.25 153.83 525.30 174.10 0.457223
1 776.11 133.57 787.97 159.26 0.453771
4 849.97 23.35 895.32 45.22 0.448874
2 511.56 304.10 534.61 351.80 0.441972
2 558.37 188.18 575.89 226.10 0.440642
4 1122.36 71.39 1161.79 94.79 0.431940
5 665.70 23.10 698.85 56.24 0.428082
3 495.95 315.92 534.34 366.08 0.406373
3 823.31 632.45 875.47 688.84 0.399464
5 953.76 32.58 978.06 55.33 0.396667
2 436.74 829.04 512.94 942.98 0.387826
2 936.24 156.66 948.96 188.43 0.380778
6 405.09 51.94 588.11 129.33 0.356204
3 751.29 611.74 784.75 662.79 0.355460
2 799.62 615.95 823.94 639.40 0.348684
2 430.25 854.39 462.60 895.81 0.328874
2 775.92 133.62 788.71 159.25 0.327941
4 879.62 120.46 895.93 149.35 0.323396
4 1167.95 83.55 1200.42 106.83 0.295785
4 810.30 205.62 851.75 234.13 0.277425
5 627.52 78.88 679.67 112.56 0.276925
4 913.74 155.37 940.26 169.65 0.275110
4 870.08 22.96 894.11 41.58 0.270910
4 1134.23 0.10 1154.21 13.68 0.244017
4 1351.86 230.90 1390.10 261.22 0.235127
2 587.63 179.06 605.15 225.54 0.234548
4 774.54 70.95 822.49 98.85 0.232854
2 1017.63 44.77 1027.53 67.32 0.226818
2 867.69 36.39 879.81 64.83 0.224899
2 953.12 170.46 964.87 193.94 0.223672
3 696.84 795.74 735.31 849.88 0.222786
2 588.48 194.81 602.20 228.63 0.220647
9 438.63 79.67 508.13 112.02 0.215980
4 869.76 37.29 895.80 64.20 0.209515
2 879.94 200.74 894.55 222.71 0.202639
4 1224.64 33.43 1250.09 53.85 0.195306
4 698.19 35.09 712.23 53.13 0.191570
2 911.39 171.96 926.37 216.67 0.189005
3 504.22 305.89 566.45 365.70 0.186154
2 800.80 616.30 847.37 687.18 0.180058
2 1061.67 61.09 1071.83 84.38 0.161313
7 1010.56 147.53 1057.51 187.04 0.156656
2 1101.97 28.29 1113.52 51.67 0.156387
2 513.23 303.52 533.00 339.10 0.149713
9 820.33 6.21 878.71 41.39 0.145221
9 818.91 17.00 845.77 39.07 0.121390
