4 648.34 1015.26 686.19 1049.77 0.789582
4 602.76 183.69 620.96 211.08 0.763724
4 658.38 109.63 672.67 127.88 0.740652
4 808.88 717.70 840.65 758.99 0.670198
4 857.15 182.12 877.93 207.36 0.632734
4 869.48 876.52 895.56 895.46 0.603773
4 809.31 731.00 841.07 759.42 0.558931
4 362.52 43.61 381.56 63.87 0.485698
6 349.71 267.77 409.42 377.84 0.471854
4 694.86 415.85 715.49 456.67 0.398330
5 349.05 268.17 409.74 378.38 0.391164
4 756.65 21.40 767.42 35.02 0.386751
4 694.27 991.90 706.53 1008.57 0.355314
4 742.08 66.13 762.92 82.94 0.341897
4 1070.77 386.86 1096.24 407.01 0.329770
4 784.43 17.64 795.14 30.22 0.328485
2 824.80 998.01 840.82 1020.77 0.319232
4 784.60 15.50 804.28 33.29 0.306402
2 46.21 141.09 59.56 162.07 0.232367
2 670.82 0.21 678.67 11.45 0.220278
4 1136.96 21.82 1157.77 32.85 0.191705
5 518.89 479.29 569.05 537.21 0.176630
6 970.65 8.92 1019.96 60.94 0.165901
9 824.71 1.24 870.27 34.94 0.115403
