4 1039.77 543.82 1209.35 630.78 0.968325
5 940.72 466.67 1110.05 568.59 0.930855
4 775.81 340.47 878.25 400.60 0.924703
6 831.20 345.44 991.18 449.37 0.920169
5 798.62 177.27 877.98 227.35 0.847241
4 1157.23 111.59 1215.01 139.10 0.830001
4 98.32 359.19 169.93 454.97 0.787546
4 397.50 37.49 462.46 69.35 0.787392
4 253.85 0.58 285.37 32.66 0.760721
4 993.62 183.50 1065.34 235.17 0.715925
4 1050.12 172.93 1117.57 227.15 0.702924
4 200.49 290.96 262.89 372.90 0.679228
4 592.89 318.37 667.00 392.22 0.641914
4 940.67 195.47 1013.16 243.83 0.622778
1 691.62 269.81 711.55 315.09 0.600781
1 748.17 484.31 770.54 536.76 0.593845
3 683.20 198.84 706.81 234.50 0.593080
4 401.28 12.12 441.31 39.64 0.568315
1 722.99 481.21 747.12 529.10 0.558192
4 953.30 132.35 985.97 153.89 0.540884
4 57.37 0.29 138.63 24.83 0.525611
4 408.94 82.93 445.71 125.27 0.506296
1 749.72 330.76 767.49 370.32 0.498936
1 1114.62 285.96 1133.29 316.79 0.495947
1 728.06 236.08 741.68 263.05 0.492189
1 710.56 170.08 730.76 207.96 0.485194
4 45.94 16.14 117.65 40.92 0.480862
6 831.33 351.59 895.93 448.24 0.479859
4 703.37 233.94 741.65 277.39 0.468712
4 608.79 319.93 661.23 392.13 0.467707
7 189.82 853.66 260.43 927.91 0.458544
4 876.81 208.29 915.21 239.61 0.447089
2 760.47 297.05 779.40 329.26 0.442141
1 762.00 297.59 779.15 329.18 0.436626
6 570.76 221.85 642.24 325.00 0.431439
4 0.16 178.55 24.89 207.29 0.422684
3 1113.86 302.15 1131.60 321.35 0.418146
1 618.99 128.23 631.90 158.56 0.417946
1 604.97 142.68 618.08 176.84 0.405949
4 576.79 172.67 601.49 204.04 0.405299
1 579.92 122.35 594.41 156.81 0.388805
2 618.39 128.18 632.08 158.01 0.380656
4 0.44 102.18 54.69 141.54 0.380014
2 579.64 122.81 594.54 157.75 0.357133
2 647.10 325.34 667.51 364.81 0.353727
1 1045.36 145.29 1061.69 180.81 0.351725
2 686.20 197.57 705.35 229.38 0.341194
5 721.83 259.93 758.17 321.96 0.339710
6 692.36 143.71 725.06 185.37 0.337455
4 813.00 142.93 837.83 171.39 0.335272
4 830.78 326.85 895.93 358.00 0.319594
4 0.36 129.91 46.32 175.13 0.315881
4 826.10 239.74 847.26 268.25 0.311903
1 835.12 419.58 854.70 456.86 0.291205
1 556.81 121.88 567.54 153.57 0.290183
2 337.52 0.79 351.72 24.76 0.278073
4 470.93 161.29 496.12 176.98 0.277266
2 556.51 119.27 568.13 155.17 0.276931
1 1306.24 244.10 1324.88 278.81 0.267189
4 518.39 142.20 569.20 203.83 0.261119
4 863.92 209.16 920.59 239.95 0.252930
9 955.74 111.17 1084.63 150.68 0.245257
2 683.31 154.96 696.00 192.15 0.244700
4 809.64 240.17 846.47 271.40 0.242788
4 866.34 127.84 897.81 147.66 0.234870
1 384.72 62.16 397.22 93.38 0.232561
2 547.51 61.19 561.07 92.15 0.231614
4 876.11 209.94 895.77 239.06 0.226596
2 538.05 77.81 552.91 120.43 0.213125
7 586.91 79.46 625.76 110.77 0.212772
1 647.36 326.06 667.88 365.05 0.209601
4 1186.22 270.86 1220.97 304.41 0.198459
1 684.30 155.45 696.22 192.32 0.195744
4 0.06 201.57 11.12 230.17 0.195151
7 784.82 274.76 812.23 305.48 0.180843
7 635.42 145.72 670.01 172.70 0.176686
7 756.15 227.70 778.89 251.99 0.160829
7 1065.50 122.94 1092.16 146.19 0.156594
9 439.49 120.92 456.03 154.72 0.116795
9 410.12 120.56 426.35 156.83 0.103332
