5 1009.86 901.60 1074.33 1002.07 0.858729
4 1098.26 553.92 1138.41 588.94 0.850837
3 879.55 878.75 917.77 910.48 0.814583
4 862.21 936.64 960.80 1003.53 0.811409
3 913.00 830.29 940.97 861.26 0.792472
5 907.17 772.18 971.93 829.19 0.790430
4 1075.68 505.32 1100.35 527.95 0.776348
4 863.37 937.20 895.89 975.23 0.759366
4 1009.30 901.54 1074.59 1002.76 0.751225
3 894.64 919.51 944.41 941.52 0.693404
1 868.67 851.44 889.09 899.48 0.693257
3 877.28 877.83 894.65 903.43 0.690428
3 1431.76 794.83 1469.22 822.39 0.674710
6 369.32 198.40 464.06 214.75 0.659504
5 1279.97 580.96 1373.87 615.74 0.658333
4 1082.23 508.96 1100.18 528.62 0.653994
4 1441.24 239.47 1471.70 253.53 0.632285
4 1280.46 580.22 1373.64 613.65 0.626789
7 1109.15 772.36 1136.04 825.62 0.619053
7 907.06 772.86 972.34 828.17 0.618641
3 1121.55 512.43 1136.27 538.76 0.588620
3 1170.68 589.40 1186.02 617.79 0.578708
4 884.98 140.93 895.86 151.28 0.577399
2 1523.02 1014.46 1558.86 1063.86 0.573097
7 1139.99 868.62 1175.26 944.71 0.569741
4 1494.41 938.03 1539.05 985.86 0.560570
4 1037.49 795.96 1066.57 828.32 0.560130
4 1198.39 266.38 1213.00 282.68 0.557690
1 1522.51 1013.99 1554.79 1061.52 0.553543
3 1382.86 658.03 1421.13 681.32 0.546037
4 1127.80 217.41 1142.58 231.90 0.544511
4 1119.06 265.60 1132.65 281.80 0.535885
3 1160.92 494.74 1173.71 515.60 0.526988
7 932.91 892.98 975.39 937.62 0.522068
4 1019.95 753.71 1036.05 775.04 0.517553
4 203.04 652.84 240.35 678.62 0.515302
2 1171.74 589.60 1185.49 617.47 0.500001
3 1323.78 610.21 1361.22 630.37 0.498718
4 1467.99 853.34 1504.81 883.54 0.497286
4 1186.28 208.58 1198.49 220.04 0.485433
6 1140.59 868.30 1175.18 944.65 0.474948
3 1131.48 497.41 1147.10 515.68 0.455268
3 1141.95 911.26 1173.39 944.75 0.447789
1 1416.38 836.21 1432.17 865.34 0.447637
1 1347.29 858.37 1363.04 895.67 0.442877
1 1156.57 422.93 1167.91 446.04 0.441412
1 1388.53 595.13 1399.80 625.56 0.440657
2 1342.94 858.02 1362.11 901.12 0.437063
2 1328.40 855.22 1345.66 890.45 0.423509
3 928.37 732.50 940.95 755.01 0.422262
4 1168.73 219.97 1185.66 232.03 0.415112
6 1035.18 766.06 1071.73 829.38 0.414310
2 1416.54 839.44 1433.83 865.59 0.407621
4 1383.23 657.67 1421.23 682.43 0.403591
6 1550.81 400.53 1601.15 442.69 0.403162
4 1169.68 235.09 1179.86 247.08 0.391128
1 1139.62 358.76 1149.93 377.09 0.383803
4 365.52 129.52 387.39 138.11 0.382075
2 1160.28 488.86 1174.24 515.62 0.365165
1 1196.88 361.23 1206.55 379.80 0.354615
3 1131.28 489.31 1147.48 514.38 0.339922
7 1466.85 854.01 1505.86 883.36 0.334625
4 1038.20 312.95 1060.35 327.63 0.322422
1 1406.04 590.64 1421.87 622.72 0.316029
4 1215.16 291.73 1225.62 305.77 0.308102
2 1405.52 591.39 1422.98 622.75 0.303885
4 345.35 201.46 361.55 211.91 0.301345
2 1196.42 361.65 1206.75 381.53 0.295239
1 1201.66 322.57 1210.31 337.48 0.294924
3 1343.54 875.92 1362.16 901.16 0.292521
4 1150.75 141.66 1161.14 148.98 0.288539
3 1115.57 799.89 1130.70 826.47 0.283984
4 793.86 134.59 814.43 147.34 0.269445
2 1139.21 359.00 1149.59 377.30 0.268819
1 1451.76 684.81 1466.49 723.97 0.262121
2 1202.09 395.12 1215.78 421.16 0.261103
2 1159.68 237.12 1167.05 249.43 0.258374
2 895.99 962.99 914.16 990.43 0.254502
4 1025.73 475.19 1045.32 494.71 0.253909
4 1056.58 105.96 1072.56 116.61 0.248595
1 234.85 782.78 253.79 812.28 0.236118
2 1327.07 855.71 1362.86 901.03 0.234603
4 1178.28 187.04 1189.50 199.87 0.224871
3 492.37 635.22 526.57 683.03 0.219535
3 1453.90 704.94 1465.91 724.82 0.218577
2 1046.55 767.64 1060.14 788.90 0.214903
2 1192.12 244.74 1201.24 258.82 0.211154
2 1388.86 589.76 1422.71 627.34 0.206623
1 835.74 885.48 860.17 928.49 0.200461
3 447.79 639.43 514.77 707.48 0.199197
9 1250.74 103.54 1287.18 114.16 0.158892
