4 1376.43 802.68 1549.25 893.48 0.949274
4 32.33 1031.44 127.70 1079.73 0.917223
4 490.67 559.87 547.61 623.55 0.909079
4 388.49 904.70 474.43 1022.76 0.894326
4 382.85 534.02 441.13 597.96 0.892009
4 1181.89 674.93 1284.85 775.78 0.887146
4 569.12 375.69 610.73 417.42 0.879628
4 22.36 489.52 134.08 552.98 0.875053
4 300.16 753.35 393.28 866.95 0.866380
4 1360.76 457.17 1444.87 516.64 0.864316
4 1494.66 547.15 1586.78 617.02 0.847884
4 1221.08 290.81 1271.22 329.31 0.831553
4 104.93 847.36 203.41 976.19 0.829758
4 1300.45 396.88 1365.09 447.07 0.829043
4 1582.89 643.97 1611.85 701.09 0.827177
4 1182.66 260.40 1227.17 289.80 0.827068
4 136.66 427.64 221.45 489.65 0.824942
4 123.85 846.78 203.43 895.68 0.822600
4 1583.48 644.53 1678.48 730.47 0.819598
4 1027.25 309.56 1069.45 353.95 0.817883
4 1597.25 772.22 1647.64 847.30 0.812816
4 615.44 239.12 655.56 274.14 0.812561
4 161.61 734.43 246.15 843.16 0.801175
4 551.90 300.57 589.76 337.81 0.800807
4 206.80 621.50 285.50 717.77 0.800419
4 547.44 238.21 586.01 273.90 0.785372
4 1103.31 499.65 1164.68 572.85 0.784903
4 547.88 185.79 580.07 215.50 0.771030
4 320.34 411.86 379.52 470.37 0.763976
4 246.44 533.91 317.39 614.30 0.763919
4 1084.22 435.40 1136.82 497.44 0.754665
4 1064.56 382.98 1114.78 438.36 0.746950
4 540.22 97.81 568.45 124.47 0.744686
4 364.36 364.17 414.18 414.55 0.734557
4 1597.04 771.97 1728.57 850.59 0.732275
4 658.95 92.63 682.83 114.64 0.729256
4 392.47 316.85 441.49 362.31 0.723224
4 1121.81 577.01 1187.76 663.21 0.720586
1 1599.32 400.80 1615.87 436.99 0.717620
4 1596.99 796.25 1611.83 838.43 0.712636
4 1258.20 341.93 1316.99 389.92 0.708271
1 1844.26 532.63 1866.38 576.03 0.706058
4 616.97 88.72 643.17 111.63 0.700933
4 465.07 201.15 501.70 234.47 0.700713
4 621.54 58.26 644.62 77.43 0.698197
4 1146.76 232.16 1172.74 257.45 0.692710
3 857.05 508.33 890.49 535.11 0.684385
4 283.69 466.26 349.73 538.36 0.650053
4 232.86 272.00 280.96 311.24 0.647967
4 599.70 8.46 624.04 30.78 0.640869
4 83.58 417.52 148.06 474.88 0.629563
4 650.28 0.15 669.06 14.50 0.623345
4 447.27 230.21 486.06 268.74 0.621624
4 704.78 0.02 725.77 13.54 0.613639
3 850.79 462.09 882.76 499.16 0.610796
1 1423.43 355.95 1436.56 388.18 0.610621
4 422.04 258.62 467.62 307.30 0.597471
4 34.41 210.76 83.96 245.94 0.590836
1 1520.82 290.18 1533.83 324.36 0.589930
4 167.45 334.00 229.22 385.64 0.584908
4 124.13 374.91 184.84 428.05 0.580412
4 331.42 173.71 370.20 207.22 0.572415
3 829.14 409.04 868.17 437.51 0.569623
4 713.05 1006.24 793.75 1079.54 0.568804
4 353.95 153.96 391.13 185.13 0.567015
4 198.67 301.55 253.22 346.90 0.555996
5 197.97 302.09 253.18 346.40 0.554277
4 166.58 123.16 206.55 152.79 0.548947
4 287.18 219.53 327.06 257.42 0.542669
4 262.58 239.17 305.25 280.50 0.530341
4 81.86 91.66 119.01 119.03 0.519685
4 310.50 197.47 346.98 230.05 0.510959
6 1611.44 669.92 1782.47 895.35 0.499226
4 527.84 0.01 550.02 13.33 0.482040
4 176.89 39.32 211.34 63.44 0.481166
4 332.08 184.10 368.90 205.82 0.477581
4 0.00 245.47 33.78 283.24 0.477548
4 711.53 564.71 729.16 602.45 0.474632
4 85.77 136.34 139.96 164.96 0.473629
1 1374.51 183.39 1384.90 206.02 0.470618
3 853.03 448.26 888.00 481.55 0.468405
6 31.81 74.04 90.45 116.95 0.468285
4 219.83 88.75 253.65 112.24 0.453666
1 1303.72 139.98 1316.39 161.96 0.444891
4 32.84 167.98 93.05 200.13 0.435111
3 850.67 454.14 887.93 500.13 0.433681
3 66.98 384.69 83.98 413.72 0.422693
1 1386.79 155.36 1399.45 176.98 0.421177
4 422.52 95.62 442.67 119.35 0.417260
4 662.24 317.20 676.26 344.64 0.403546
1 817.66 375.84 827.71 405.31 0.402247
4 431.27 79.24 457.52 102.34 0.401651
4 385.15 125.55 416.59 149.67 0.401451
4 492.48 16.91 517.27 38.66 0.384965
4 232.96 12.65 260.28 32.39 0.383946
3 744.52 683.80 766.77 727.04 0.379931
3 0.18 455.75 36.31 500.67 0.379059
2 1365.61 192.30 1373.69 207.61 0.378493
1 1104.10 7.85 1111.27 25.55 0.375426
1 196.40 268.72 211.83 296.06 0.368678
4 373.15 141.91 401.13 166.90 0.365959
1 298.08 201.25 309.71 221.83 0.363800
1 362.66 132.23 373.05 154.68 0.363793
2 1116.30 15.62 1123.30 31.50 0.353505
4 196.14 98.67 229.36 127.83 0.347417
4 508.64 6.16 530.72 23.69 0.341713
1 196.26 267.31 208.00 294.89 0.340034
4 158.48 49.36 181.26 71.84 0.336972
4 466.28 50.00 490.66 71.89 0.334315
4 6.42 184.94 71.79 209.30 0.330036
3 6.23 455.96 36.43 475.99 0.317961
1 1223.46 518.20 1236.92 542.43 0.302264
3 1597.62 419.74 1611.94 437.20 0.301215
1 1764.53 452.65 1782.28 491.15 0.295486
1 661.81 316.99 675.86 346.86 0.285467
4 0.03 151.20 16.17 171.38 0.283120
4 1583.67 644.58 1643.25 682.10 0.280574
3 68.34 376.49 89.37 411.88 0.279129
4 0.14 204.81 37.11 232.07 0.274435
4 215.57 24.87 245.25 42.90 0.271308
2 360.41 130.97 373.38 155.02 0.270620
1 710.64 72.80 719.37 94.38 0.263025
4 0.04 220.47 19.57 244.02 0.254211
3 824.74 381.51 858.35 401.24 0.253475
4 402.08 117.86 429.37 134.90 0.251704
4 1001.42 346.34 1017.67 376.75 0.239320
6 1106.59 191.33 1177.19 257.46 0.234968
1 1331.31 710.10 1347.82 736.41 0.226546
2 1294.43 142.60 1303.86 165.60 0.209665
2 1387.67 153.84 1400.21 177.99 0.206011
2 786.59 7.46 797.45 32.16 0.201840
2 205.93 272.74 215.38 295.05 0.200787
2 24.31 140.09 35.56 161.33 0.192195
2 1628.42 316.12 1652.33 365.60 0.184205
2 774.56 64.92 785.60 88.27 0.171684
