1 719.46 479.35 768.65 539.35 0.778949
2 719.55 479.45 768.51 539.55 0.778928
2 214.84 433.02 261.85 488.45 0.602972
3 524.93 176.28 541.66 206.38 0.593944
1 215.60 433.15 262.18 488.57 0.520743
2 104.81 453.85 144.82 506.77 0.505820
1 566.49 494.61 619.40 539.42 0.502061
2 233.60 385.95 269.09 418.70 0.496219
1 514.06 466.42 544.38 495.48 0.466357
2 510.15 196.45 527.76 239.86 0.465520
2 416.31 127.48 425.36 148.28 0.453766
2 568.39 494.32 618.69 539.62 0.451681
2 211.89 324.43 231.02 368.21 0.449805
7 372.06 252.14 439.53 327.99 0.449766
2 84.98 465.41 119.62 531.08 0.429428
2 226.53 284.85 252.04 329.72 0.427348
2 73.24 33.85 569.69 535.63 0.425657
2 201.73 357.42 222.48 408.67 0.423667
2 272.82 270.80 292.20 317.89 0.413280
2 343.99 287.93 359.34 336.49 0.409378
2 443.25 221.54 460.70 275.42 0.378610
2 248.46 265.49 267.62 318.71 0.375587
7 562.17 418.22 630.26 539.25 0.374177
2 242.66 327.53 255.68 367.55 0.367650
7 326.76 334.69 366.56 417.68 0.360787
2 486.31 153.88 501.21 188.69 0.352967
7 372.70 280.69 409.33 327.85 0.352252
2 462.84 192.24 477.59 232.79 0.343654
2 449.96 199.18 467.40 237.86 0.336350
2 258.57 358.01 291.99 404.73 0.332696
2 412.84 202.57 427.41 249.44 0.330594
2 503.06 175.14 518.57 213.42 0.328175
7 390.77 255.27 439.38 296.64 0.300247
2 399.29 208.17 416.25 257.64 0.299238
2 295.35 306.73 319.30 364.51 0.297222
2 277.51 319.29 295.41 366.37 0.296926
2 471.51 144.45 483.68 185.75 0.293761
2 443.85 123.88 451.46 146.38 0.288997
10 513.99 466.47 544.06 495.38 0.277887
2 502.57 126.37 512.96 156.48 0.270652
2 462.00 128.30 473.22 154.11 0.259524
2 73.96 438.00 98.07 520.96 0.259063
1 248.60 265.43 267.72 319.08 0.258068
2 417.36 150.76 426.54 176.38 0.237303
2 73.85 437.54 144.36 531.02 0.234014
1 258.78 357.83 292.10 392.30 0.211556
2 288.37 322.63 312.79 372.84 0.167029
2 249.28 371.11 271.77 403.89 0.159015
2 201.88 265.33 320.48 488.71 0.115371
