4 1476.27 485.61 1539.62 610.37 0.801398
4 1126.20 446.23 1178.06 570.48 0.726783
4 752.02 499.76 814.39 625.62 0.695355
4 1495.26 671.68 1596.60 705.12 0.687665
4 1385.03 673.07 1461.02 703.91 0.680612
4 833.64 487.15 885.49 599.20 0.672819
4 770.26 745.18 861.04 780.20 0.661298
4 1506.97 95.82 1566.19 214.64 0.647292
4 269.26 89.75 333.58 196.38 0.614160
4 375.42 512.94 440.10 640.87 0.607948
4 489.60 99.25 546.87 225.31 0.605522
4 618.04 506.77 677.40 632.16 0.597075
4 403.54 681.81 478.29 707.55 0.574927
7 473.19 678.36 601.85 723.92 0.556175
4 1756.95 114.66 1810.68 230.49 0.551992
4 1173.75 84.08 1227.45 209.79 0.546588
4 1440.26 86.16 1497.69 212.32 0.541788
4 695.78 104.78 754.79 232.99 0.533317
4 418.56 88.34 480.88 214.33 0.524715
4 274.41 181.96 325.72 195.72 0.497327
4 162.69 691.05 211.18 705.42 0.480828
3 185.12 119.00 208.77 152.73 0.472556
4 423.34 182.18 478.92 214.63 0.469123
1 1630.75 521.95 1656.75 567.17 0.465259
4 917.99 686.11 988.51 706.15 0.459591
4 767.89 103.18 827.29 238.19 0.452365
4 491.90 182.15 545.70 225.27 0.440447
4 470.92 698.66 541.50 724.47 0.434346
4 1041.75 671.32 1136.21 704.89 0.428633
10 714.72 920.08 868.12 1020.81 0.418413
4 845.42 100.86 897.22 244.98 0.394886
1 1630.21 519.06 1644.04 540.08 0.320252
2 1393.71 697.89 1416.97 720.18 0.320013
2 1339.93 548.11 1355.82 564.56 0.312030
4 1860.42 600.76 1915.57 696.44 0.307254
4 716.10 105.25 754.76 232.30 0.274117
2 446.31 672.76 458.30 692.85 0.267717
2 542.53 700.02 558.13 721.04 0.264588
3 1571.07 545.39 1603.26 564.69 0.261326
10 780.02 819.21 862.71 892.41 0.252913
4 769.70 182.22 825.69 237.01 0.245590
4 1440.42 181.99 1495.34 212.16 0.245276
4 1652.32 30.53 1679.27 57.76 0.203491
7 1257.67 513.87 1328.87 650.40 0.179251
4 716.11 182.42 751.70 232.19 0.170974
1 214.55 358.32 250.14 401.91 0.169321
4 1616.69 69.91 1637.35 90.76 0.166031
10 1271.50 573.19 1315.92 624.42 0.162619
