1 446.82 178.46 468.16 235.01 0.678290
1 319.31 250.06 363.13 339.70 0.613519
2 447.05 178.53 468.57 235.30 0.589733
4 260.43 52.40 286.80 61.63 0.577099
1 340.49 199.40 372.37 265.47 0.574590
2 340.35 199.22 372.36 267.77 0.542429
2 544.34 150.04 565.95 190.53 0.519273
4 844.22 50.52 856.99 59.72 0.434812
4 826.04 51.40 834.09 57.06 0.416645
7 598.79 99.05 633.83 123.40 0.376694
6 655.23 76.59 682.69 97.34 0.368338
2 657.26 182.42 671.68 207.78 0.359024
4 32.18 56.55 47.60 64.22 0.354470
2 601.93 151.14 622.47 196.95 0.349128
2 821.83 153.19 834.35 177.74 0.312526
2 648.53 105.70 662.64 133.51 0.289941
2 772.02 99.24 849.93 193.10 0.283819
2 773.19 158.58 787.83 188.30 0.244775
2 631.98 139.05 644.68 181.05 0.223075
2 700.27 89.19 710.01 114.72 0.208314
2 782.95 160.10 795.73 193.60 0.193678
7 619.57 160.39 654.57 189.54 0.193375
3 643.53 157.88 667.16 185.68 0.177133
