4 861.40 700.80 953.39 764.67 0.873970
4 933.27 113.35 1024.87 150.20 0.857165
4 806.69 286.43 915.59 345.78 0.853025
4 973.94 179.96 1083.33 227.09 0.849595
4 416.59 8.39 445.57 35.06 0.808796
4 306.72 0.00 339.22 22.09 0.794026
4 312.29 65.58 350.66 103.70 0.792972
5 859.24 32.28 979.20 86.77 0.784463
4 703.75 301.43 773.13 374.39 0.777264
4 762.63 459.87 849.62 570.18 0.756383
4 732.82 375.79 810.29 461.67 0.754911
4 1099.67 265.57 1199.71 355.15 0.735896
4 860.84 701.48 895.77 764.43 0.734711
4 257.60 200.20 314.94 257.62 0.719992
3 981.84 709.98 1033.05 761.16 0.713593
4 1022.99 259.27 1104.49 338.59 0.704160
3 241.49 86.16 256.68 114.07 0.683190
6 627.63 7.42 794.68 73.95 0.676390
4 869.87 404.57 901.00 444.87 0.669752
5 160.90 326.04 242.42 437.50 0.665501
4 654.43 152.00 695.62 197.55 0.626949
4 216.42 268.13 283.24 346.16 0.609204
4 0.38 602.49 124.09 764.61 0.608715
4 883.59 79.93 954.87 109.71 0.604929
4 113.96 462.77 193.88 521.01 0.588645
4 88.66 462.46 194.50 588.26 0.587465
5 628.65 69.60 693.57 104.55 0.571645
3 1322.22 657.46 1359.77 719.56 0.546494
3 1091.55 403.62 1149.40 454.11 0.541303
4 87.84 499.07 169.95 588.22 0.519103
3 1103.88 211.29 1142.68 238.84 0.516558
3 1152.77 462.90 1202.53 502.36 0.502315
4 825.98 598.64 898.55 679.57 0.500811
4 638.72 93.11 669.31 136.73 0.477676
4 858.25 32.99 895.80 60.32 0.462115
3 1124.70 337.24 1173.14 373.77 0.458526
4 951.50 745.97 984.09 764.86 0.437300
4 632.73 69.18 690.94 105.00 0.428863
7 1015.49 443.10 1083.37 519.96 0.427982
4 869.92 393.26 895.78 444.20 0.424241
1 1252.66 488.33 1279.93 524.91 0.416336
4 715.81 86.24 780.19 134.53 0.385060
3 1028.96 136.23 1060.37 158.31 0.370807
5 597.88 50.92 648.46 89.90 0.369490
2 1038.38 398.14 1065.80 432.87 0.344437
3 1079.97 443.84 1103.63 480.48 0.321506
1 1118.22 208.27 1136.71 236.47 0.314964
4 162.42 515.36 207.29 573.27 0.313041
3 990.73 157.97 1011.93 184.09 0.306789
7 1040.35 476.67 1087.94 539.09 0.304745
3 1130.38 440.37 1180.89 479.65 0.303645
2 1187.56 399.17 1212.78 432.53 0.288314
2 1251.71 520.62 1289.41 551.77 0.288103
3 1086.73 477.89 1115.97 522.92 0.287300
3 1051.48 156.27 1090.47 180.47 0.250171
9 598.82 50.52 648.14 91.77 0.240638
3 1169.42 181.55 1199.60 206.73 0.236466
4 717.39 85.85 758.49 113.99 0.223265
3 992.52 160.51 1017.75 183.56 0.189676
2 1255.33 341.06 1282.99 372.54 0.178061
4 858.90 37.33 875.88 57.47 0.162023
1 817.40 14.02 825.33 34.22 0.155601
3 1080.39 169.16 1095.79 199.15 0.152052
1 826.30 13.68 836.06 39.21 0.150425
