3 489.96 254.85 507.00 288.39 0.778833
6 262.25 316.87 377.99 417.68 0.717500
1 603.78 414.48 643.59 519.24 0.640292
7 706.23 340.66 808.72 430.93 0.619758
2 603.38 414.50 644.56 519.15 0.619308
3 629.92 211.61 669.41 250.55 0.547712
2 486.86 231.55 508.18 277.45 0.544270
2 845.75 217.39 864.30 246.19 0.525811
2 633.45 249.46 657.09 304.74 0.509896
2 681.03 240.05 708.51 301.75 0.487512
3 654.44 257.76 687.30 297.03 0.485447
3 617.04 204.72 653.56 237.06 0.483180
2 719.93 418.48 755.84 516.97 0.482914
2 750.04 431.72 786.60 519.58 0.472591
2 804.28 449.75 840.16 539.16 0.471194
3 472.64 170.71 488.05 193.99 0.466679
3 513.46 184.02 527.41 205.21 0.450791
4 632.03 72.18 644.83 79.70 0.436641
1 845.69 217.44 864.11 246.59 0.432052
2 771.07 409.78 804.86 503.39 0.420179
4 549.08 67.55 558.20 74.64 0.412969
2 655.69 253.02 672.93 278.40 0.401093
1 327.56 343.54 370.08 393.40 0.399801
2 566.38 114.90 576.54 137.67 0.382331
3 641.26 270.63 675.70 296.42 0.375042
3 498.60 202.95 522.63 233.62 0.371854
2 558.00 118.79 565.26 135.65 0.348582
7 659.91 162.62 687.21 187.34 0.335800
2 502.67 191.43 519.10 222.62 0.305328
2 699.30 234.11 713.12 294.81 0.301827
2 718.79 405.77 848.61 538.37 0.286137
7 617.30 204.86 669.38 249.80 0.276278
7 468.40 318.79 490.45 359.68 0.263405
2 749.38 178.91 768.83 221.57 0.249062
2 826.49 431.04 848.61 516.98 0.245642
7 798.51 232.52 870.40 288.18 0.228280
7 374.51 354.05 485.08 456.88 0.225091
2 558.04 114.56 577.09 138.82 0.178578
3 652.46 216.69 669.38 250.51 0.134471
