3 404.41 177.16 438.70 208.00 0.843317
2 269.55 269.11 318.40 362.71 0.794478
1 521.42 340.77 563.09 456.18 0.748050
1 195.72 166.85 223.56 231.07 0.709578
2 399.80 213.74 427.51 297.03 0.706918
2 521.51 340.78 563.49 456.32 0.701175
2 666.51 340.31 707.70 474.67 0.690981
2 77.55 166.31 106.53 197.21 0.651275
2 332.97 69.26 345.45 101.14 0.649201
2 110.25 171.81 129.09 201.33 0.640721
2 146.33 217.13 175.86 299.07 0.640280
1 666.56 340.32 707.22 474.86 0.635415
2 851.29 145.88 879.28 213.58 0.634874
2 513.13 234.43 554.08 319.77 0.632713
2 305.14 149.68 332.49 209.71 0.631565
2 349.21 198.53 382.17 278.24 0.623314
2 644.43 86.39 657.70 124.96 0.623097
2 570.09 90.89 587.77 118.31 0.621750
2 891.75 146.51 921.76 202.83 0.609599
2 530.76 95.23 545.04 140.97 0.596441
3 610.20 40.82 630.05 55.01 0.588420
2 196.06 166.94 223.75 231.15 0.578003
2 331.99 259.89 369.14 350.04 0.577940
2 606.01 64.68 616.85 101.87 0.554534
2 938.33 194.09 959.61 255.82 0.541164
2 401.52 53.26 413.63 78.44 0.534750
2 173.95 63.05 185.18 93.09 0.527661
2 224.24 61.27 233.65 85.95 0.525665
2 134.70 127.17 146.34 144.27 0.522994
2 584.02 47.34 592.20 70.42 0.490562
2 873.11 93.31 890.29 116.33 0.474648
2 516.32 168.52 540.05 203.46 0.471412
2 87.73 116.73 109.30 141.45 0.458051
2 127.66 57.69 144.57 85.32 0.454886
2 313.44 224.58 338.96 307.70 0.445699
2 654.75 65.74 663.99 88.02 0.431071
2 378.15 41.00 387.33 66.57 0.430643
2 780.21 132.30 803.64 175.67 0.427085
4 655.48 45.11 688.83 62.27 0.422791
2 922.33 111.69 957.20 155.86 0.417887
2 524.00 17.43 545.92 49.96 0.417447
2 108.04 60.70 120.70 75.35 0.408630
2 761.42 133.20 785.85 177.93 0.407808
2 509.35 52.25 520.39 67.69 0.390510
2 817.81 121.66 838.18 178.77 0.387101
2 901.22 107.73 917.02 148.74 0.375546
2 510.63 197.75 549.17 276.87 0.373026
2 715.59 63.31 728.61 94.70 0.351297
4 578.33 34.13 601.43 47.69 0.347110
2 87.28 112.92 146.56 145.21 0.338699
2 808.57 107.73 823.96 142.74 0.338102
2 691.19 48.77 705.53 76.92 0.335411
2 310.16 77.08 321.91 115.65 0.323125
2 804.40 86.49 817.91 113.24 0.321231
2 247.54 25.84 270.93 56.21 0.318761
2 391.11 143.99 413.32 201.88 0.307315
2 924.29 86.33 940.25 121.92 0.298043
2 757.73 89.00 768.97 112.82 0.282702
2 743.17 36.28 753.98 57.89 0.275687
2 498.05 147.18 521.47 204.47 0.274370
4 778.19 48.62 794.20 56.18 0.263575
4 634.53 39.84 660.48 53.90 0.250752
2 127.88 58.23 137.53 74.14 0.247687
2 87.48 118.20 104.05 141.25 0.244930
2 752.07 104.88 783.34 133.06 0.243034
2 577.00 37.27 583.70 56.60 0.240887
2 176.91 45.83 189.57 70.36 0.216094
3 134.66 70.22 144.82 86.04 0.209525
3 792.79 64.82 826.38 91.70 0.202919
2 105.76 115.89 121.11 141.00 0.201206
2 501.24 147.36 517.35 174.32 0.167564
2 397.44 127.43 417.96 197.49 0.131952
2 749.75 104.93 767.99 173.59 0.129560
2 157.30 21.71 180.68 67.42 0.113401
