2 4.09 166.72 958.08 538.91 0.790514
3 0.09 455.63 64.40 507.22 0.776352
4 143.85 89.06 175.28 109.37 0.771803
4 195.17 92.15 219.01 116.73 0.754938
5 144.17 88.86 175.47 109.50 0.726588
6 840.66 416.57 959.59 502.36 0.628546
7 125.33 351.60 179.72 393.76 0.530476
2 372.87 263.30 644.64 419.66 0.522769
4 373.69 147.11 409.17 166.25 0.522462
7 288.83 466.67 336.64 517.79 0.438558
1 726.91 324.22 744.88 360.81 0.437359
7 232.70 368.69 284.68 408.22 0.415399
7 30.02 388.14 71.40 441.73 0.405949
3 64.84 344.40 105.76 378.99 0.403220
4 78.75 97.80 98.53 112.63 0.395609
7 12.83 376.84 48.54 409.82 0.388000
3 340.37 483.73 363.74 509.95 0.382710
2 867.89 183.80 882.39 204.37 0.358847
3 79.72 344.00 105.91 370.28 0.350080
7 838.85 416.57 959.59 501.00 0.346850
2 939.18 222.60 955.17 250.56 0.332582
2 793.36 234.66 811.44 257.89 0.332487
2 768.66 206.87 784.73 231.76 0.323667
2 7.14 439.68 36.61 493.89 0.305838
2 638.31 226.58 649.60 253.58 0.296227
7 163.29 499.95 228.43 539.65 0.282626
2 836.90 181.66 849.80 208.40 0.282021
6 823.60 416.36 895.50 493.10 0.278246
2 442.42 214.28 454.79 241.08 0.276867
2 164.33 439.96 188.38 492.42 0.271841
2 357.48 473.05 388.13 530.75 0.263906
2 69.47 360.34 90.81 412.33 0.249242
2 793.39 468.88 822.63 532.43 0.240738
1 737.11 394.30 755.14 441.99 0.238997
2 601.32 198.82 614.58 232.42 0.236734
3 484.88 427.17 507.82 453.68 0.218122
2 423.84 363.16 443.93 412.85 0.208677
2 512.66 160.61 523.79 190.99 0.207705
2 627.20 366.45 647.18 412.36 0.207240
2 574.89 365.28 592.81 413.44 0.192986
7 219.60 463.61 282.12 532.03 0.190891
7 598.25 434.41 630.73 468.23 0.186559
2 349.01 272.70 363.97 315.03 0.177955
3 910.44 368.56 936.62 398.92 0.177303
1 247.40 149.82 260.05 171.40 0.176985
2 549.73 363.46 566.42 411.50 0.174896
1 246.80 149.94 268.21 206.00 0.164608
2 435.18 102.79 447.14 142.37 0.158851
2 737.45 393.96 755.00 440.03 0.117631
1 70.45 359.91 91.03 411.32 0.108021
