1 354.05 832.04 389.76 879.61 0.550685
2 970.00 172.85 988.97 218.02 0.501644
2 904.06 170.17 925.30 213.46 0.468240
2 162.09 408.31 191.26 462.89 0.436581
2 735.91 91.09 752.62 134.11 0.425519
2 773.07 93.29 790.80 132.06 0.424373
2 542.56 229.08 569.83 283.24 0.414676
2 626.52 91.02 646.82 136.42 0.411299
2 130.39 395.85 165.57 445.53 0.400168
2 794.54 101.66 808.27 144.83 0.398386
2 645.83 108.77 660.94 138.00 0.385258
2 1336.38 45.29 1359.35 79.13 0.382333
2 51.46 358.04 88.22 418.77 0.376906
2 331.92 17.09 347.93 59.14 0.370172
2 399.34 85.58 417.42 122.08 0.366445
2 399.44 189.33 418.04 230.45 0.361439
2 80.66 367.16 120.64 429.32 0.346835
2 1311.41 108.20 1350.53 160.34 0.321307
2 1298.56 14.86 1324.25 53.66 0.317225
2 923.90 40.57 946.03 73.61 0.305030
2 377.59 188.17 395.16 220.34 0.289650
2 0.18 928.13 60.69 972.51 0.288318
2 415.11 225.13 445.75 281.87 0.285963
2 50.04 356.22 195.87 467.47 0.284811
2 518.41 989.44 545.75 1026.91 0.256156
2 371.59 295.64 399.57 350.57 0.241145
2 370.12 236.30 398.25 278.42 0.234179
2 1326.88 0.00 1349.47 21.75 0.232584
2 382.07 264.77 442.99 333.70 0.213975
3 1292.56 124.44 1345.72 181.71 0.212252
