4 641.68 595.85 665.22 647.98 0.433163
4 1326.86 297.76 1354.86 347.87 0.369570
4 796.62 66.83 841.50 100.99 0.368933
4 668.02 0.41 686.27 22.69 0.361794
4 794.15 203.89 829.63 253.81 0.360076
4 457.99 390.19 482.56 440.59 0.358123
4 530.22 624.78 555.59 684.03 0.356279
4 454.49 269.04 502.04 311.36 0.349384
4 551.51 337.56 574.93 377.37 0.346520
4 1058.12 162.44 1082.95 192.30 0.345726
4 461.36 315.44 491.20 357.32 0.337412
4 836.42 332.62 862.05 381.85 0.335675
4 1189.56 290.18 1217.03 339.74 0.330271
4 794.91 31.17 834.67 64.87 0.323220
4 452.74 546.37 487.91 602.65 0.319577
4 1250.87 295.53 1277.11 342.59 0.316106
4 1055.68 209.95 1090.03 263.09 0.312623
4 1282.69 418.20 1332.78 453.13 0.295038
4 1253.34 735.11 1308.50 758.92 0.286961
1 562.02 509.82 572.62 530.77 0.283565
4 830.06 725.57 852.72 764.40 0.279335
4 1223.65 295.09 1250.13 341.76 0.268689
4 793.32 262.01 833.60 303.74 0.258844
4 473.25 8.67 510.55 47.79 0.254193
4 475.79 105.93 497.62 152.11 0.251569
4 483.60 676.29 530.52 725.21 0.251147
4 1095.44 603.13 1139.98 632.89 0.249174
1 758.23 419.27 768.19 440.56 0.236079
4 786.81 335.38 810.95 386.08 0.232819
4 0.04 122.70 17.38 173.99 0.226976
4 1210.66 420.90 1261.14 455.40 0.225920
5 6.51 40.31 34.34 85.30 0.225888
4 314.43 594.17 329.38 626.06 0.207408
4 428.94 749.30 479.91 764.60 0.200010
