4 276.48 510.86 363.43 539.77 0.544051
4 92.88 386.88 167.29 427.26 0.530129
6 390.83 283.38 431.64 321.45 0.527611
4 95.89 451.20 178.82 501.09 0.520394
4 112.88 520.24 183.23 539.47 0.449605
1 168.22 392.64 182.54 416.04 0.443296
4 240.15 427.71 296.13 484.16 0.441729
4 194.39 356.63 255.03 399.06 0.439928
2 274.59 266.95 676.34 514.50 0.431972
4 76.99 489.38 167.77 539.38 0.375385
4 631.49 222.09 668.57 242.40 0.374161
5 730.49 153.31 767.43 178.70 0.370308
4 709.56 238.47 760.50 264.54 0.339947
2 0.98 103.50 222.12 433.36 0.302341
4 647.45 261.90 705.70 292.35 0.301401
3 370.77 477.82 384.86 512.68 0.293498
6 715.51 181.93 738.49 200.86 0.292065
5 80.56 333.58 125.37 373.26 0.288861
4 679.63 248.87 729.75 279.58 0.282958
3 74.83 367.43 98.14 391.29 0.278405
2 739.63 55.99 959.15 198.77 0.276649
1 36.12 405.49 48.47 430.76 0.272575
4 31.22 321.20 60.61 343.22 0.261271
1 231.74 417.18 242.53 442.15 0.260575
3 372.74 449.55 394.76 471.88 0.237805
4 176.71 292.30 195.58 306.69 0.224208
6 75.78 135.47 146.99 214.41 0.214615
3 276.30 416.57 294.39 437.78 0.202001
3 769.92 172.18 784.79 187.90 0.201151
