4 655.02 259.94 734.20 299.57 0.553819
4 1302.05 695.80 1359.75 764.35 0.439037
4 1159.23 685.89 1300.81 764.54 0.408228
5 539.38 360.28 654.11 438.10 0.383304
5 144.61 254.71 228.88 314.43 0.377740
6 322.45 428.16 442.06 521.91 0.350129
6 1213.20 237.81 1316.77 317.79 0.324791
6 1245.96 295.79 1359.61 385.25 0.324105
6 546.57 309.31 620.28 343.15 0.308353
4 653.43 323.07 705.21 351.14 0.303477
6 1246.03 416.43 1359.51 510.02 0.300952
6 913.54 648.61 1062.60 764.24 0.291704
2 236.38 273.26 276.42 301.84 0.290541
5 1036.72 661.35 1149.13 764.32 0.288649
6 816.99 409.72 952.00 498.72 0.284548
6 1106.04 371.89 1223.59 451.92 0.283673
6 1158.22 144.66 1263.83 202.73 0.281753
5 675.27 341.75 743.59 401.51 0.279667
5 1173.69 391.33 1299.07 474.24 0.277917
6 755.00 626.92 879.53 764.22 0.273062
6 592.27 599.72 761.33 764.34 0.272632
6 1012.68 153.24 1114.90 213.76 0.272476
5 710.98 324.20 783.85 383.75 0.266440
5 769.72 313.44 835.51 371.92 0.265831
6 434.09 575.72 638.48 764.25 0.261193
6 1287.35 251.63 1359.65 310.60 0.258686
6 817.15 334.18 1156.00 499.63 0.256890
6 856.35 206.12 936.50 253.51 0.251750
6 1045.33 340.86 1155.52 417.07 0.235585
6 325.31 556.31 511.72 756.90 0.234488
6 0.49 579.43 302.89 764.22 0.231841
4 1324.42 483.61 1359.74 539.77 0.229296
5 588.05 352.66 695.48 421.27 0.225743
2 677.04 328.14 694.21 347.51 0.221562
6 268.23 551.02 427.45 698.99 0.219816
6 868.20 391.22 1007.96 477.64 0.219191
6 240.97 540.31 374.94 650.72 0.213721
6 803.98 264.86 907.72 347.55 0.201074
