2 349.23 889.09 397.15 946.47 0.514149
2 678.47 321.27 696.43 367.18 0.489359
2 1355.10 406.66 1391.58 452.41 0.479106
2 414.40 488.05 435.34 533.96 0.430779
2 94.74 589.64 130.43 639.76 0.418772
2 1211.40 423.74 1245.13 471.47 0.418601
2 808.14 537.22 830.69 581.29 0.410549
2 887.75 501.20 919.94 549.88 0.410035
2 986.18 291.36 1004.55 332.34 0.409818
2 996.16 208.92 1011.93 246.47 0.409735
2 937.49 246.75 958.33 285.83 0.408021
2 207.54 498.56 234.34 548.72 0.404275
2 961.53 461.63 988.20 508.86 0.399141
1 1146.19 291.59 1165.50 339.69 0.387258
2 742.82 475.21 761.91 516.58 0.385267
4 844.13 193.93 896.85 220.37 0.383153
2 647.01 507.71 667.04 550.12 0.380377
2 633.74 540.58 656.53 591.36 0.376632
1 270.23 247.89 291.09 288.88 0.373626
2 772.66 498.31 799.36 541.34 0.373053
2 503.51 535.45 531.45 576.96 0.362993
2 313.05 479.24 334.90 525.68 0.349108
2 351.35 646.41 392.51 695.13 0.343750
3 119.20 285.55 169.87 348.66 0.325313
2 1116.00 403.37 1144.29 449.03 0.320868
2 0.17 621.44 41.47 670.58 0.318724
2 1067.27 421.84 1101.25 468.77 0.308725
2 1099.86 387.47 1128.47 431.47 0.306594
2 180.38 659.97 206.31 711.54 0.306377
2 27.35 632.70 75.86 687.36 0.284122
2 517.82 346.55 541.46 384.57 0.282895
2 313.41 597.64 337.76 636.40 0.277461
2 315.81 629.35 352.21 678.29 0.260099
2 1157.39 439.93 1184.28 507.63 0.252034
2 462.56 569.72 488.33 619.62 0.249102
2 41.25 283.65 60.75 318.73 0.230398
2 1098.93 427.63 1118.49 482.52 0.228979
2 24.37 710.50 94.60 768.02 0.223987
2 440.36 553.29 465.14 601.28 0.223453
2 0.85 202.49 1397.78 790.83 0.221425
3 1096.90 196.11 1138.97 236.00 0.209370
