4 710.46 739.76 730.43 773.00 0.409064
4 701.31 694.46 723.89 729.23 0.397935
4 645.79 810.14 671.00 859.26 0.377325
4 611.02 694.03 651.15 722.42 0.375161
4 736.28 941.66 768.85 1010.02 0.365065
4 643.49 766.31 666.09 806.99 0.356805
4 726.49 871.51 756.52 930.23 0.349570
4 673.92 1016.90 701.58 1048.61 0.347596
4 617.95 486.76 635.45 506.30 0.315060
4 719.71 828.20 745.35 869.68 0.290852
4 642.66 573.57 658.43 600.65 0.290161
4 621.64 429.19 633.85 447.59 0.286182
4 661.12 476.12 673.01 491.53 0.282743
4 690.06 618.56 723.20 642.09 0.266236
4 625.81 536.94 639.15 559.30 0.251720
4 595.12 669.18 630.23 689.05 0.250663
4 664.68 537.72 682.32 557.76 0.250008
4 639.18 954.35 665.65 1005.50 0.249156
4 621.77 397.46 632.39 412.86 0.230433
4 694.14 576.57 722.65 599.33 0.222610
4 644.66 415.21 660.94 426.90 0.218788
4 672.46 573.11 691.76 592.18 0.215158
4 589.98 583.35 613.63 605.75 0.210495
4 694.44 811.23 704.78 829.38 0.209158
