4 603.28 705.53 779.60 764.37 0.557150
4 0.00 155.48 25.27 183.36 0.547237
6 485.54 308.08 760.22 438.54 0.491381
4 999.02 117.57 1056.01 149.18 0.482545
6 571.07 409.45 852.95 548.45 0.472886
4 520.75 269.08 625.39 317.21 0.451614
6 382.88 125.18 591.35 231.14 0.442550
6 1222.40 396.17 1359.44 524.01 0.441879
4 449.76 206.63 537.34 252.78 0.439003
6 1066.28 276.42 1359.24 386.44 0.438203
4 110.35 65.23 143.70 96.70 0.430382
6 526.99 518.34 793.61 670.88 0.427485
4 505.19 245.91 608.07 291.78 0.427314
3 1185.55 465.43 1218.34 515.25 0.406376
4 533.43 308.85 632.62 328.71 0.404471
4 473.29 220.54 570.08 271.61 0.402439
4 208.96 34.87 256.20 74.89 0.375633
6 803.74 0.20 889.58 56.56 0.369296
4 359.56 139.82 426.78 188.02 0.366005
6 1180.77 0.34 1359.49 79.00 0.355074
6 1016.85 145.91 1330.78 286.76 0.328992
6 666.63 0.04 799.09 72.21 0.321127
6 1038.62 73.24 1255.86 148.22 0.314220
6 950.50 148.55 1047.89 225.19 0.310763
6 312.72 22.02 444.65 133.78 0.293577
4 493.09 49.01 544.46 108.50 0.276762
6 533.73 0.00 681.22 87.33 0.270261
5 449.74 59.24 501.38 119.57 0.259165
5 592.03 34.76 638.25 92.41 0.244744
6 926.67 107.32 1002.41 169.40 0.220748
