4 1262.30 99.93 1289.46 113.28 0.471239
4 1331.70 149.06 1359.81 165.02 0.373892
6 1.29 567.02 440.15 764.30 0.350796
6 845.40 161.68 1004.64 221.88 0.343677
4 1229.17 102.56 1256.12 118.11 0.335325
6 1265.70 118.04 1359.69 152.68 0.309829
6 1259.89 151.50 1359.62 199.57 0.303783
6 948.04 143.31 1135.01 206.95 0.302358
6 730.56 201.55 899.31 275.57 0.287636
5 819.66 244.14 863.84 297.23 0.282256
4 1246.45 144.20 1271.17 160.16 0.276552
6 776.96 431.07 1231.51 764.38 0.271419
6 282.91 327.82 427.06 424.88 0.266905
5 1285.97 85.03 1325.59 107.23 0.265496
6 470.63 236.43 705.47 328.77 0.261595
6 606.80 202.30 799.45 292.82 0.256215
6 413.62 284.27 620.47 392.27 0.248543
4 1338.22 186.17 1359.82 217.14 0.238021
4 1267.84 143.03 1301.54 155.27 0.233306
4 1322.95 18.38 1340.58 26.78 0.228879
6 14.98 345.16 224.62 481.58 0.222535
6 1048.92 158.06 1135.09 206.89 0.222486
4 781.14 270.39 821.27 296.73 0.219658
6 1068.86 664.16 1174.98 764.37 0.217106
4 1301.91 297.86 1359.30 358.65 0.216382
6 1130.74 629.56 1231.15 760.56 0.209168
6 294.86 291.58 349.32 335.32 0.206559
4 775.34 155.49 799.07 163.64 0.204819
