4 332.30 300.50 387.76 327.14 0.519357
4 828.89 109.32 851.82 137.68 0.450670
4 694.78 601.97 729.97 678.62 0.423770
4 624.14 598.39 662.87 673.40 0.415700
4 765.08 0.12 783.57 17.73 0.410758
4 631.04 515.10 666.78 576.56 0.401087
4 812.67 52.67 832.44 81.10 0.395937
4 611.31 709.10 656.85 787.53 0.388007
1 214.27 769.57 230.83 787.63 0.362366
2 570.97 362.03 582.25 385.42 0.346252
4 809.15 152.78 831.69 191.77 0.340757
4 801.28 120.59 811.84 136.81 0.333002
4 692.15 509.12 724.54 577.76 0.331644
1 265.86 735.77 283.06 764.36 0.319969
1 517.21 456.86 529.36 479.75 0.314975
1 982.19 306.67 996.87 328.79 0.305101
1 545.81 424.41 557.00 444.54 0.302019
1 534.83 463.33 546.18 482.90 0.300027
1 543.52 453.93 554.95 476.96 0.290024
1 1057.09 516.17 1068.08 533.99 0.276656
6 0.26 140.51 130.39 528.13 0.269419
1 100.23 764.41 117.29 787.52 0.263190
2 1006.35 290.37 1020.14 310.41 0.260976
1 721.38 235.45 731.96 254.59 0.254813
4 780.60 33.81 788.80 44.86 0.249789
1 789.49 237.17 800.85 267.75 0.246439
1 284.62 269.19 294.63 291.41 0.238645
2 1082.44 621.93 1100.37 652.15 0.235091
2 312.33 392.70 322.77 417.71 0.222902
2 583.17 272.81 593.47 289.68 0.221770
2 561.62 363.47 571.61 379.83 0.218477
1 581.43 432.62 589.53 450.03 0.217483
2 1155.45 326.79 1166.66 344.81 0.209854
6 1126.60 132.06 1156.30 145.80 0.206830
7 293.65 408.82 331.43 440.70 0.204209
4 807.86 32.86 815.12 44.93 0.203118
2 624.74 258.98 634.15 276.25 0.201993
2 849.80 450.00 858.08 474.32 0.200125
