5 1167.59 118.40 1350.87 226.00 0.592762
4 805.14 416.39 1020.55 524.55 0.533382
4 248.22 373.40 439.38 468.54 0.531178
4 0.52 508.76 234.02 650.17 0.524342
4 133.69 439.65 344.03 551.25 0.505620
4 649.29 635.33 912.63 764.22 0.436184
4 876.33 327.58 1058.43 418.82 0.389552
4 0.21 354.46 129.51 490.19 0.383396
4 152.19 275.37 308.31 380.54 0.377921
4 611.77 178.73 734.14 246.34 0.369014
4 895.73 298.30 1064.29 361.90 0.342844
4 1154.61 150.66 1177.60 179.38 0.342787
4 922.10 267.44 1086.54 329.34 0.341390
4 638.04 162.91 754.13 217.38 0.338342
4 819.00 50.67 906.38 96.11 0.337670
4 937.14 231.38 1087.44 288.56 0.325546
4 728.46 115.94 829.27 164.19 0.319199
4 677.01 144.69 784.87 199.33 0.318451
4 931.08 0.00 972.04 18.79 0.317615
4 704.72 131.18 807.64 181.72 0.311313
4 879.52 15.99 956.88 53.96 0.309622
4 273.03 231.96 351.04 277.34 0.301834
4 274.31 198.66 379.69 282.76 0.293040
4 756.16 101.82 841.59 146.77 0.278617
4 951.30 204.91 1102.70 260.19 0.276511
4 590.88 118.38 630.55 153.66 0.269407
4 465.53 104.61 498.87 171.61 0.266557
4 869.25 42.68 946.11 78.57 0.262198
4 982.13 141.41 1108.23 181.76 0.256959
7 1198.58 1.11 1264.48 63.41 0.256827
4 962.54 180.81 1095.10 222.08 0.253099
4 764.59 82.95 845.87 121.09 0.238102
6 1090.32 0.06 1184.92 39.84 0.232398
4 1085.52 0.00 1112.85 9.25 0.226638
4 177.05 217.23 219.04 244.56 0.226273
4 1015.33 109.02 1137.28 149.72 0.225823
4 1068.39 33.43 1150.74 64.14 0.219095
4 588.97 137.22 608.00 175.33 0.218788
4 716.16 81.65 730.90 105.56 0.214982
4 76.82 336.77 160.84 386.95 0.214000
4 721.78 0.00 749.62 21.29 0.212270
4 1053.82 62.25 1146.77 98.82 0.207370
