4 1414.93 271.66 1718.03 484.19 0.671134
4 1842.62 128.05 1999.50 362.86 0.642332
4 1761.07 690.74 1999.44 955.53 0.613866
4 987.72 808.30 1344.14 1089.09 0.508757
4 1078.71 0.10 1340.67 142.45 0.494626
6 1281.77 137.90 1570.20 356.97 0.489167
4 1199.61 28.08 1439.77 206.48 0.486193
4 1667.52 0.16 1820.38 137.71 0.484921
4 973.38 0.35 1099.72 65.90 0.476226
4 880.98 617.39 1225.16 858.03 0.471385
4 611.38 610.77 679.59 704.63 0.434481
1 535.73 401.29 608.13 490.86 0.431134
4 1166.07 1208.53 1710.58 1498.55 0.385929
3 384.36 129.20 424.73 201.69 0.341190
4 1510.66 354.75 1848.21 610.19 0.340070
3 548.38 125.53 650.73 202.78 0.318136
7 741.22 224.73 823.63 323.22 0.308582
3 550.63 142.34 590.33 201.30 0.301815
2 442.21 287.08 549.69 364.97 0.279149
1 555.23 121.05 582.99 171.88 0.275172
3 383.95 128.14 482.46 202.43 0.274543
3 676.13 469.37 771.45 550.15 0.271959
3 776.56 942.55 841.56 1013.32 0.261829
1 484.76 920.06 584.04 992.55 0.259516
3 722.06 395.08 833.16 476.79 0.250549
1 629.86 495.73 664.95 550.35 0.245561
6 660.83 693.31 734.42 775.08 0.245556
10 1200.79 230.83 1244.42 291.81 0.236294
7 527.27 487.45 594.51 574.17 0.235951
7 483.46 303.37 575.44 373.63 0.227464
7 429.08 147.70 482.54 191.73 0.221211
2 498.61 289.48 545.59 336.42 0.207886
