3 1521.60 714.03 1598.59 782.86 0.593997
3 1749.58 845.98 1843.94 909.88 0.511819
1 1100.45 565.10 1128.98 623.17 0.472059
2 1189.91 589.23 1234.33 632.90 0.469890
1 207.71 277.72 246.04 347.68 0.441663
3 1406.78 521.97 1461.63 587.77 0.436993
2 923.29 544.88 947.36 595.22 0.418516
1 894.09 519.78 920.22 587.05 0.413998
2 908.23 768.96 952.80 822.02 0.413647
1 856.65 688.54 892.24 766.43 0.410197
2 684.65 725.34 718.40 786.26 0.404019
2 996.14 896.96 1038.96 944.26 0.390090
2 970.98 800.48 1000.34 872.23 0.370320
2 996.07 831.26 1026.16 888.11 0.348820
1 813.87 660.79 848.01 699.88 0.336149
2 883.24 635.51 907.09 696.91 0.333837
2 1036.86 759.14 1074.47 816.63 0.331990
2 1400.99 466.02 1434.91 568.04 0.326147
2 1016.32 791.32 1045.57 854.17 0.324965
2 898.65 683.30 933.38 732.15 0.311378
2 1033.33 843.62 1071.96 887.07 0.302316
2 728.68 623.37 760.59 679.82 0.298558
2 719.81 618.69 1081.24 944.58 0.261174
1 866.24 620.29 905.58 679.10 0.260102
2 773.15 636.74 804.50 674.90 0.251145
3 682.90 752.49 711.78 797.46 0.242129
2 938.33 724.88 963.99 763.86 0.234859
2 949.39 837.97 967.60 878.38 0.233163
3 1039.01 793.50 1078.69 819.93 0.214866
2 755.43 632.97 780.19 672.22 0.208006
2 959.39 713.62 993.35 787.15 0.205572
