4 657.97 109.54 673.03 128.12 0.524820
4 602.63 183.18 621.67 210.65 0.523151
5 349.09 268.15 409.57 378.19 0.397935
4 808.83 717.58 840.48 758.64 0.384368
4 362.65 43.70 381.34 63.50 0.347091
4 858.32 182.62 876.78 207.11 0.305745
4 648.14 1015.47 686.00 1049.42 0.299503
4 742.25 66.30 762.66 82.91 0.262530
4 784.59 15.48 804.12 33.10 0.252414
4 1203.90 946.31 1222.86 969.96 0.227496
4 1138.00 20.37 1159.32 33.24 0.227489
2 46.24 140.57 59.80 161.66 0.220302
1 825.50 997.86 841.52 1020.29 0.214344
6 384.40 0.34 541.46 99.04 0.201021
