4 1010.10 901.36 1074.28 1001.80 0.485221
7 1108.51 771.89 1136.02 826.05 0.435268
3 876.76 877.00 916.73 910.72 0.434968
4 1097.43 553.75 1137.92 589.31 0.427856
3 913.57 837.75 940.65 861.92 0.415673
2 1170.71 589.45 1186.06 617.43 0.386194
6 1139.92 868.46 1175.13 944.26 0.377430
1 868.38 850.45 888.87 897.02 0.373197
4 861.63 936.44 960.60 1003.36 0.350789
4 1080.30 508.63 1100.14 528.38 0.348484
3 1516.03 1028.91 1559.72 1064.83 0.311180
4 1037.33 794.66 1066.36 827.89 0.306789
3 895.11 919.20 943.97 940.96 0.303792
4 1494.34 937.88 1538.84 985.35 0.302059
4 1198.32 266.30 1213.22 282.53 0.300527
7 932.97 892.75 975.34 937.22 0.297364
3 1121.33 511.16 1135.73 537.62 0.296525
2 1160.34 488.88 1174.27 515.16 0.296065
3 1324.23 610.24 1361.32 629.89 0.290579
5 907.05 772.59 972.29 827.75 0.285707
1 1388.38 594.15 1400.26 625.70 0.277396
4 1467.93 853.08 1504.76 882.95 0.275302
1 1156.14 423.14 1168.56 445.80 0.274833
1 1343.05 857.77 1362.02 900.73 0.267219
3 1142.15 911.02 1173.17 944.23 0.258418
4 1442.29 239.65 1471.19 254.03 0.257295
4 1127.85 218.70 1142.53 231.76 0.252741
4 1119.32 264.06 1132.68 281.51 0.239343
1 1416.42 839.33 1433.55 865.13 0.239260
2 1131.33 488.91 1147.43 513.93 0.237442
1 1328.31 854.78 1345.66 890.03 0.236484
4 1280.63 580.49 1373.66 615.55 0.233746
3 1382.97 657.31 1421.11 682.07 0.231030
1 1196.28 361.38 1206.65 381.05 0.227899
1 1405.47 591.13 1422.78 622.03 0.216240
4 1454.26 882.20 1499.95 928.44 0.211187
1 1139.20 358.77 1149.46 376.97 0.209141
4 1361.71 865.88 1499.73 929.00 0.204374
