3 490.02 253.98 507.01 288.57 0.546921
1 603.38 414.30 644.53 518.99 0.532728
5 262.22 316.78 377.11 417.48 0.454322
1 486.87 231.38 508.20 277.10 0.437495
1 633.42 249.36 656.90 304.62 0.426111
1 719.81 418.43 755.61 516.78 0.418826
1 681.05 239.95 708.46 301.59 0.418640
1 804.27 449.64 840.02 539.06 0.383852
1 750.03 431.66 786.51 519.45 0.374065
1 771.18 409.69 804.75 503.24 0.365672
1 845.75 217.32 864.13 246.00 0.361435
1 699.36 233.96 713.13 294.61 0.357525
6 706.27 340.53 808.64 430.48 0.354499
1 826.51 431.01 848.53 516.66 0.315914
3 630.18 212.96 669.40 250.34 0.314380
3 654.45 258.16 687.22 296.88 0.307128
1 327.67 343.31 369.77 393.08 0.304543
2 566.43 114.75 576.62 137.33 0.278038
7 660.18 162.66 687.16 187.05 0.276723
3 513.83 183.66 527.80 205.24 0.275475
3 616.96 204.59 652.99 236.84 0.275187
7 468.39 318.58 490.36 359.43 0.266278
3 498.51 202.91 522.53 233.49 0.261217
3 472.83 170.49 488.04 193.71 0.258775
2 719.12 405.22 848.64 538.32 0.243803
2 655.82 252.91 672.72 277.86 0.243055
4 549.23 67.96 558.54 74.45 0.234571
2 557.98 118.69 565.38 135.45 0.230555
2 749.02 178.84 768.73 221.52 0.229360
7 798.50 233.42 871.61 287.54 0.224477
2 502.71 191.33 518.80 221.97 0.220769
7 712.94 368.58 757.63 422.70 0.209804
