4 713.90 814.63 777.92 839.28 0.551443
4 525.20 815.13 582.02 838.98 0.549026
6 1141.35 786.55 1273.15 837.24 0.540064
4 934.60 885.87 1006.91 921.34 0.539581
4 1069.60 1004.08 1164.05 1065.14 0.524993
5 1615.98 1189.00 1802.38 1293.28 0.522601
4 975.82 839.41 1049.58 871.39 0.516540
4 826.30 865.54 910.16 898.55 0.501726
5 1317.61 1250.18 1527.90 1326.93 0.495349
5 1233.53 1206.77 1407.46 1318.02 0.494814
4 1865.64 1361.51 1999.45 1499.00 0.484739
4 748.42 867.70 825.20 906.03 0.482691
4 1177.69 846.51 1258.23 872.77 0.471950
5 1868.30 1210.95 1999.48 1303.91 0.462789
4 1076.15 862.64 1167.63 905.67 0.460119
5 1128.80 1202.65 1214.36 1339.59 0.436133
4 1791.94 1277.08 1999.08 1405.99 0.417052
5 1077.67 1054.83 1148.07 1142.16 0.417044
4 1048.03 882.16 1087.63 918.45 0.398897
4 1045.46 915.68 1098.60 966.05 0.389943
4 1247.07 870.86 1313.39 904.41 0.384345
4 698.06 880.03 717.31 902.37 0.371566
4 798.19 957.83 916.43 1007.27 0.359848
1 1069.35 1191.49 1101.80 1268.43 0.349110
7 1606.15 1281.43 1686.79 1372.24 0.342675
1 979.26 1234.98 1014.10 1321.40 0.329638
4 822.01 951.46 933.32 992.99 0.321128
1 1401.39 1142.36 1429.43 1196.59 0.316628
4 1304.02 867.44 1346.59 888.03 0.314068
1 1344.31 1158.55 1368.77 1208.91 0.312056
4 342.38 746.38 376.71 761.75 0.311982
4 1071.83 942.00 1122.42 1002.90 0.311408
3 1260.96 1150.07 1284.88 1208.99 0.311262
1 1021.40 1175.96 1053.80 1253.35 0.308336
3 1020.63 950.37 1036.98 976.86 0.305931
4 658.18 751.78 698.83 768.79 0.305802
4 771.73 986.13 892.24 1032.29 0.305014
5 763.15 1100.14 907.22 1175.60 0.302500
1 1232.05 1133.48 1263.27 1198.90 0.300562
1 1793.56 1221.63 1825.76 1278.74 0.295207
4 1163.42 865.84 1244.74 904.30 0.291919
4 1116.90 862.46 1165.84 882.51 0.282455
7 1775.33 1264.88 1857.92 1324.48 0.280970
6 833.06 800.23 872.34 849.05 0.279252
1 995.00 1077.42 1021.84 1140.09 0.278123
1 984.21 1171.41 1013.94 1241.94 0.274758
6 1234.25 949.92 1495.19 1019.75 0.274382
6 832.37 800.02 935.68 851.53 0.273681
7 905.56 1267.78 969.12 1358.84 0.272215
1 990.59 1030.67 1013.72 1080.09 0.267672
6 1187.56 917.95 1309.91 996.16 0.259893
