4 570.70 616.13 605.39 653.78 0.534330
4 496.24 311.50 520.88 330.15 0.484800
4 680.60 382.53 707.87 407.31 0.478638
4 788.33 288.78 810.67 305.46 0.455672
4 390.00 730.44 431.50 772.68 0.443703
9 945.09 624.17 1007.60 664.20 0.433299
4 287.29 184.40 304.55 198.05 0.396131
4 808.54 448.67 838.68 472.83 0.383592
4 862.66 404.60 882.24 425.90 0.381987
6 1032.59 647.37 1096.59 686.69 0.376587
4 1153.40 16.03 1168.62 25.38 0.365190
4 1064.77 47.50 1084.17 65.01 0.359759
4 1237.26 35.25 1253.52 45.24 0.355664
4 205.70 211.63 229.17 229.13 0.355416
4 835.38 424.95 863.52 452.22 0.345418
4 310.16 180.48 326.51 194.60 0.343807
4 1344.84 284.28 1369.13 301.92 0.343692
4 888.08 164.13 905.31 177.56 0.343626
5 655.28 332.47 704.43 361.33 0.333784
4 127.33 360.62 169.69 400.43 0.333677
4 352.71 119.53 370.45 130.25 0.326794
4 236.56 203.89 269.71 229.15 0.322520
6 827.94 389.65 865.32 430.83 0.320349
4 545.34 328.29 583.56 358.95 0.316099
4 280.36 265.35 298.83 281.09 0.314429
4 957.51 303.38 974.07 316.52 0.310591
4 828.65 173.80 850.01 191.94 0.305648
4 114.20 191.22 136.47 204.07 0.303427
4 1361.66 13.48 1379.59 22.89 0.302294
5 881.57 193.33 910.26 221.43 0.299158
4 1064.71 70.72 1077.17 80.62 0.292141
3 939.13 288.19 962.80 309.95 0.286858
4 858.48 602.83 886.26 620.14 0.282988
4 926.88 99.77 950.98 113.65 0.279120
4 0.10 334.50 23.02 356.96 0.270997
4 888.08 615.34 906.22 630.11 0.267057
4 186.09 305.31 219.59 325.24 0.265761
4 331.76 293.50 347.69 303.78 0.263582
4 309.28 418.07 325.23 438.66 0.260427
4 854.02 204.17 869.68 217.84 0.255141
