4 332.30 300.50 387.76 327.14 0.519357
4 828.89 109.32 851.82 137.68 0.450670
4 694.78 601.97 729.97 678.62 0.423770
4 624.14 598.39 662.87 673.40 0.415700
4 765.08 0.12 783.57 17.73 0.410758
4 631.04 515.10 666.78 576.56 0.401087
4 812.67 52.67 832.44 81.10 0.395937
4 611.31 709.10 656.85 787.53 0.388007
1 214.27 769.57 230.83 787.63 0.362366
2 570.97 362.03 582.25 385.42 0.346252
4 809.15 152.78 831.69 191.77 0.340757
4 801.28 120.59 811.84 136.81 0.333002
4 692.15 509.12 724.54 577.76 0.331644
1 265.86 735.77 283.06 764.36 0.319969
2 517.21 456.86 529.36 479.75 0.314975
2 982.19 306.67 996.87 328.79 0.305101
2 545.81 424.41 557.00 444.54 0.302019
2 534.83 463.33 546.18 482.90 0.300027
2 543.52 453.93 554.95 476.96 0.290024
2 1057.09 516.17 1068.08 533.99 0.276656
6 0.26 140.51 130.39 528.13 0.269419
2 100.23 764.41 117.29 787.52 0.263190
2 1006.35 290.37 1020.14 310.41 0.260976
2 721.38 235.45 731.96 254.59 0.254813
