4 1702.37 558.43 1863.53 623.81 0.593406
4 290.20 720.37 487.59 852.22 0.583163
3 1838.21 632.94 1878.57 671.23 0.572138
4 1490.52 591.87 1654.88 669.43 0.564596
4 0.43 453.29 100.15 490.30 0.529902
4 200.62 502.59 333.86 551.87 0.528824
4 638.62 561.12 752.46 623.77 0.525659
4 1231.19 620.16 1316.44 691.85 0.519182
4 728.11 571.24 823.51 630.82 0.518886
4 1125.57 619.40 1216.97 696.63 0.513892
5 554.65 544.61 661.60 619.20 0.505318
4 361.43 522.99 459.57 576.61 0.501716
4 58.89 402.49 165.34 436.12 0.500614
4 814.08 601.32 882.93 672.87 0.498623
4 0.00 488.75 61.62 532.81 0.495934
4 906.47 585.11 974.77 652.29 0.449775
4 1368.53 1181.76 1714.95 1383.26 0.448275
4 224.81 461.73 341.01 503.88 0.438334
4 291.34 354.47 376.69 388.93 0.433516
4 416.48 532.37 529.28 591.61 0.432341
4 1026.28 579.44 1075.26 644.71 0.397277
4 161.20 327.15 234.85 350.78 0.392689
4 89.83 384.05 182.27 412.55 0.371477
4 111.47 364.83 193.96 389.73 0.370955
4 219.35 441.24 338.20 475.60 0.369015
4 1977.45 773.28 1999.81 828.55 0.359476
6 471.72 436.91 592.33 522.00 0.359426
1 364.37 403.71 386.00 445.31 0.359034
4 252.12 261.11 295.48 282.63 0.338512
4 217.64 301.30 249.64 327.72 0.336589
4 312.59 334.59 382.31 359.22 0.334780
4 343.49 286.98 380.48 309.96 0.332393
4 141.17 346.10 212.17 366.14 0.323204
4 1975.50 504.09 1999.67 551.59 0.306749
1 1858.21 612.44 1885.41 662.15 0.302150
4 319.30 315.73 385.09 343.07 0.292409
4 0.01 528.66 13.12 561.16 0.283640
4 189.13 325.60 235.39 346.88 0.263618
5 216.17 407.25 355.37 464.68 0.256845
