2 269.56 269.09 318.50 362.72 0.600175
2 521.57 340.85 563.40 456.11 0.597264
2 196.10 166.96 223.71 230.99 0.590672
1 666.55 340.29 707.61 474.51 0.587808
2 399.56 213.39 427.45 296.91 0.567766
3 403.41 177.18 439.19 215.58 0.561265
2 146.33 217.15 175.60 298.79 0.560639
2 305.15 150.06 331.23 209.14 0.523032
2 332.06 259.95 368.90 350.13 0.512044
2 349.27 198.39 382.64 278.51 0.507610
2 513.31 234.44 553.86 319.64 0.489625
2 530.79 94.84 545.27 141.11 0.485376
2 313.28 224.79 338.88 306.87 0.478866
2 333.07 69.26 345.61 101.64 0.461259
2 110.01 171.79 129.42 201.72 0.460157
2 643.92 86.28 658.10 124.22 0.459402
2 938.03 187.16 959.65 255.39 0.458625
2 77.56 166.25 106.48 197.07 0.456223
2 891.70 146.51 921.79 202.75 0.453415
2 224.24 61.29 233.56 85.78 0.453145
2 851.36 145.82 879.95 213.11 0.449293
2 606.44 64.54 616.79 101.94 0.446496
2 173.97 62.38 184.83 92.83 0.411587
2 570.48 90.51 587.66 116.23 0.410506
2 310.21 76.99 321.90 115.59 0.391161
2 817.87 121.66 838.14 178.69 0.383457
2 378.06 40.63 386.94 66.11 0.375647
2 127.75 57.69 144.49 85.19 0.360431
2 402.21 53.68 413.55 77.70 0.353775
2 780.29 132.27 803.56 175.47 0.352078
2 134.70 127.11 146.30 144.08 0.351984
2 584.21 48.46 592.32 70.18 0.350186
2 516.33 168.48 539.78 203.21 0.349236
2 391.12 144.09 412.92 201.81 0.348339
2 524.24 17.89 546.01 49.94 0.347374
2 510.89 198.84 549.74 275.82 0.338605
2 655.21 66.47 664.12 87.88 0.338504
2 901.27 107.78 916.96 148.67 0.337206
2 498.61 147.18 519.89 204.30 0.335516
2 761.46 133.14 785.58 177.85 0.332596
2 247.60 25.88 270.96 55.99 0.316741
2 715.69 63.47 728.49 94.55 0.313693
2 808.58 107.82 823.89 142.60 0.312922
2 873.02 94.24 890.24 116.18 0.310869
2 922.33 111.67 957.16 155.59 0.303445
2 691.31 48.79 705.37 76.79 0.300896
2 924.36 86.37 940.16 121.88 0.288313
2 87.78 117.24 109.03 141.36 0.283709
2 804.31 86.55 817.82 113.10 0.282913
2 757.82 89.03 768.86 112.54 0.256066
4 655.50 45.17 688.61 62.08 0.250015
