4 708.52 470.67 780.52 506.40 0.876308
2 409.18 114.99 633.74 195.95 0.841120
4 168.92 112.42 184.56 126.27 0.738841
4 540.01 371.18 603.95 405.86 0.708865
5 513.31 333.94 582.22 369.51 0.698948
4 513.36 333.91 582.22 369.57 0.692106
4 422.80 432.37 494.02 477.29 0.687855
3 48.57 398.76 61.29 417.15 0.680082
4 561.36 389.77 625.18 428.44 0.679424
4 595.49 399.89 658.59 450.67 0.664823
4 638.46 423.41 699.84 471.58 0.658821
4 86.10 125.26 102.98 142.39 0.648266
3 232.89 237.90 243.19 252.12 0.643631
5 314.92 187.19 360.71 225.70 0.639564
4 392.97 391.75 459.69 429.70 0.633115
4 345.06 163.56 381.79 180.79 0.627941
3 56.16 344.71 67.68 365.10 0.623563
4 310.60 150.92 347.25 166.24 0.621422
4 501.65 316.92 563.81 348.98 0.618364
4 33.32 278.49 63.70 311.35 0.612589
4 48.10 242.97 75.41 272.49 0.608392
3 192.81 241.63 202.22 253.38 0.606656
4 397.06 408.20 469.89 458.65 0.598867
4 370.43 347.03 430.94 378.95 0.597685
2 768.80 28.28 959.21 118.25 0.597041
4 0.08 298.45 25.57 330.03 0.595975
3 177.23 236.72 186.20 249.40 0.590015
4 377.17 363.12 442.62 402.97 0.587662
4 249.41 302.42 265.98 328.61 0.585729
4 398.22 190.66 432.58 207.64 0.584112
4 360.42 143.80 393.56 161.18 0.573239
4 357.71 312.06 416.03 343.43 0.569076
4 383.91 165.15 409.57 187.65 0.564181
4 103.28 82.21 115.44 95.73 0.554077
4 307.57 178.23 347.30 197.45 0.554039
1 898.57 224.07 906.76 241.03 0.553359
4 217.42 345.19 236.95 377.44 0.537873
4 359.37 297.52 414.32 318.32 0.533740
4 343.81 268.78 397.92 291.90 0.528952
6 734.92 79.31 757.00 94.78 0.528733
4 708.55 91.01 725.42 104.44 0.526622
4 258.58 376.09 287.22 418.63 0.526110
4 322.26 213.86 369.43 237.76 0.520575
4 442.35 229.75 489.06 250.76 0.515663
4 735.02 79.19 757.80 94.78 0.511999
1 880.69 256.05 891.34 272.86 0.506562
4 0.09 110.20 17.14 127.65 0.497667
4 490.07 285.55 537.74 311.95 0.489239
4 231.23 117.96 252.14 130.66 0.487122
4 498.84 299.23 545.72 327.57 0.485830
1 53.13 311.45 64.26 336.55 0.481099
4 88.81 79.14 98.55 92.44 0.479150
4 458.33 251.27 504.63 276.04 0.473219
9 471.99 121.96 498.27 142.87 0.469175
4 334.52 230.83 382.58 258.35 0.468010
6 315.11 188.58 360.82 225.94 0.466156
4 83.55 99.21 96.45 115.62 0.462582
4 463.74 262.32 511.87 291.39 0.459761
4 109.91 29.44 120.65 39.37 0.436204
4 70.98 210.27 92.04 231.36 0.428104
1 115.90 200.34 126.16 219.06 0.422746
4 53.52 34.31 64.34 44.01 0.412685
4 689.68 97.24 705.86 108.10 0.398667
4 25.12 63.62 38.04 72.69 0.396324
4 196.41 54.85 205.78 69.88 0.395723
4 135.41 113.26 143.54 127.63 0.390969
4 99.19 17.55 108.79 26.40 0.386296
6 289.55 45.88 333.61 88.63 0.381715
5 303.16 128.94 325.79 149.43 0.379601
9 117.47 0.91 167.31 15.83 0.376017
4 315.12 186.97 354.68 200.87 0.372761
4 87.72 106.47 97.01 115.86 0.356032
4 446.09 241.13 493.52 263.65 0.352175
3 117.08 206.41 126.60 218.56 0.336497
5 490.30 285.62 538.02 311.84 0.325702
1 233.86 399.18 246.05 415.89 0.306087
5 346.58 283.66 392.01 312.87 0.290517
4 725.01 76.81 738.16 88.85 0.285653
3 844.27 485.48 858.52 512.35 0.277888
4 20.28 224.09 40.53 244.64 0.277153
4 192.90 72.51 200.18 83.25 0.275742
1 46.70 389.51 58.06 409.80 0.270932
1 931.08 165.66 938.02 178.93 0.253424
3 339.70 306.79 350.52 327.24 0.243336
4 64.05 243.14 75.58 270.88 0.212344
9 118.19 2.26 139.53 14.19 0.209131
9 289.87 45.86 333.56 88.97 0.140120
