4 160.02 472.77 254.77 531.64 0.831227
4 824.56 148.46 856.83 185.48 0.787587
4 458.26 36.87 483.68 70.11 0.768649
4 649.36 53.41 672.54 86.43 0.748232
4 1101.37 228.21 1148.48 269.52 0.725242
4 812.39 229.14 852.16 284.69 0.704471
1 945.36 457.52 964.13 489.93 0.696645
4 613.82 38.83 636.68 72.05 0.689780
1 130.83 878.94 180.36 899.23 0.682162
4 734.91 522.12 783.24 606.64 0.676342
4 101.51 978.67 154.93 1014.64 0.675965
3 949.32 471.61 962.45 491.48 0.674488
4 550.38 34.23 577.96 71.45 0.668955
2 61.59 499.33 83.09 523.48 0.647760
1 62.35 499.30 83.69 523.01 0.629593
1 505.62 166.23 519.78 193.35 0.617001
4 521.70 44.91 535.48 65.99 0.595298
4 1098.49 186.05 1117.01 222.96 0.595206
3 56.61 505.83 96.60 527.17 0.591535
1 353.95 740.14 372.03 767.80 0.591267
4 1200.08 375.14 1252.14 411.65 0.590367
2 339.60 727.75 371.97 770.27 0.589288
5 792.37 517.15 842.88 608.10 0.580659
6 679.25 145.25 714.27 198.15 0.580024
5 678.60 146.47 713.68 198.53 0.579909
1 339.91 728.31 355.45 757.47 0.545345
1 498.91 132.15 512.61 157.71 0.514886
1 948.01 458.47 963.08 479.90 0.490304
4 688.75 541.47 726.26 622.65 0.470379
2 340.09 728.34 355.87 756.38 0.468854
4 791.84 516.80 842.91 608.45 0.463353
3 57.04 509.95 76.00 526.98 0.458041
2 506.20 167.93 520.07 192.59 0.457640
3 335.69 744.97 355.43 774.36 0.439261
6 688.91 542.05 725.78 623.01 0.420866
2 347.45 758.39 356.62 775.66 0.384420
1 605.14 335.09 616.94 345.33 0.381760
7 12.75 641.34 58.08 670.78 0.368770
2 347.55 728.28 357.32 750.88 0.366734
2 0.08 641.18 13.47 666.60 0.366319
4 564.62 594.68 589.13 608.74 0.358482
4 1199.56 344.48 1215.13 366.79 0.289498
4 732.96 0.08 744.14 9.83 0.249868
7 411.15 180.30 427.84 206.90 0.183535
