3 1022.38 227.12 1063.39 255.76 0.913823
4 919.26 730.09 1045.81 895.50 0.907701
1 1089.54 481.12 1129.28 549.64 0.899367
4 919.44 729.66 1055.82 981.30 0.892021
4 1245.13 151.37 1394.06 208.71 0.887443
1 1071.22 448.17 1108.18 507.89 0.872341
4 1265.52 193.46 1399.44 255.19 0.861654
9 128.23 198.19 354.57 396.26 0.859584
5 1128.75 497.68 1281.66 705.27 0.858204
4 873.40 247.81 953.14 371.22 0.841762
4 1176.97 701.50 1399.25 992.23 0.838922
4 927.21 495.42 1042.99 705.08 0.834070
4 1295.93 230.84 1399.69 309.55 0.829934
4 1212.66 239.53 1317.31 358.65 0.816533
5 1177.51 701.22 1399.63 992.13 0.799614
1 442.04 537.24 481.08 618.71 0.799050
4 1127.62 252.73 1220.76 351.82 0.797234
1 987.02 144.67 1010.84 193.52 0.795333
4 1289.05 8.67 1384.78 112.91 0.789708
4 705.75 713.44 887.46 1019.40 0.781379
9 0.56 195.09 196.50 453.75 0.771592
4 1087.01 172.53 1170.79 260.73 0.766315
4 776.16 240.72 845.58 353.23 0.757113
3 1133.83 103.43 1177.89 133.40 0.754726
4 777.07 213.17 833.69 247.82 0.728343
4 1042.87 240.81 1131.88 359.41 0.723933
4 951.55 207.40 1043.12 355.71 0.714203
4 142.13 3.29 230.22 59.09 0.713417
4 859.04 158.56 926.31 248.33 0.699292
4 1327.26 496.70 1399.80 647.63 0.667143
7 563.57 523.69 604.06 599.80 0.661561
4 1318.80 705.70 1399.77 910.74 0.659412
1 1268.32 126.48 1290.26 160.37 0.638835
3 1144.93 103.37 1176.98 132.14 0.614394
4 1228.31 17.14 1295.74 107.39 0.593395
4 859.11 159.12 895.83 248.86 0.549177
4 361.45 8.23 421.97 45.05 0.462634
4 872.60 249.46 895.90 367.62 0.452040
4 383.29 209.98 401.55 259.36 0.451827
5 1225.78 18.13 1295.45 108.62 0.438721
3 829.34 84.47 869.65 113.99 0.430066
4 142.20 6.72 188.25 46.57 0.377618
4 363.56 8.62 432.74 62.20 0.352003
4 1214.39 0.00 1261.56 40.16 0.347314
2 1126.87 258.03 1162.86 342.38 0.294161
7 829.25 86.39 870.07 114.02 0.242951
3 712.14 128.63 731.68 178.97 0.221960
10 566.64 523.08 603.77 557.03 0.189987
7 799.22 101.35 832.76 127.81 0.165956
