2 354.05 832.04 389.76 879.61 0.881697
2 968.29 172.29 989.12 217.84 0.804104
2 904.42 169.72 924.90 213.60 0.783702
2 772.70 93.73 791.38 131.60 0.731150
2 736.00 91.17 752.00 134.11 0.698333
2 541.42 230.55 571.03 284.85 0.654892
2 794.54 102.05 808.16 144.89 0.650936
2 161.84 408.97 190.71 462.88 0.650051
2 626.63 91.35 646.86 136.02 0.631682
2 1336.38 45.29 1359.35 79.13 0.617522
2 645.39 109.00 660.99 137.13 0.615355
2 0.18 928.13 60.69 972.51 0.605115
2 130.39 395.85 165.57 445.53 0.590859
2 1311.41 108.20 1350.53 160.34 0.562661
2 398.66 189.83 420.62 233.38 0.545814
2 399.34 85.58 417.42 122.08 0.519875
2 518.41 989.44 545.75 1026.91 0.503084
2 51.46 358.04 88.22 418.77 0.502839
2 50.04 356.22 195.87 467.47 0.499704
2 1298.56 14.86 1324.25 53.66 0.491498
2 376.07 188.10 395.27 222.39 0.486378
2 923.90 40.57 946.03 73.61 0.473331
2 80.66 367.16 120.64 429.32 0.466171
2 331.92 17.09 347.93 59.14 0.452483
2 416.78 226.20 445.65 280.78 0.424230
2 517.63 989.40 562.35 1027.79 0.380700
2 1326.88 0.00 1349.47 21.75 0.364862
2 370.12 236.30 398.25 278.42 0.361117
3 1292.56 124.44 1345.72 181.71 0.340610
2 382.07 264.77 442.99 333.70 0.320647
2 1292.75 154.08 1337.73 182.56 0.311681
2 371.59 295.64 399.57 350.57 0.306010
2 1330.74 0.00 1352.59 20.05 0.278564
2 392.25 301.57 421.99 357.18 0.254284
2 1316.95 45.69 1360.25 93.77 0.237356
2 367.43 187.05 453.43 361.79 0.136237
