2 818.71 482.53 831.38 510.18 0.829497
2 714.01 243.99 725.75 272.99 0.798586
2 756.59 772.25 773.20 787.65 0.780243
2 825.03 672.34 840.36 703.48 0.774125
2 741.22 771.49 757.71 787.81 0.754423
2 583.41 502.49 600.94 537.25 0.752705
4 139.95 24.95 207.57 95.77 0.744601
2 506.32 596.21 518.59 622.39 0.734476
2 675.57 33.19 694.48 56.05 0.734295
4 71.81 242.17 185.51 336.10 0.652472
4 0.07 162.56 50.28 251.56 0.647993
2 685.21 202.33 699.82 225.36 0.636687
2 592.85 0.00 602.14 12.71 0.620578
2 670.12 2.08 681.22 23.21 0.594089
2 680.41 152.56 692.69 173.01 0.593772
2 583.86 169.56 620.13 198.42 0.571722
2 395.65 98.62 407.17 123.40 0.555345
2 844.71 628.14 853.64 646.26 0.555261
2 433.27 167.54 445.27 189.39 0.539201
2 615.91 22.43 635.21 41.80 0.537812
2 604.05 169.59 616.59 183.74 0.510945
2 678.02 116.47 696.56 147.51 0.498569
6 71.29 107.60 233.09 336.51 0.492345
2 637.56 23.69 650.92 43.34 0.486679
2 619.07 22.71 633.09 40.08 0.483635
2 851.50 670.45 860.70 694.52 0.452242
2 856.49 653.58 868.10 672.21 0.432786
2 286.33 688.15 299.71 710.70 0.425608
2 304.95 328.91 316.58 355.21 0.414403
2 274.44 317.17 318.67 355.64 0.404922
6 125.15 108.24 232.54 286.23 0.402463
2 349.86 265.37 362.02 291.56 0.386854
4 352.23 252.14 391.40 290.59 0.365723
6 352.63 251.21 391.78 291.39 0.345747
2 111.40 280.76 127.51 297.85 0.342032
2 616.47 22.33 651.54 43.74 0.326256
2 416.68 48.28 428.30 74.56 0.314307
2 779.35 181.72 788.88 197.46 0.301410
2 592.43 179.25 605.66 198.22 0.285424
2 776.26 181.64 783.51 198.77 0.246891
2 292.24 327.81 307.46 354.34 0.233149
2 772.65 162.04 779.82 179.06 0.227195
2 374.81 24.72 389.92 52.80 0.180690
