4 799.23 577.39 1033.26 764.08 0.950280
4 799.49 577.18 895.75 716.06 0.936348
3 3.63 328.37 90.74 369.56 0.893575
4 640.82 170.07 703.00 243.31 0.873531
4 822.54 228.69 894.81 300.15 0.863560
1 1319.00 443.14 1353.96 479.91 0.862725
4 831.20 312.60 936.81 413.89 0.861200
4 587.76 383.63 679.81 523.14 0.851245
4 738.19 78.53 783.30 122.18 0.847408
3 554.61 256.27 576.78 293.12 0.847122
4 777.83 153.32 838.26 211.30 0.832701
3 531.90 322.37 557.25 368.75 0.823800
1 1333.77 295.79 1359.68 355.03 0.820707
4 595.81 267.40 669.99 367.69 0.787960
2 554.44 232.53 578.76 278.03 0.770182
3 602.89 72.13 615.12 98.41 0.760784
1 929.09 236.40 947.46 288.92 0.748695
4 737.36 11.98 779.08 52.01 0.744506
3 458.42 282.68 488.08 326.77 0.722619
1 38.21 382.75 81.98 449.73 0.713236
4 332.58 219.19 428.32 275.00 0.697383
4 672.77 0.00 701.26 7.22 0.686613
5 512.16 97.00 570.74 179.07 0.675089
2 1107.68 400.40 1135.18 460.16 0.669020
4 729.03 0.00 759.45 10.41 0.657512
4 604.71 0.01 628.50 26.27 0.652776
1 453.67 328.23 473.50 398.49 0.637686
4 824.27 0.00 865.91 17.05 0.634609
4 856.45 155.63 883.10 209.71 0.625698
4 866.83 12.60 902.07 42.77 0.616580
1 1107.89 400.65 1135.46 460.38 0.615236
2 951.26 181.53 968.05 218.79 0.605777
4 311.74 209.38 402.25 252.95 0.590223
1 398.89 277.72 425.25 356.19 0.571202
2 399.16 278.29 424.16 355.79 0.564769
1 950.98 180.26 968.93 219.83 0.564014
2 602.54 58.18 616.54 88.37 0.545173
2 1119.20 426.77 1155.71 493.90 0.536993
3 1004.07 210.16 1025.92 244.03 0.531750
4 1128.07 0.00 1172.75 23.46 0.508744
4 278.93 209.06 428.12 292.57 0.500773
3 789.64 12.21 800.81 29.08 0.488330
3 974.44 209.50 999.14 240.38 0.472228
3 974.43 210.32 1024.87 243.32 0.465354
4 915.14 155.05 948.90 212.88 0.450865
3 930.38 184.97 951.07 225.47 0.443650
4 942.87 171.56 976.02 199.47 0.433941
3 929.35 206.40 942.53 225.51 0.432632
2 936.90 131.04 950.43 156.50 0.421218
4 0.08 713.97 34.27 764.59 0.419931
2 991.80 131.75 1007.72 171.31 0.404530
9 1004.93 93.84 1121.99 213.55 0.401463
4 278.89 240.77 338.45 291.87 0.387082
2 978.66 136.09 989.86 171.67 0.362705
9 973.28 171.14 1018.95 200.20 0.361228
7 566.05 39.70 589.67 70.40 0.359047
3 1058.65 332.96 1082.60 376.99 0.348255
4 546.56 13.53 566.10 35.37 0.343903
4 989.97 0.83 1012.33 29.94 0.337396
1 69.99 233.47 92.58 272.70 0.330944
4 990.24 0.23 1011.68 19.54 0.328592
2 1033.20 58.58 1050.99 95.49 0.315347
1 1032.79 58.88 1051.47 96.09 0.308768
2 69.92 232.70 92.82 272.18 0.301627
2 1129.25 429.30 1155.92 494.06 0.270252
2 932.47 68.82 943.62 91.78 0.237488
2 967.03 121.55 979.42 145.57 0.237106
2 973.54 48.51 985.00 70.39 0.213826
3 566.62 50.11 578.47 72.05 0.207305
2 961.42 131.91 974.78 163.70 0.188998
2 542.65 296.17 558.76 353.99 0.185765
3 1004.72 213.76 1035.30 263.92 0.183857
2 464.05 330.88 473.92 385.10 0.174038
9 1057.40 156.96 1089.30 214.81 0.155331
