4 87.80 714.41 180.38 750.85 0.769880
5 1081.91 649.76 1170.50 726.72 0.761052
4 1203.29 726.80 1275.45 786.60 0.758208
4 81.01 751.50 167.02 787.16 0.755322
4 1156.81 652.19 1237.87 718.87 0.754761
4 190.96 556.42 264.03 586.81 0.752202
4 128.77 646.64 207.55 680.41 0.752126
4 687.96 354.72 747.55 404.07 0.747608
4 110.59 680.51 192.61 716.58 0.744533
4 641.09 428.44 707.08 479.87 0.738699
4 688.88 402.06 747.93 450.93 0.736633
4 185.85 583.96 259.50 617.13 0.736443
4 757.23 395.29 823.41 454.41 0.736188
4 925.01 498.08 996.39 561.51 0.731902
4 586.41 373.46 645.01 424.19 0.725294
4 184.95 613.04 255.95 651.31 0.715640
4 975.52 640.93 1055.65 710.17 0.704732
5 1007.24 546.92 1086.44 616.48 0.704618
4 1081.84 649.67 1170.18 727.21 0.700801
4 623.75 354.85 671.81 399.47 0.699274
6 751.08 438.12 847.45 514.73 0.697299
4 893.93 581.56 970.24 647.09 0.685749
4 445.44 216.36 480.26 259.95 0.682062
4 813.65 533.52 886.44 594.90 0.664010
4 729.34 470.20 799.36 533.89 0.658022
5 751.19 437.42 847.07 514.53 0.657117
4 964.60 573.75 1048.32 644.45 0.654595
4 558.68 298.92 615.17 354.56 0.643383
4 750.58 536.00 830.60 606.96 0.641945
4 1301.99 744.58 1372.48 787.60 0.638425
4 814.05 533.44 877.43 580.84 0.632815
4 1007.50 546.75 1086.35 616.78 0.629397
1 606.77 68.32 615.54 86.24 0.599131
5 853.47 500.28 925.44 565.38 0.597258
5 470.26 251.74 591.39 379.45 0.587476
6 1194.22 473.28 1399.34 633.35 0.584560
4 172.11 735.86 223.16 787.16 0.576903
4 425.93 101.67 455.72 150.72 0.569771
4 431.82 162.74 461.30 208.04 0.554678
6 1066.90 694.83 1170.26 780.98 0.549168
6 680.67 171.04 927.83 394.23 0.541379
4 0.11 136.98 29.52 174.75 0.535420
4 1.12 135.24 28.96 161.30 0.529808
4 853.80 561.30 886.66 594.24 0.517779
6 637.58 0.02 895.74 378.76 0.509629
4 510.81 507.14 543.94 573.59 0.500448
4 194.77 667.25 240.47 730.96 0.494491
6 682.63 172.54 772.68 311.12 0.462034
6 806.55 252.18 927.01 381.99 0.431359
4 465.64 503.34 503.40 575.59 0.430690
1 830.17 400.31 840.86 414.40 0.421141
4 588.67 134.49 620.51 159.09 0.400462
1 584.20 71.82 593.12 90.74 0.376747
1 599.98 767.77 615.86 786.63 0.365761
4 0.12 140.50 18.10 172.97 0.364899
4 550.77 512.39 576.31 560.58 0.326510
4 417.57 34.85 438.64 66.01 0.304458
4 1241.41 577.74 1286.30 612.42 0.283337
3 822.61 397.40 846.27 428.18 0.209612
