1 1647.71 1401.06 1694.81 1476.82 0.927509
2 1286.37 1459.73 1333.95 1499.20 0.899264
4 1294.26 1047.69 1446.04 1229.50 0.894821
1 1082.49 1142.80 1121.23 1216.60 0.855698
4 952.06 456.15 985.09 492.12 0.841426
5 1138.90 687.62 1207.62 774.81 0.828746
6 776.37 1301.02 895.78 1423.11 0.823046
4 844.56 484.76 916.81 526.32 0.815475
2 1577.93 1365.50 1619.32 1418.76 0.805634
4 843.55 484.36 894.63 526.06 0.802465
4 818.84 567.54 895.53 619.38 0.782828
3 1166.78 887.14 1187.17 924.92 0.780085
1 1070.72 637.06 1091.04 678.51 0.779617
2 1594.10 1335.06 1631.15 1408.82 0.752121
4 934.25 417.71 967.53 454.71 0.738365
6 1192.69 743.97 1281.37 833.47 0.733367
4 1294.50 1048.68 1404.08 1115.00 0.732931
5 826.00 566.18 910.73 619.22 0.714544
1 1572.89 1365.49 1619.10 1437.48 0.709607
1 934.49 1091.17 958.04 1149.77 0.705841
4 894.66 410.86 920.48 444.21 0.701445
4 907.31 293.73 925.85 312.31 0.700591
2 486.34 1381.98 504.10 1419.18 0.688467
4 896.32 447.76 918.96 469.73 0.672424
4 978.49 421.92 1011.31 451.28 0.671335
1 1020.93 874.59 1044.59 895.64 0.670438
6 776.12 1036.21 925.29 1426.20 0.669666
4 744.60 285.74 767.21 301.03 0.667848
7 777.03 1297.78 924.46 1425.29 0.648488
1 1593.52 1336.31 1638.51 1398.15 0.644856
7 1221.08 856.64 1274.33 895.51 0.640481
2 1573.31 1334.13 1696.12 1479.24 0.636524
2 937.56 1142.54 954.19 1182.96 0.629401
7 1284.93 980.06 1349.45 1040.37 0.615821
4 885.51 236.67 901.63 253.31 0.610067
2 1167.48 872.19 1187.60 895.14 0.608899
2 471.80 1380.26 488.95 1416.86 0.600796
3 1042.56 1392.63 1099.16 1463.71 0.587348
3 1099.60 604.01 1121.83 623.95 0.571444
4 827.09 450.40 857.83 491.08 0.569917
1 1011.84 708.06 1027.52 753.39 0.568228
4 976.83 384.76 1003.37 410.92 0.565071
3 1187.33 867.55 1211.83 898.29 0.549773
6 1057.61 535.26 1115.22 610.50 0.549387
4 954.99 322.87 979.49 344.15 0.543808
4 824.18 318.55 844.23 341.41 0.525436
2 469.95 1379.55 505.17 1422.60 0.514425
4 1070.48 603.94 1121.11 611.77 0.512585
4 822.60 399.44 841.05 420.34 0.510511
2 1180.60 825.67 1210.46 893.91 0.506052
3 1184.85 859.63 1210.35 897.81 0.504870
6 946.40 728.03 1012.84 823.82 0.503924
3 1099.77 588.99 1125.08 624.13 0.488686
4 833.74 339.90 869.79 368.30 0.484467
4 1019.51 435.02 1046.00 453.96 0.483722
7 1173.61 816.69 1275.67 895.54 0.476390
4 766.78 275.35 800.67 291.44 0.472404
3 1011.30 985.60 1057.64 1035.96 0.463454
2 1104.16 587.72 1126.10 623.01 0.462601
4 1012.91 411.39 1031.73 429.40 0.460549
1 1003.78 636.25 1017.77 676.02 0.458895
4 915.22 237.14 928.40 251.51 0.458469
4 507.72 260.42 540.45 279.78 0.456896
4 891.73 198.98 904.15 210.42 0.453017
4 1071.85 498.93 1093.60 520.26 0.450186
4 1604.12 879.35 1640.39 895.62 0.439363
2 1103.98 1144.52 1120.56 1188.10 0.437563
4 914.35 233.21 929.32 249.48 0.435880
4 505.77 263.61 525.28 276.83 0.426511
4 955.75 333.72 974.63 344.97 0.425254
3 1278.65 1440.90 1302.00 1497.19 0.423831
4 523.52 264.12 541.85 277.72 0.418591
4 833.55 292.22 852.55 309.43 0.415093
1 840.89 424.50 852.04 449.56 0.404224
4 1103.97 585.98 1116.50 607.64 0.396735
7 945.46 726.73 1011.84 819.76 0.384587
1 981.40 646.06 995.67 688.97 0.373034
7 776.23 1037.34 923.92 1424.35 0.370997
6 1069.05 534.10 1101.92 581.74 0.361527
2 1002.27 634.14 1019.75 677.18 0.354881
4 1015.30 411.97 1031.31 424.83 0.354828
2 1165.70 872.62 1186.48 924.26 0.353956
3 1010.28 466.01 1029.33 483.14 0.351769
4 1020.07 440.38 1054.68 477.22 0.350903
4 547.39 239.22 563.48 252.67 0.349714
5 812.49 287.59 845.08 309.09 0.341179
6 1138.45 686.81 1282.41 835.43 0.339324
6 794.35 280.73 825.42 308.26 0.337890
2 963.66 634.09 980.56 677.90 0.330384
2 1010.36 707.06 1027.41 749.61 0.325482
4 939.56 659.20 952.17 673.73 0.324425
2 825.71 399.53 837.49 419.79 0.322283
2 1027.45 898.43 1050.20 949.47 0.318181
3 955.97 604.85 976.03 631.61 0.317462
5 794.91 280.81 823.49 304.16 0.316424
4 651.54 187.15 663.65 196.74 0.315862
9 586.07 250.27 745.51 302.86 0.312385
2 1604.95 793.10 1640.37 823.91 0.303916
6 1018.41 435.50 1054.25 480.98 0.299346
4 906.57 224.35 921.71 238.85 0.299077
2 1594.53 1340.71 1611.86 1377.06 0.293794
7 834.48 337.59 869.28 369.14 0.293409
2 968.83 349.54 976.10 372.12 0.292416
7 1381.99 994.15 1438.58 1059.39 0.289434
2 1239.87 890.38 1256.46 935.24 0.286861
2 966.91 634.71 1017.98 683.83 0.281856
4 874.83 480.81 894.77 493.95 0.281846
7 943.20 645.96 971.08 681.99 0.279172
4 881.64 174.90 890.71 184.64 0.278198
4 875.42 205.39 886.44 216.82 0.274979
4 1038.72 493.09 1070.65 526.84 0.271886
3 1380.87 627.41 1407.40 664.74 0.270019
3 991.71 656.01 1007.22 678.92 0.264434
4 1063.99 494.51 1092.32 517.44 0.261579
4 716.16 288.20 737.89 302.16 0.260294
2 967.74 634.00 980.18 670.56 0.254932
2 1183.40 824.45 1200.75 851.59 0.254919
4 1077.79 499.57 1096.11 519.25 0.250096
2 1274.42 854.02 1295.66 895.28 0.240061
2 993.79 736.03 1009.93 761.39 0.236817
3 1006.19 767.52 1022.35 805.28 0.220702
2 1028.36 483.11 1039.85 512.16 0.215229
10 0.00 568.80 16.15 590.67 0.214554
9 834.52 296.65 854.87 334.61 0.201173
