6 1141.26 786.59 1272.24 837.87 0.964219
4 711.64 815.26 777.06 838.88 0.959949
5 1317.61 1250.18 1527.90 1326.93 0.956742
5 1615.98 1189.00 1802.38 1293.28 0.955496
4 1865.64 1361.51 1999.45 1499.00 0.946450
5 1233.06 1208.35 1408.50 1318.97 0.942883
4 517.92 815.90 580.78 838.71 0.942381
4 1069.60 1004.08 1164.05 1065.14 0.939477
4 934.29 885.62 1007.75 921.21 0.934251
4 1791.76 1279.17 1999.70 1409.57 0.929251
5 1868.30 1210.95 1999.48 1303.91 0.928655
4 975.82 839.41 1049.58 871.39 0.922518
5 759.81 1093.14 895.79 1176.33 0.922338
4 826.30 865.54 910.16 898.55 0.920828
4 1104.04 1003.13 1164.09 1068.57 0.918417
1 1788.29 1223.60 1825.50 1280.77 0.914716
4 1177.69 846.51 1258.23 872.77 0.910162
4 748.42 867.70 825.20 906.03 0.902685
4 1076.15 862.64 1167.63 905.67 0.899674
4 747.95 867.81 830.45 895.72 0.893283
4 1075.27 873.20 1161.42 906.19 0.891274
1 1948.17 1337.77 1977.53 1368.05 0.881707
4 699.20 879.58 718.26 901.57 0.876880
6 831.85 801.52 1077.79 852.26 0.876205
4 341.85 746.27 378.10 759.79 0.873851
3 646.53 1126.69 669.11 1186.39 0.863829
5 1128.80 1202.65 1214.36 1339.59 0.855873
4 1112.03 862.87 1168.56 889.70 0.854153
4 798.19 957.83 916.43 1007.27 0.849340
4 1246.79 870.42 1315.15 903.99 0.841208
1 1234.04 1137.87 1264.73 1199.62 0.838552
1 1401.87 1142.36 1430.49 1196.13 0.834457
5 1077.67 1054.83 1148.07 1142.16 0.828581
5 1164.11 864.77 1244.06 895.75 0.824799
6 1234.25 949.92 1495.19 1019.75 0.821515
3 1019.99 950.50 1036.82 976.99 0.810710
4 771.73 986.13 892.24 1032.29 0.808588
6 1187.41 917.23 1313.08 997.24 0.803958
1 1345.48 1159.77 1372.25 1210.60 0.802888
4 1305.53 868.48 1347.55 888.64 0.800935
4 1048.03 882.16 1087.63 918.45 0.800278
4 1045.46 915.68 1098.60 966.05 0.796679
4 932.75 885.85 988.30 895.98 0.781321
7 1606.15 1281.43 1686.79 1372.24 0.780521
1 1069.30 1192.23 1099.55 1267.36 0.778666
4 1104.12 1055.17 1149.13 1142.53 0.776025
4 814.74 818.72 838.24 838.38 0.774567
4 819.95 952.31 933.96 991.16 0.758394
7 1775.66 1268.39 1862.34 1322.96 0.737799
4 1626.56 733.50 1662.84 749.00 0.721292
4 663.45 752.59 699.37 765.91 0.717490
1 980.24 1237.38 1014.09 1320.14 0.716426
5 1301.21 1317.98 1611.73 1499.38 0.715907
4 658.18 751.78 698.83 768.79 0.715688
6 783.70 1007.44 942.77 1121.29 0.704450
1 782.93 1155.42 813.91 1175.77 0.704377
4 1163.42 865.84 1244.74 904.30 0.703594
1 1278.00 1077.62 1304.29 1109.93 0.697148
6 832.37 800.02 935.68 851.53 0.688369
1 1021.92 1176.74 1053.55 1254.86 0.662376
1 993.06 1031.62 1014.75 1075.57 0.655649
6 833.40 799.99 895.55 850.93 0.652024
4 1116.90 862.46 1165.84 882.51 0.644162
10 911.89 1319.65 946.04 1358.82 0.643234
4 1071.83 942.00 1122.42 1002.90 0.642473
7 905.56 1267.78 969.12 1358.84 0.623507
4 1048.11 882.39 1082.22 895.75 0.615351
2 983.33 1176.22 1014.91 1239.71 0.607385
1 936.91 1119.06 957.68 1179.49 0.594154
3 840.16 1173.72 854.33 1188.17 0.591813
3 1260.96 1150.07 1284.88 1208.99 0.584805
3 451.55 822.45 510.36 847.36 0.560492
1 1393.80 1070.10 1414.88 1106.95 0.558554
1 1390.65 913.70 1405.96 950.92 0.556882
6 1234.46 952.66 1337.60 1018.70 0.554892
4 828.36 888.60 939.78 940.33 0.548712
1 994.62 1077.94 1022.37 1141.74 0.537663
9 846.24 888.11 939.69 932.33 0.520311
1 984.21 1171.41 1013.94 1241.94 0.515097
2 1265.29 1102.70 1294.23 1130.47 0.505396
6 833.06 800.23 872.34 849.05 0.505297
4 321.86 635.45 344.15 642.46 0.503080
1 1005.22 1129.46 1027.32 1192.47 0.479853
4 1623.99 734.74 1665.73 754.75 0.466798
4 316.96 748.52 344.67 765.84 0.441319
4 1104.07 956.22 1119.45 1003.18 0.434837
1 983.99 1069.99 1002.13 1129.90 0.431052
7 1497.13 1102.68 1533.45 1134.81 0.425420
2 907.55 1282.90 931.90 1321.14 0.403949
1 1038.40 1070.01 1051.79 1101.14 0.403050
2 1267.65 1097.94 1296.62 1158.01 0.400270
3 1093.28 1213.36 1113.50 1257.44 0.395103
2 977.50 1029.13 1108.46 1318.60 0.393855
3 1330.49 1172.35 1350.89 1202.58 0.392010
1 929.73 1116.00 957.36 1180.93 0.371754
1 895.63 1190.28 918.90 1262.03 0.370249
4 822.53 934.64 850.13 955.76 0.354869
2 996.56 1161.26 1020.49 1233.13 0.344730
2 1262.27 1149.50 1287.85 1202.84 0.326646
3 699.32 910.01 712.22 949.18 0.320172
2 980.76 1061.73 1000.29 1130.19 0.299235
2 1145.37 801.39 1164.90 820.82 0.293573
