4 642.17 596.05 665.68 648.27 0.744259
4 1326.28 298.08 1355.20 348.10 0.687281
4 796.62 66.83 841.50 100.99 0.626488
4 1253.34 735.11 1308.50 758.92 0.617399
4 454.49 269.04 502.04 311.36 0.614984
4 428.94 749.30 479.91 764.60 0.606528
4 551.92 337.79 575.54 377.41 0.595322
4 464.03 389.58 482.50 440.35 0.587642
4 667.57 0.30 686.87 22.81 0.572559
4 483.90 676.34 531.32 724.85 0.571254
4 530.22 624.78 555.59 684.03 0.569193
1 561.94 509.92 572.27 530.30 0.563062
4 472.07 7.44 510.64 47.32 0.559401
4 15.61 693.64 39.64 705.29 0.558451
4 794.15 203.89 829.63 253.81 0.556300
4 1250.81 295.62 1276.73 342.30 0.546395
4 461.36 315.44 491.20 357.32 0.539555
4 794.91 31.17 834.67 64.87 0.535103
4 1189.61 290.50 1217.26 340.31 0.527967
4 1282.69 418.20 1332.78 453.13 0.526400
4 452.74 546.37 487.91 602.65 0.513796
4 1058.12 162.44 1082.95 192.30 0.509960
4 836.42 332.62 862.05 381.85 0.505885
4 830.06 725.57 852.72 764.40 0.503556
4 1222.31 294.66 1249.55 342.27 0.501235
5 483.60 676.29 530.52 725.21 0.496500
4 1095.44 603.13 1139.98 632.89 0.480747
4 1055.68 209.95 1090.03 263.09 0.461738
4 793.32 262.01 833.60 303.74 0.436625
1 757.76 419.52 768.78 440.57 0.429332
4 1210.66 420.90 1261.14 455.40 0.423464
2 758.23 419.27 768.19 440.56 0.391080
4 314.43 594.17 329.38 626.06 0.357357
4 475.84 105.88 497.38 152.39 0.349197
4 464.04 544.95 487.93 602.45 0.340935
4 995.26 0.08 1021.94 24.89 0.323578
4 786.81 335.38 810.95 386.08 0.305902
5 1212.33 421.96 1261.51 455.45 0.294916
4 1171.60 0.06 1194.24 18.73 0.285961
3 1174.39 430.44 1192.95 460.79 0.274107
2 589.59 197.60 598.60 214.82 0.270439
5 475.79 105.93 497.62 152.11 0.264453
2 577.73 137.77 586.17 156.03 0.245482
4 1226.84 0.00 1249.81 16.33 0.240241
10 431.50 613.14 455.61 665.01 0.236524
4 1201.98 0.00 1224.84 15.42 0.229793
5 793.45 261.69 833.76 303.91 0.222019
6 6.51 40.31 34.34 85.30 0.215395
4 1067.58 3.58 1094.69 37.43 0.191135
4 0.04 122.70 17.38 173.99 0.190884
4 800.44 121.44 817.87 145.21 0.187181
3 1069.46 242.41 1089.12 282.08 0.181229
5 6.41 40.71 34.42 85.47 0.158948
