4 1777.44 569.44 1889.78 610.74 0.967337
4 1455.78 758.87 1530.17 828.59 0.950951
4 1665.69 549.48 1757.81 593.93 0.950871
4 1450.46 488.46 1533.50 530.28 0.949558
4 159.44 542.87 275.72 589.30 0.943871
2 1820.05 1049.71 1849.99 1099.26 0.942537
4 327.95 497.94 433.37 544.44 0.940960
4 1211.11 422.47 1290.98 455.63 0.934384
4 567.66 1122.52 705.70 1265.92 0.931243
4 1535.40 519.09 1639.12 564.33 0.922425
2 1306.66 975.77 1336.61 1028.17 0.920093
4 533.48 441.62 619.32 481.54 0.909880
4 716.16 401.80 787.07 442.50 0.886598
4 45.60 522.57 148.64 562.98 0.876340
4 621.44 419.20 696.15 460.85 0.865344
5 1285.19 429.70 1369.87 476.34 0.859936
4 826.50 910.66 977.02 990.98 0.855464
4 1286.83 430.44 1369.70 475.92 0.826956
4 1742.35 817.88 1803.31 870.81 0.826658
4 826.14 910.68 895.67 985.87 0.817058
1 1308.93 974.24 1337.08 1027.41 0.798436
3 699.97 433.45 730.18 456.02 0.792059
4 0.16 525.62 38.31 558.70 0.765440
2 710.93 1319.62 738.49 1384.00 0.761016
4 829.97 314.48 863.51 345.62 0.740871
4 142.77 871.48 255.95 921.10 0.718272
1 1820.64 1049.84 1852.45 1101.50 0.715897
4 333.14 1005.34 448.23 1116.61 0.695591
4 850.46 293.34 881.23 322.33 0.694264
4 133.42 845.13 188.71 878.41 0.665892
2 1301.08 976.42 1317.97 1026.47 0.635761
2 1817.37 1048.90 1889.03 1113.37 0.619191
4 834.65 278.85 846.90 294.08 0.554308
1 1516.24 435.21 1535.51 469.89 0.547681
4 1374.45 1192.95 1431.96 1238.56 0.544233
3 1152.05 385.15 1175.52 405.72 0.539956
1 1894.55 169.13 1927.76 218.39 0.536418
6 658.45 368.69 727.72 420.73 0.535076
4 967.05 530.64 1010.90 555.16 0.474212
3 795.58 655.16 814.62 673.46 0.465586
3 717.58 1358.99 741.18 1403.24 0.459704
4 674.96 619.55 713.82 651.54 0.446176
3 1305.19 1003.59 1328.74 1029.63 0.437257
3 501.03 451.03 530.80 473.34 0.427288
3 1953.94 572.68 1996.71 599.44 0.419693
4 1187.73 616.76 1219.71 653.37 0.414078
4 1074.03 150.04 1100.46 171.38 0.397073
4 325.92 977.86 448.69 1145.61 0.379655
6 1160.12 98.33 1192.37 116.43 0.361627
4 1191.22 97.73 1217.39 112.27 0.355962
4 1511.59 361.09 1559.81 392.30 0.343794
1 1140.45 579.79 1155.46 615.42 0.338376
4 1126.06 325.08 1155.24 350.75 0.324549
3 817.21 592.39 830.59 607.65 0.315369
2 1863.13 155.38 1927.72 219.29 0.313580
2 719.11 1332.99 735.96 1370.46 0.311326
3 1147.22 667.16 1164.79 681.66 0.304012
2 1862.96 148.30 1893.12 195.20 0.285983
4 885.01 296.28 895.53 329.51 0.254555
6 1511.88 361.55 1560.40 391.88 0.254052
4 1293.19 28.68 1309.18 43.46 0.247268
4 1208.57 90.24 1228.62 103.21 0.224068
10 948.98 387.84 1024.60 490.47 0.218104
4 1241.74 39.56 1262.00 52.65 0.215730
4 0.60 316.38 48.76 386.90 0.132732
9 1159.56 97.74 1217.32 128.51 0.123457
