4 837.89 777.18 922.28 787.85 0.855418
4 344.77 178.11 396.45 212.05 0.825365
4 820.38 695.42 908.67 732.37 0.817263
4 806.85 635.44 905.00 676.42 0.815298
4 739.82 0.00 797.26 12.84 0.793548
4 808.10 553.85 890.54 592.55 0.792806
4 346.12 83.52 411.31 115.92 0.778527
4 790.34 519.09 874.09 555.46 0.772510
4 783.07 435.76 863.80 471.37 0.764755
4 1256.99 67.87 1299.02 92.46 0.763099
4 784.42 472.68 870.56 510.10 0.762801
4 632.92 356.46 707.66 393.11 0.756734
4 515.94 90.63 547.90 146.51 0.756614
4 787.32 397.86 872.13 435.59 0.756327
4 788.97 323.57 861.06 356.27 0.752160
4 761.06 290.98 836.05 324.56 0.749311
4 639.42 252.61 707.69 285.03 0.748202
4 792.05 356.28 870.03 391.67 0.743789
4 503.42 0.13 527.19 18.53 0.740551
4 640.64 322.56 712.17 354.66 0.739148
4 607.56 96.01 634.66 145.19 0.731773
4 637.71 288.96 706.40 321.85 0.731452
4 816.20 736.19 892.46 772.85 0.728027
4 792.88 260.73 869.32 297.41 0.720481
4 786.36 228.47 858.25 262.68 0.715402
4 683.72 218.28 750.74 249.92 0.714575
4 684.86 159.45 753.90 190.00 0.713870
4 685.49 186.14 749.28 218.17 0.699104
4 786.86 201.75 858.23 233.47 0.698307
4 396.12 0.00 457.55 19.93 0.678898
4 693.43 98.29 760.37 128.27 0.670826
4 697.67 71.93 762.65 102.61 0.667620
1 882.00 470.20 894.49 490.47 0.658519
3 1256.60 68.85 1299.86 92.82 0.646099
1 917.05 312.28 929.18 334.67 0.643622
1 884.20 202.52 895.52 223.53 0.634250
1 678.27 38.78 688.84 59.17 0.630700
4 693.19 40.54 752.15 73.27 0.628400
1 726.87 465.36 737.90 487.82 0.616946
1 918.48 200.80 927.82 218.54 0.609891
1 906.02 194.74 916.39 215.63 0.602039
4 385.53 42.74 423.91 71.07 0.600803
4 705.51 120.38 759.52 155.29 0.597821
1 980.89 738.08 995.36 754.11 0.592247
1 711.87 461.28 723.22 485.89 0.588157
1 962.49 566.73 974.09 584.88 0.582618
1 936.98 355.58 950.28 374.98 0.575575
1 814.69 36.97 825.13 68.64 0.574957
1 949.32 506.73 965.32 526.04 0.563453
4 392.80 13.95 431.10 43.36 0.537859
1 648.14 0.00 663.05 7.63 0.529270
4 238.68 510.23 288.09 592.81 0.523020
1 931.09 105.47 942.30 126.10 0.492990
4 941.60 1.53 973.96 24.29 0.481146
2 931.69 514.78 945.97 546.76 0.478169
1 949.98 146.70 964.37 169.23 0.468333
2 950.65 146.73 963.64 168.48 0.462758
4 912.96 0.16 932.08 13.04 0.458116
2 916.01 137.45 925.95 160.28 0.447332
4 769.86 60.61 799.06 118.33 0.437616
4 544.06 499.65 579.26 582.74 0.419544
1 1305.79 83.80 1321.16 102.50 0.418365
5 840.11 63.80 871.52 124.17 0.414401
2 981.03 737.48 995.67 753.85 0.404681
2 1207.17 22.35 1233.51 51.80 0.388497
7 917.21 30.30 969.62 52.02 0.379514
2 802.13 106.82 811.07 124.15 0.358722
3 877.12 87.46 894.74 114.15 0.357240
4 1003.26 602.27 1019.04 629.81 0.342463
2 929.61 105.02 942.01 125.56 0.330638
4 840.16 63.91 871.46 124.72 0.322352
2 849.44 0.00 863.92 10.58 0.318939
7 995.90 32.41 1028.23 53.13 0.303814
6 915.29 28.50 969.95 53.03 0.300329
6 980.34 332.02 1032.04 451.69 0.297224
4 885.41 25.55 905.70 43.77 0.289771
5 751.56 592.62 782.97 663.08 0.281769
4 1258.35 128.10 1271.26 141.71 0.278067
2 1254.51 162.01 1266.21 178.19 0.262312
4 1096.14 81.70 1134.67 99.68 0.261081
2 752.31 369.96 763.35 386.55 0.256463
6 805.40 70.13 836.02 124.70 0.252064
2 868.32 78.57 888.31 112.43 0.251247
2 940.95 21.67 949.94 36.08 0.227353
7 884.82 13.03 910.49 44.58 0.218113
4 805.71 70.64 837.58 123.96 0.216929
2 1120.01 0.19 1138.42 37.85 0.190054
6 995.95 32.63 1027.46 53.60 0.180195
2 1105.99 7.43 1120.33 42.72 0.160370
