4 896.79 265.03 949.31 284.05 0.879830
4 368.75 275.94 418.59 296.09 0.871473
5 290.58 217.76 330.53 237.53 0.864021
4 208.85 303.70 264.47 326.43 0.862325
4 112.81 227.29 155.53 245.78 0.841404
4 183.88 226.15 226.26 242.91 0.837597
4 3.19 232.52 50.27 252.38 0.828378
4 495.94 268.38 538.17 288.06 0.824088
4 238.71 222.56 279.85 239.58 0.822906
4 850.45 201.68 884.23 214.74 0.813834
4 748.74 203.64 786.36 218.58 0.791168
4 610.28 206.00 647.84 223.51 0.783877
4 605.58 277.25 652.71 298.53 0.775402
4 341.05 218.52 381.50 235.11 0.771160
4 808.33 200.29 843.95 216.31 0.768243
4 437.47 215.45 474.56 231.73 0.758994
4 706.11 205.82 741.52 219.13 0.750192
4 894.21 197.86 930.89 214.40 0.739002
4 651.42 273.81 699.50 296.32 0.738427
4 658.88 207.93 696.34 221.51 0.738310
4 383.12 218.89 417.61 233.37 0.720875
4 489.97 211.37 524.99 227.82 0.715701
4 540.82 204.08 572.09 216.13 0.668231
4 940.66 200.52 959.57 213.15 0.662308
4 540.30 211.49 572.95 226.66 0.656122
1 58.15 299.70 67.51 318.89 0.645628
1 790.01 250.73 800.03 266.97 0.477106
3 82.31 220.09 96.70 240.36 0.455418
2 64.61 106.41 263.77 166.29 0.446290
4 40.34 305.18 55.32 318.76 0.418352
9 0.29 99.16 87.67 112.78 0.382121
3 731.36 261.20 749.80 283.92 0.379547
3 803.43 257.48 822.68 279.67 0.365832
6 64.15 99.36 87.75 111.71 0.346814
4 71.53 153.92 85.46 166.74 0.333639
4 658.01 208.93 670.50 220.92 0.307491
1 713.88 229.74 720.62 244.02 0.297475
