4 804.46 853.81 883.08 895.40 0.913025
4 1095.61 389.39 1142.67 432.83 0.889547
4 885.58 699.25 950.48 777.03 0.874423
4 1147.99 328.02 1184.86 365.53 0.863013
4 972.70 572.12 1029.88 636.97 0.860832
4 525.59 1269.53 662.68 1441.26 0.850764
4 1312.50 215.11 1340.97 248.67 0.843448
4 789.15 853.52 882.70 964.93 0.835868
4 1208.22 254.28 1240.42 285.82 0.783545
4 1009.19 503.14 1064.80 565.92 0.776606
4 623.28 1099.26 734.26 1255.69 0.758896
4 1214.19 247.51 1245.49 285.58 0.735290
4 62.83 256.43 89.96 271.85 0.552020
4 963.52 443.15 993.40 470.11 0.534185
4 106.65 243.75 172.85 265.07 0.465018
4 716.03 1102.90 735.80 1189.83 0.464571
4 1264.92 193.39 1285.87 206.80 0.455864
4 867.27 723.10 895.85 775.75 0.430144
1 657.36 1165.70 678.91 1185.93 0.374925
2 1609.59 1162.45 1796.30 1495.59 0.369698
6 756.06 135.42 789.34 160.30 0.367684
4 1759.44 261.64 1793.65 307.55 0.352941
4 1228.48 81.49 1253.42 100.02 0.337203
4 884.94 729.65 895.98 775.81 0.328054
1 672.03 1165.06 692.22 1200.10 0.308117
6 1433.20 165.10 1473.58 187.69 0.296507
4 1538.90 132.18 1554.24 142.51 0.291589
4 1272.74 115.81 1288.07 125.45 0.284179
4 1587.97 65.86 1597.44 73.94 0.281480
5 755.51 137.28 790.12 161.65 0.246958
4 1135.40 341.28 1153.25 364.62 0.204946
