4 257.83 145.54 286.87 156.85 0.664375
5 303.71 593.46 403.31 643.92 0.660017
4 126.23 170.55 153.03 183.88 0.629915
6 1140.10 578.84 1399.21 746.54 0.461127
6 329.94 257.94 538.59 412.89 0.431890
6 425.86 560.04 535.88 702.29 0.428558
2 616.53 259.02 669.07 307.98 0.428325
4 483.81 702.63 516.95 737.29 0.423055
4 1240.81 305.97 1258.71 323.83 0.409830
6 304.46 478.57 540.37 644.99 0.382558
5 575.11 526.85 646.31 559.44 0.381659
6 324.53 410.52 430.68 513.54 0.378380
7 678.87 619.69 749.83 697.95 0.373653
6 724.37 263.42 765.33 284.85 0.360908
6 837.42 246.49 886.66 288.32 0.324211
6 805.50 264.41 831.08 285.79 0.313023
2 1346.62 286.26 1394.58 320.74 0.280623
6 331.18 349.12 428.54 411.20 0.275894
2 579.28 388.65 602.95 415.46 0.272893
2 0.04 208.37 20.57 231.79 0.269228
5 504.11 560.37 535.53 637.87 0.258529
6 1041.42 377.39 1105.51 416.63 0.257674
6 846.22 299.19 880.35 322.58 0.252960
2 229.27 678.66 261.72 710.18 0.246621
