4 10.04 409.09 153.89 529.04 0.926829
4 813.50 157.22 902.47 200.15 0.788555
6 881.08 248.84 1069.88 360.67 0.775603
6 668.54 647.11 938.58 764.27 0.752065
5 222.62 511.09 470.83 616.85 0.724002
5 86.34 671.72 395.84 764.75 0.715787
5 241.19 671.93 394.89 764.22 0.651070
6 1207.81 435.77 1359.42 633.27 0.622013
7 141.62 600.33 290.13 680.92 0.605930
4 846.89 38.19 903.87 63.82 0.598403
4 831.72 10.21 888.31 34.45 0.591416
5 1286.73 282.06 1359.70 390.68 0.586885
6 267.04 82.47 548.28 292.97 0.576940
6 1100.60 439.13 1225.91 596.09 0.567203
6 531.75 28.37 624.68 92.94 0.557882
5 283.33 585.57 421.26 693.05 0.553413
6 319.55 377.82 522.59 495.17 0.536765
4 286.54 586.25 420.52 690.84 0.522127
6 413.23 82.39 546.40 163.34 0.520054
7 1116.30 239.67 1240.33 390.00 0.501691
6 267.94 213.86 395.78 293.00 0.487298
6 671.02 399.15 938.73 763.88 0.484934
4 845.46 28.22 906.38 53.08 0.477340
6 87.51 97.72 685.27 762.58 0.476983
4 681.03 564.74 766.39 660.02 0.474157
5 381.95 457.42 500.62 549.09 0.463066
6 911.63 421.30 1003.86 563.52 0.449623
6 1003.98 427.44 1104.64 570.90 0.448627
4 696.01 507.34 778.54 584.87 0.440872
4 860.41 0.51 903.88 22.41 0.436826
5 1100.78 438.82 1225.58 595.92 0.432584
4 881.11 283.93 895.86 341.38 0.415020
4 534.91 46.57 565.23 67.09 0.413453
6 845.94 182.21 894.31 263.39 0.373176
6 813.12 406.20 899.79 543.94 0.372269
5 1004.03 427.50 1104.88 571.10 0.369700
5 633.13 74.13 714.99 113.97 0.358739
6 399.55 138.16 516.80 184.95 0.354772
6 762.96 174.40 825.32 257.39 0.323785
6 719.79 399.28 804.29 534.74 0.319023
5 910.56 421.54 1003.66 563.51 0.312706
5 674.62 645.67 759.93 759.88 0.271327
6 831.83 180.59 911.49 286.50 0.263933
10 172.91 604.48 214.08 644.45 0.256493
6 632.68 0.01 769.50 113.97 0.253815
6 868.83 60.72 895.86 110.75 0.226305
6 1320.20 446.11 1359.79 542.31 0.218346
4 464.07 459.79 500.51 548.18 0.212302
6 869.50 61.41 934.61 111.73 0.200382
4 464.16 400.04 522.01 494.73 0.189956
5 1319.59 447.30 1359.84 542.81 0.189108
6 464.61 99.04 685.19 573.47 0.154505
