2 1354.78 406.78 1392.25 452.98 0.901004
2 887.56 500.74 921.54 548.69 0.868617
2 349.23 889.09 397.15 946.47 0.867458
2 1211.56 423.99 1245.72 467.66 0.857514
2 937.76 246.63 959.74 284.68 0.828499
2 987.20 292.15 1004.63 329.74 0.818386
2 807.54 536.47 830.17 581.70 0.814094
2 961.00 461.72 987.67 508.49 0.811207
2 678.65 321.33 696.41 366.55 0.805414
2 1146.15 291.95 1165.38 338.90 0.779775
2 773.48 499.23 799.07 541.05 0.774557
2 996.44 208.72 1011.83 245.39 0.772755
4 844.58 193.57 897.12 219.98 0.761738
2 1158.00 439.98 1184.25 489.68 0.759655
2 414.44 488.21 435.41 534.09 0.723230
2 0.85 202.49 1397.78 790.83 0.719468
2 633.28 538.80 662.37 591.54 0.697983
2 1066.36 421.52 1102.85 469.02 0.697970
2 1115.67 403.79 1143.82 445.18 0.693788
2 645.41 508.20 666.47 550.79 0.673742
2 503.21 534.70 529.45 575.90 0.666920
2 743.46 473.93 761.49 515.32 0.663449
2 94.74 589.64 130.43 639.76 0.639174
2 207.75 497.97 233.23 549.02 0.634938
2 351.72 645.97 391.97 695.98 0.609442
2 1098.52 388.18 1128.59 436.86 0.609048
2 1.44 460.33 894.50 812.76 0.601111
4 720.57 201.47 792.96 233.20 0.588088
2 270.23 247.89 291.09 288.88 0.540738
2 312.46 480.26 336.20 526.61 0.525589
2 0.17 621.44 41.47 670.58 0.506657
2 312.96 598.20 337.04 638.84 0.484637
2 182.35 658.64 210.02 711.20 0.479500
2 517.82 346.55 541.46 384.57 0.471166
3 119.20 285.55 169.87 348.66 0.460299
2 27.35 632.70 75.86 687.36 0.456398
2 314.67 626.89 350.72 678.52 0.454029
2 24.37 710.50 94.60 768.02 0.432935
2 462.56 569.72 488.33 619.62 0.387801
2 438.50 550.40 464.10 600.86 0.387283
2 41.25 283.65 60.75 318.73 0.344824
2 1098.93 427.63 1118.49 482.52 0.297570
2 462.76 568.45 501.01 620.01 0.289577
2 120.23 274.73 171.71 348.15 0.279144
2 884.01 531.02 895.96 558.90 0.276166
7 1096.90 196.11 1138.97 236.00 0.256382
2 1118.54 440.34 1137.21 493.67 0.132266
