4 437.46 1066.05 488.46 1133.82 0.947560
4 292.89 1264.98 360.03 1353.09 0.941065
4 1840.76 1139.30 1955.24 1188.28 0.938375
4 662.04 1470.04 725.08 1499.81 0.937052
4 565.98 830.08 629.81 858.86 0.929885
4 751.42 876.02 800.51 906.52 0.905377
4 838.77 937.82 893.42 988.06 0.900432
4 114.99 1239.31 178.25 1299.14 0.898443
4 772.07 1257.30 821.76 1303.73 0.888110
4 743.40 718.42 777.36 748.57 0.886840
4 1828.07 1287.29 1895.18 1366.31 0.886125
4 1827.55 1211.54 1897.12 1280.67 0.881097
4 1786.79 1209.68 1848.61 1282.05 0.880723
4 322.25 964.71 381.62 1022.83 0.879091
4 808.13 733.27 850.87 765.50 0.877622
4 229.23 1071.74 298.27 1143.72 0.868480
4 1531.18 1082.08 1566.82 1120.62 0.864923
4 1635.13 1201.93 1689.22 1266.74 0.863025
4 1737.65 1213.93 1798.37 1278.05 0.858506
4 645.61 780.72 683.49 821.49 0.853428
4 1682.95 1204.28 1745.06 1277.44 0.851324
4 1577.75 1195.11 1634.59 1264.91 0.850097
4 735.94 1208.28 783.87 1273.51 0.850000
4 1929.88 1274.21 1999.45 1381.05 0.847697
4 1934.85 1213.55 1999.57 1287.31 0.846151
4 1609.04 1087.59 1649.85 1137.57 0.845041
5 1927.84 1273.96 1999.59 1381.46 0.844326
4 1662.64 1277.75 1733.12 1344.57 0.843887
4 762.72 1129.34 807.86 1188.60 0.840548
4 1609.77 1271.28 1669.74 1338.14 0.836926
4 1525.56 1192.88 1583.87 1264.92 0.826604
4 63.26 1357.26 103.33 1409.15 0.824269
4 843.87 551.64 864.62 574.59 0.823321
4 511.43 887.02 550.65 937.23 0.822233
4 1478.35 1194.25 1532.78 1263.57 0.820401
4 798.89 478.07 822.16 499.29 0.819750
4 1716.45 1285.36 1783.86 1349.19 0.817903
4 1523.08 1071.01 1567.10 1121.33 0.813708
4 884.32 529.43 912.36 551.85 0.813082
4 1427.88 1056.23 1474.07 1128.02 0.809267
4 1429.17 1191.80 1477.83 1254.20 0.804210
4 518.02 822.42 541.51 855.75 0.790260
4 776.19 1077.68 812.27 1126.95 0.782949
4 1769.12 1280.39 1845.40 1363.23 0.781369
4 899.51 678.55 926.96 704.49 0.777919
4 180.82 1145.12 241.03 1219.43 0.777191
4 1658.05 1070.58 1719.82 1144.30 0.769701
4 836.46 418.45 857.12 436.53 0.765302
4 1478.51 1071.78 1519.20 1131.11 0.761184
4 1502.38 1267.94 1563.33 1333.87 0.756525
1 846.71 1229.71 859.33 1258.53 0.745209
4 924.18 371.07 944.32 386.55 0.743247
1 919.91 1119.60 930.02 1147.30 0.733207
4 645.73 569.32 674.35 594.69 0.732362
4 705.03 576.21 720.36 597.54 0.729188
4 845.52 373.43 864.02 392.78 0.726884
4 757.20 429.28 779.44 449.16 0.718466
4 875.08 356.19 893.23 373.42 0.716882
4 1577.88 1194.68 1611.78 1263.03 0.714568
4 876.16 359.10 891.85 372.42 0.711866
4 847.32 377.62 862.73 392.28 0.709666
4 617.15 615.47 639.33 639.41 0.707990
3 808.64 1484.27 851.65 1499.87 0.707718
1 892.74 1127.51 904.35 1158.96 0.707451
1 871.48 1122.41 884.19 1151.56 0.706942
4 672.99 534.97 697.69 556.85 0.696009
4 0.26 1397.11 50.52 1489.74 0.694407
4 1356.65 1232.62 1384.83 1316.31 0.687257
4 951.93 314.70 970.42 331.41 0.680851
4 1555.14 1264.54 1611.75 1338.60 0.676254
4 1597.20 1071.34 1648.91 1138.52 0.661670
4 710.95 491.29 729.00 510.90 0.658529
4 445.34 877.48 480.99 913.93 0.656409
2 869.34 1116.60 931.60 1161.90 0.641920
4 757.38 436.42 772.68 451.26 0.641086
4 564.89 832.92 588.53 855.89 0.635010
4 851.69 1074.25 886.32 1104.27 0.630588
4 1507.32 386.96 1544.01 401.33 0.628713
4 924.83 487.41 944.71 506.65 0.625731
4 886.32 529.69 895.88 551.71 0.622561
5 1334.80 553.36 1383.65 587.86 0.621284
4 980.79 291.36 1012.81 311.04 0.618192
4 691.43 517.19 715.02 536.67 0.617701
2 1150.34 351.02 1224.85 405.38 0.614744
1 189.08 1263.48 209.60 1294.22 0.612959
4 954.58 317.68 971.28 330.93 0.607840
4 1419.03 538.14 1442.23 558.16 0.592234
4 936.96 556.07 958.90 577.06 0.587710
4 1447.92 442.54 1477.35 455.59 0.586911
4 725.60 473.93 744.87 491.44 0.582901
4 950.51 507.85 967.52 527.88 0.582675
2 809.04 1484.16 852.16 1499.82 0.579130
4 485.73 475.96 510.58 492.48 0.575013
4 556.69 686.77 580.49 713.00 0.573211
4 653.05 599.57 669.95 618.22 0.566978
2 774.42 903.05 790.09 927.05 0.554358
4 597.21 638.56 618.67 661.70 0.547001
4 716.05 732.02 736.99 757.50 0.544372
3 188.35 1263.14 211.30 1294.69 0.537340
1 884.91 719.45 903.97 763.50 0.531469
4 579.65 665.48 597.09 684.64 0.530451
4 748.15 460.54 763.62 478.69 0.524000
4 960.49 250.38 980.39 264.42 0.513448
1 890.22 721.53 900.06 741.68 0.508339
6 1525.04 1041.59 1569.16 1085.60 0.508162
4 594.73 636.56 622.42 663.00 0.506425
1 838.06 791.88 849.47 815.47 0.502606
1 418.48 864.59 430.61 886.06 0.502442
4 915.94 614.31 941.75 635.98 0.499700
3 894.84 1142.64 906.61 1161.14 0.496973
1 20.70 1442.80 42.68 1473.71 0.496738
4 1452.31 1257.52 1506.98 1331.48 0.495521
4 913.96 275.05 926.25 287.15 0.495245
4 632.08 868.81 652.94 886.63 0.494899
4 923.89 598.14 943.50 615.96 0.491216
4 802.84 374.48 815.89 389.83 0.489815
5 1457.12 1262.60 1507.32 1331.44 0.487886
4 912.54 577.40 925.56 594.90 0.485229
4 1309.80 839.74 1340.64 859.17 0.473891
4 856.62 1072.90 885.30 1097.55 0.467532
1 918.09 1117.66 931.94 1146.19 0.465274
4 651.88 603.90 670.35 618.89 0.460277
4 909.25 657.15 932.65 681.51 0.457573
4 937.17 559.71 956.62 579.18 0.456954
1 381.85 905.61 393.54 928.43 0.455810
1 852.14 1346.86 873.49 1386.96 0.444460
4 910.75 636.57 934.44 660.01 0.435731
4 736.34 458.01 755.80 478.72 0.433931
3 444.51 887.68 476.04 915.43 0.431433
4 854.56 858.98 875.29 876.90 0.431367
2 852.34 1344.77 872.35 1385.71 0.427712
4 917.85 617.44 942.19 640.74 0.425208
4 839.17 319.77 861.21 337.52 0.424453
1 863.54 754.31 874.41 774.72 0.422715
4 961.02 253.95 979.72 264.57 0.422241
6 763.40 375.10 803.67 399.28 0.421732
1 880.64 669.09 890.25 689.86 0.420817
4 580.06 661.86 603.34 686.79 0.419526
4 1543.57 416.61 1569.94 427.41 0.414597
4 802.12 372.87 818.94 389.53 0.411734
4 909.31 639.22 936.12 674.92 0.410755
6 1571.51 1040.02 1611.64 1077.61 0.406956
2 457.06 877.07 473.38 902.52 0.406005
4 573.31 435.46 607.29 445.10 0.405928
4 1450.53 537.11 1485.99 558.00 0.405853
1 851.90 805.97 864.07 829.22 0.403891
4 994.94 200.91 1011.42 216.23 0.400989
4 1008.13 349.67 1029.64 365.41 0.394551
4 1505.42 366.22 1542.47 400.75 0.393809
4 955.37 751.66 969.07 772.85 0.393568
4 943.32 435.90 958.91 454.67 0.390501
4 1440.91 441.31 1475.40 456.63 0.389258
2 888.67 1124.47 905.65 1160.33 0.385912
3 528.47 725.82 546.23 753.10 0.381609
4 611.90 431.02 631.11 443.31 0.379916
1 774.80 901.06 790.46 928.02 0.373960
4 1447.78 538.59 1473.85 559.69 0.373257
4 1321.66 885.33 1354.33 909.14 0.363206
4 830.22 341.63 842.63 356.53 0.353753
4 961.52 268.34 975.85 279.35 0.342508
4 917.50 247.26 936.24 264.21 0.340354
4 493.14 249.08 510.27 262.56 0.336201
4 538.49 433.96 552.36 443.20 0.332849
4 1597.65 1071.23 1611.73 1129.17 0.332605
4 1506.87 369.74 1524.41 381.65 0.330249
4 1420.74 467.42 1443.65 478.79 0.314240
4 861.69 678.39 873.27 690.50 0.311725
4 1335.70 937.96 1369.77 967.69 0.310918
4 854.15 310.71 866.05 321.44 0.304767
4 716.60 512.66 729.05 527.99 0.300135
2 614.45 674.00 624.90 693.75 0.290404
1 942.54 669.21 951.61 688.12 0.290384
6 982.05 291.76 1012.92 310.01 0.282202
3 887.25 736.28 909.48 764.88 0.281567
4 981.87 192.32 993.45 201.67 0.278491
2 853.97 854.69 863.77 876.31 0.278464
4 963.03 456.59 971.53 469.80 0.275576
4 961.04 218.97 971.98 229.10 0.274831
4 1427.55 443.01 1445.29 453.68 0.270091
4 951.13 371.92 964.67 383.13 0.268030
4 875.51 283.39 886.96 295.68 0.255709
4 998.88 198.28 1009.37 207.68 0.250950
2 954.24 748.71 966.40 772.74 0.250031
4 1517.11 423.69 1533.60 436.86 0.243075
4 1399.24 236.86 1421.14 260.27 0.242483
4 1355.87 466.25 1380.41 487.70 0.236676
