4 735.65 542.59 895.70 637.02 0.930685
4 764.14 434.31 930.39 516.07 0.913442
4 249.17 663.78 474.36 763.80 0.897585
4 301.96 520.67 500.55 613.95 0.867880
4 280.03 592.98 472.33 688.87 0.864425
4 257.45 283.47 397.76 342.94 0.856298
4 199.95 314.89 311.46 373.72 0.849974
4 351.96 453.28 518.91 537.15 0.846934
4 339.93 199.91 453.37 245.66 0.838205
4 397.49 327.32 543.16 385.65 0.827638
5 231.31 217.28 402.30 302.95 0.814933
4 738.77 305.69 877.62 369.08 0.806869
4 391.21 359.89 540.46 428.19 0.800747
4 379.54 397.84 525.63 476.58 0.789090
4 419.59 294.12 551.49 348.89 0.780107
4 740.31 280.04 849.19 323.50 0.774442
4 457.04 253.92 581.70 314.52 0.770509
4 462.94 230.20 571.71 275.12 0.753970
4 736.98 254.48 850.27 303.44 0.749550
4 571.00 28.63 635.76 58.85 0.730563
4 741.41 230.90 843.87 271.67 0.708910
4 527.26 100.45 604.95 131.60 0.708504
4 731.92 167.83 820.69 205.69 0.707314
4 478.82 202.09 584.97 249.15 0.676622
4 740.27 190.41 837.73 232.05 0.665624
4 478.20 189.32 586.22 223.71 0.651584
4 491.94 169.45 587.42 203.40 0.642920
4 494.82 152.58 588.03 180.91 0.638197
4 512.27 119.45 597.29 152.88 0.628168
4 554.91 46.75 619.51 80.81 0.623310
4 734.31 85.12 796.78 117.90 0.621786
4 721.61 35.94 786.37 60.51 0.619228
4 730.34 64.69 797.21 92.50 0.579575
4 737.94 209.56 837.46 244.38 0.578786
4 770.93 304.41 867.10 338.27 0.561091
4 718.51 13.66 778.34 42.10 0.554652
5 549.39 47.27 617.72 93.33 0.540346
5 549.83 60.01 610.20 93.16 0.536625
4 509.46 135.24 587.89 165.54 0.530377
4 464.12 461.71 517.97 537.49 0.448967
4 464.10 539.04 499.97 610.82 0.433892
4 464.08 627.15 471.67 681.11 0.160942
6 793.01 0.32 895.68 260.04 0.128982
