6 248.50 345.98 840.54 512.06 0.940718
6 316.19 248.74 854.09 378.79 0.902824
6 225.02 585.09 879.93 764.06 0.865071
6 912.62 0.17 1079.58 50.15 0.805628
6 552.21 76.86 817.91 136.09 0.790708
6 445.06 185.38 799.05 271.93 0.777586
6 497.15 134.40 838.75 199.44 0.773817
5 1277.55 13.52 1359.81 79.63 0.702548
6 1277.98 13.53 1359.57 79.01 0.689906
6 451.57 38.59 769.96 113.80 0.673604
6 575.38 0.33 727.55 32.81 0.566179
4 224.96 584.51 343.44 736.44 0.553822
4 896.08 0.00 927.75 25.73 0.516042
6 249.03 1.91 897.86 512.73 0.504283
2 561.00 179.02 593.58 199.86 0.464340
4 859.13 117.50 900.66 172.76 0.462785
4 1316.53 93.88 1359.83 131.53 0.440996
10 338.18 366.49 394.79 405.07 0.379056
5 830.55 174.27 871.51 209.89 0.341624
5 834.98 133.03 878.13 197.36 0.340575
4 1109.20 0.00 1140.71 8.78 0.307015
5 806.90 193.95 872.26 281.57 0.229780
5 605.82 118.26 644.02 146.53 0.224985
4 1339.17 122.87 1359.89 175.46 0.209362
