6 602.86 425.25 1163.88 647.88 0.950175
4 1263.80 192.36 1341.79 250.25 0.906982
6 557.43 272.83 976.35 461.67 0.891832
4 1184.10 159.56 1267.88 209.92 0.881734
3 692.76 145.00 715.91 189.32 0.880920
6 391.50 199.89 767.40 368.60 0.879522
4 825.97 6.24 895.62 42.18 0.865799
4 1152.23 138.41 1232.65 184.65 0.865789
4 1329.34 217.90 1359.79 270.24 0.816053
6 407.76 113.35 690.56 228.94 0.807587
6 1035.34 55.20 1218.69 182.76 0.786783
4 870.37 21.54 913.16 55.90 0.764141
6 913.18 30.88 1084.06 131.45 0.756338
6 380.67 0.33 578.01 97.13 0.737322
6 1109.24 637.43 1359.37 764.35 0.723303
6 489.60 53.42 618.93 115.46 0.720118
4 870.13 21.77 895.85 56.01 0.713722
5 491.47 52.76 620.29 115.41 0.683315
4 772.64 0.00 874.29 18.86 0.670192
6 464.08 0.50 578.06 95.89 0.450490
5 768.34 192.33 841.76 292.91 0.428326
6 380.65 0.40 520.66 67.45 0.382565
6 898.67 9.88 958.87 84.57 0.355454
4 1039.70 91.67 1082.32 133.03 0.352743
5 644.35 122.32 690.16 190.20 0.314910
10 997.46 544.22 1058.41 575.28 0.205309
10 1143.12 689.69 1189.52 764.07 0.137707
