4 1106.78 75.04 1204.95 124.73 0.913666
4 451.07 31.59 542.02 78.49 0.912760
4 1206.47 138.79 1318.74 198.11 0.896184
4 1307.70 235.73 1359.55 299.30 0.879413
4 1061.12 31.57 1144.94 74.09 0.871081
6 375.74 0.20 609.80 59.72 0.860216
6 463.98 410.10 808.31 598.95 0.859421
4 1027.73 6.47 1118.94 48.40 0.817666
6 464.23 297.23 848.31 475.28 0.798431
5 684.89 147.27 772.78 251.09 0.759507
4 1030.03 0.06 1099.00 15.35 0.748122
3 1161.16 89.68 1246.82 156.78 0.668446
6 473.55 51.51 696.63 206.52 0.610220
6 383.28 40.67 846.25 597.41 0.486717
6 1232.01 0.09 1359.39 78.27 0.480845
5 774.11 318.31 845.43 444.94 0.446902
4 1339.53 288.83 1359.81 366.42 0.410050
4 708.23 238.89 780.35 308.19 0.405086
1 684.02 406.05 742.08 486.57 0.404294
7 1161.91 90.34 1245.38 157.51 0.404080
2 764.52 483.95 793.46 506.20 0.287234
2 1176.08 106.00 1207.86 135.32 0.263516
4 759.27 306.05 795.34 352.41 0.191610
