4 1082.67 998.35 1272.22 1049.44 0.933713
1 1129.13 579.73 1175.45 661.78 0.887285
3 1360.07 780.13 1399.70 834.86 0.870133
2 1290.05 718.14 1347.96 817.25 0.851150
2 1250.83 752.55 1289.15 815.46 0.781573
3 1023.49 672.22 1072.01 700.10 0.727948
4 76.25 450.74 148.80 510.19 0.722016
1 736.55 557.04 767.90 634.03 0.710624
4 0.35 401.10 148.75 510.48 0.694461
2 754.13 643.08 793.51 729.86 0.692861
3 1292.43 361.76 1348.17 398.90 0.679501
3 1304.89 443.08 1383.90 496.13 0.674694
2 591.51 642.79 633.57 730.00 0.646355
2 821.67 610.12 867.22 693.02 0.641613
3 1147.74 710.85 1200.46 740.45 0.611947
3 1297.21 416.71 1384.05 464.86 0.541887
2 799.39 578.71 832.84 655.10 0.538256
3 1296.07 299.34 1340.54 327.88 0.504624
3 1194.07 283.65 1218.91 314.38 0.487409
2 629.71 651.39 660.67 712.58 0.487103
2 788.07 649.41 828.02 711.03 0.461364
2 1227.16 288.04 1250.41 316.39 0.439757
2 474.85 515.47 500.56 562.38 0.438098
3 505.40 515.95 539.81 556.29 0.437778
3 603.65 533.81 652.59 587.00 0.423092
2 526.93 554.50 553.59 611.14 0.412067
3 1252.84 291.61 1293.04 326.81 0.409795
7 604.36 534.49 652.32 587.00 0.409632
2 583.80 513.81 619.94 574.24 0.395233
2 478.73 484.53 506.90 556.48 0.379727
2 473.66 487.82 627.58 636.13 0.371771
4 575.10 409.56 607.57 439.12 0.327697
2 800.65 607.72 836.70 692.37 0.313778
3 735.32 601.70 758.68 633.59 0.294287
2 566.89 554.39 607.58 636.25 0.275384
2 545.97 554.61 584.38 634.22 0.257606
2 527.20 492.23 558.16 562.80 0.255539
4 4.05 352.12 51.34 387.84 0.251508
3 1365.22 296.43 1399.28 333.03 0.240020
7 1291.82 330.79 1356.88 366.82 0.210640
10 181.19 647.43 228.56 716.83 0.185111
6 504.27 450.95 539.67 551.40 0.157063
