4 237.08 987.96 333.98 1049.45 0.924985
4 436.33 952.98 519.41 1049.35 0.882919
4 506.99 820.61 564.21 895.25 0.876003
4 921.45 842.30 1045.21 897.92 0.867946
4 627.72 795.10 675.84 851.62 0.866483
4 1013.68 873.61 1150.84 924.51 0.866072
4 719.81 768.65 817.18 812.18 0.818406
4 628.23 652.27 646.58 670.92 0.815180
4 631.45 693.62 659.13 723.33 0.804324
4 988.05 740.62 1074.85 771.26 0.793986
4 949.00 767.69 1052.19 806.00 0.790096
4 1349.66 768.35 1399.61 788.81 0.789231
4 1053.31 792.61 1127.27 847.03 0.775216
4 805.33 814.08 856.37 864.58 0.768337
4 794.85 755.01 878.86 788.75 0.768176
4 861.92 810.20 929.37 861.00 0.759579
4 1102.95 787.04 1174.56 845.49 0.759200
4 1184.24 738.47 1238.27 775.60 0.757193
4 616.38 595.42 628.63 605.06 0.753026
4 596.42 598.76 609.37 611.10 0.749319
4 979.73 798.63 1051.10 844.13 0.745589
4 720.46 675.06 745.08 697.75 0.729227
4 719.80 707.87 751.47 737.86 0.726445
4 918.71 801.23 981.08 849.79 0.720704
4 619.54 570.38 631.29 578.57 0.708439
4 861.72 810.59 895.88 859.46 0.703154
1 936.89 934.81 956.02 989.04 0.690113
4 1259.26 780.38 1303.26 793.83 0.680736
4 1015.20 873.54 1095.59 895.60 0.680160
3 71.04 751.86 121.22 783.01 0.678119
6 36.32 604.43 91.61 629.93 0.673452
6 768.68 659.72 832.84 696.82 0.654048
4 1334.39 741.10 1371.77 767.54 0.647840
4 1280.97 728.87 1314.76 750.57 0.645457
4 946.21 699.62 990.30 728.20 0.643070
4 789.01 730.47 871.87 766.06 0.638269
4 671.99 610.58 709.70 629.30 0.609658
4 658.01 595.83 669.23 608.14 0.600909
1 1076.10 751.37 1089.54 785.68 0.599781
3 72.16 755.08 99.78 782.75 0.595481
4 719.35 631.89 741.19 651.85 0.581376
1 1075.74 721.82 1092.86 750.95 0.581346
3 903.39 937.75 966.86 990.01 0.563503
4 830.21 671.91 860.61 694.30 0.553285
4 753.61 685.77 811.18 719.56 0.530989
4 864.90 636.33 916.74 659.05 0.528120
4 820.35 652.30 840.39 670.05 0.525311
1 77.80 736.59 96.67 770.95 0.524263
4 192.09 595.95 207.24 607.78 0.516516
10 112.13 582.90 342.44 719.31 0.513087
3 1093.44 719.36 1140.67 749.54 0.510560
4 269.60 595.95 282.85 606.67 0.510546
4 785.67 623.57 803.76 640.62 0.494469
10 103.45 595.19 275.26 719.28 0.477855
4 941.96 668.70 986.48 692.32 0.457872
6 705.87 577.64 731.74 592.67 0.453968
6 1168.92 789.49 1399.59 1049.41 0.453287
1 614.74 623.08 626.79 643.72 0.448303
1 169.49 720.36 186.65 741.16 0.440680
1 974.89 709.98 988.97 744.35 0.439813
4 967.70 683.70 999.40 701.30 0.438232
1 222.62 696.75 236.50 717.11 0.431143
2 222.09 696.94 235.34 717.38 0.427737
4 239.61 585.54 254.00 596.65 0.417168
1 1102.18 730.84 1117.04 762.53 0.413179
2 614.73 624.20 626.80 643.71 0.410255
4 866.30 637.07 895.75 657.71 0.407078
4 933.37 618.06 968.94 633.59 0.397750
4 504.15 954.38 518.97 1037.99 0.393318
4 633.34 693.76 656.65 707.42 0.391266
4 656.29 562.13 663.29 570.30 0.387352
6 208.07 589.13 231.96 603.48 0.373915
1 975.98 718.05 987.21 744.69 0.335539
3 297.45 656.25 322.79 679.05 0.325794
4 684.65 594.19 700.03 606.11 0.323824
1 842.11 614.30 849.55 628.32 0.318621
4 867.23 639.76 880.76 653.17 0.298194
2 860.37 647.98 870.56 664.02 0.297333
1 759.74 693.65 771.50 723.62 0.286645
4 1170.02 884.95 1187.53 918.34 0.272074
2 941.50 701.62 951.68 727.64 0.264473
