4 604.04 705.66 802.91 764.57 0.972371
6 485.54 308.08 760.22 438.54 0.889842
6 571.07 409.45 852.95 548.45 0.889425
6 1066.28 276.42 1359.24 386.44 0.887456
4 999.59 117.02 1055.27 149.45 0.866248
6 526.99 518.34 793.61 670.88 0.857054
4 0.03 155.88 25.76 183.29 0.836842
4 533.43 308.85 632.62 328.71 0.831007
4 520.75 269.08 625.39 317.21 0.828345
6 382.88 125.18 591.35 231.14 0.815202
4 505.19 245.91 608.07 291.78 0.810491
6 1016.85 145.91 1330.78 286.76 0.794445
6 1222.40 396.17 1359.44 524.01 0.789132
4 449.76 206.63 537.34 252.78 0.789078
4 473.29 220.54 570.08 271.61 0.774075
3 1185.40 465.82 1218.77 515.54 0.757914
6 1038.62 73.24 1255.86 148.22 0.755141
6 1180.77 0.34 1359.49 79.00 0.747970
4 111.04 65.52 143.65 96.85 0.745000
4 359.56 139.82 426.78 188.02 0.648181
6 666.63 0.04 799.09 72.21 0.633400
6 803.74 0.20 889.58 56.56 0.625075
4 1116.81 70.31 1185.34 94.84 0.614432
6 950.50 148.55 1047.89 225.19 0.573954
6 533.73 0.00 681.22 87.33 0.554418
6 208.96 34.87 256.20 74.89 0.511128
4 209.52 34.66 256.75 73.65 0.499489
6 312.72 22.02 444.65 133.78 0.485387
4 24.22 102.92 45.60 114.33 0.402463
6 961.41 149.66 1025.67 224.94 0.397882
6 1066.59 242.40 1213.57 311.49 0.388207
5 493.09 49.01 544.46 108.50 0.386867
6 926.67 107.32 1002.41 169.40 0.374454
5 449.74 59.24 501.38 119.57 0.356980
5 592.03 34.76 638.25 92.41 0.322621
4 1152.07 50.22 1186.49 68.05 0.279832
4 1138.09 54.09 1186.82 87.68 0.266191
2 1101.87 319.01 1113.47 336.76 0.237990
6 464.16 2.23 544.93 110.53 0.233704
6 373.15 11.70 472.86 93.10 0.209496
5 698.25 518.55 793.61 662.92 0.201527
9 382.82 68.25 444.84 134.27 0.178892
10 1185.94 466.69 1206.93 497.05 0.177913
