4 421.37 362.08 487.43 436.10 0.850999
4 579.34 232.66 620.88 281.90 0.835875
5 150.45 325.48 261.71 389.38 0.835775
4 625.63 147.40 668.62 176.41 0.832674
4 519.35 320.87 566.44 384.38 0.827251
4 532.67 206.04 571.40 247.69 0.810456
4 676.77 491.85 756.26 610.28 0.787939
4 63.07 454.89 173.49 562.70 0.786019
4 686.37 55.83 702.89 71.89 0.777820
4 246.68 297.77 311.87 345.36 0.738966
3 3.42 445.74 67.54 471.99 0.734490
4 260.38 237.83 335.72 281.18 0.721322
3 712.08 178.02 722.63 193.54 0.700567
3 290.67 667.94 331.13 718.92 0.697903
4 464.04 362.93 486.73 433.65 0.686970
3 126.26 404.66 159.40 433.66 0.673424
4 614.21 24.93 625.44 39.12 0.657254
3 745.91 182.23 757.24 201.48 0.639173
4 446.98 68.73 467.12 86.91 0.636484
1 355.39 435.39 375.34 484.46 0.635330
4 762.03 47.16 778.94 63.37 0.616595
1 921.99 279.25 936.56 312.27 0.594553
4 644.88 0.00 656.95 6.08 0.591654
4 680.16 25.88 694.19 39.96 0.589142
1 711.65 166.02 722.74 192.53 0.570457
4 729.55 8.40 744.23 20.18 0.557810
4 879.69 31.50 898.32 46.05 0.542608
9 839.32 0.06 895.76 44.14 0.519738
4 540.42 38.02 557.99 46.13 0.515047
3 290.91 649.00 332.61 719.59 0.509635
4 667.77 10.63 681.31 21.94 0.505574
4 653.62 25.88 668.35 37.11 0.497496
4 918.04 60.94 941.76 78.77 0.490583
1 51.49 316.80 69.52 357.18 0.476642
4 618.71 3.08 632.35 16.22 0.474014
2 745.45 177.40 757.71 202.43 0.456485
4 646.41 13.78 658.25 26.97 0.446317
4 907.14 47.47 929.13 63.42 0.444260
4 0.04 599.47 52.80 706.71 0.440093
1 745.88 129.82 755.96 152.06 0.425149
4 663.50 0.31 676.14 9.76 0.417692
4 876.03 145.40 895.88 199.25 0.403638
1 81.16 346.54 91.12 373.05 0.397499
5 907.52 29.95 925.24 44.83 0.390306
4 389.24 39.92 402.88 55.83 0.385524
4 864.57 30.33 878.64 41.93 0.380121
2 745.37 130.09 756.65 152.88 0.377724
2 921.70 278.83 936.65 310.69 0.365773
4 929.33 47.91 949.01 64.08 0.363143
7 2.01 414.64 66.95 471.78 0.361793
2 576.22 68.94 584.97 87.91 0.350376
2 0.36 316.79 16.31 357.33 0.349221
2 572.28 53.17 581.54 66.71 0.324049
3 928.03 299.60 936.06 313.35 0.317986
4 22.48 308.41 63.89 348.86 0.315530
2 502.05 41.11 511.84 59.63 0.306945
6 907.55 30.80 924.23 44.35 0.298991
2 827.90 96.18 837.47 115.82 0.296835
6 922.88 30.79 951.12 45.39 0.276391
2 597.77 0.01 605.50 9.97 0.276295
4 721.49 0.00 735.20 8.08 0.267235
4 498.35 30.71 512.69 45.93 0.265741
2 818.03 84.46 826.52 99.92 0.260784
7 24.15 323.81 50.70 349.52 0.236134
7 900.29 290.34 916.53 304.27 0.226868
