4 962.35 917.17 1289.50 1049.28 0.969754
4 947.48 759.91 1280.13 894.87 0.959494
4 812.74 409.78 1050.90 509.82 0.950035
4 963.56 622.75 1231.57 749.52 0.939045
4 814.02 259.74 1004.85 357.10 0.927416
4 843.75 501.24 1118.53 619.19 0.918777
4 814.67 194.50 997.66 275.27 0.918414
4 549.64 318.02 653.76 476.92 0.882570
4 506.20 510.16 634.27 717.42 0.853851
3 841.77 36.61 888.16 83.23 0.841321
4 805.21 0.00 882.22 46.88 0.836727
4 812.05 417.33 895.83 510.36 0.833428
4 182.29 5.09 285.15 105.78 0.809614
4 843.20 514.89 895.85 617.66 0.796067
4 612.67 154.13 686.55 213.87 0.769144
4 622.77 5.11 688.32 99.25 0.700541
3 726.63 0.00 740.18 17.50 0.680138
4 650.67 0.00 696.51 10.08 0.676834
1 766.59 8.36 783.14 55.73 0.656164
1 782.37 0.23 805.97 57.76 0.639646
4 414.04 0.32 490.67 77.19 0.632637
4 612.25 106.98 687.99 212.10 0.623871
2 362.74 518.16 422.07 600.55 0.546725
1 726.95 0.00 740.81 16.44 0.397145
4 0.25 0.03 93.04 68.79 0.309663
2 371.72 526.87 395.39 584.45 0.304661
4 0.17 37.15 14.43 67.79 0.267057
3 166.12 50.61 224.45 107.69 0.152390
