6 1.29 567.02 440.15 764.30 0.810642
6 947.15 145.19 1135.51 207.37 0.767364
4 1262.30 99.93 1289.46 113.28 0.762137
6 845.40 161.68 1004.64 221.88 0.747406
6 776.96 431.07 1231.51 764.38 0.707124
6 470.63 236.43 705.47 328.77 0.688185
6 730.56 201.55 899.31 275.57 0.681781
6 283.65 280.63 621.02 424.52 0.678935
6 606.80 202.30 799.45 292.82 0.641719
4 1331.70 149.06 1359.81 165.02 0.629466
6 413.62 284.27 620.47 392.27 0.617967
6 1265.93 117.94 1359.70 153.46 0.614563
6 1259.89 151.50 1359.62 199.57 0.584387
4 1229.17 102.56 1256.12 118.11 0.566733
6 282.91 327.82 427.06 424.88 0.552583
4 783.75 270.03 820.30 295.50 0.502967
6 1068.86 664.16 1174.98 764.37 0.483575
6 14.98 345.16 224.62 481.58 0.464349
4 1267.84 143.03 1301.54 155.27 0.444173
4 1322.90 18.65 1340.19 26.40 0.443790
4 1246.45 144.20 1271.17 160.16 0.440497
6 1048.92 158.06 1135.09 206.89 0.440412
5 819.66 244.14 863.84 297.23 0.434770
4 775.34 155.49 799.07 163.64 0.430951
5 781.14 270.39 821.27 296.73 0.425538
6 464.13 294.06 620.26 413.75 0.425080
6 1130.74 629.56 1231.15 760.56 0.416695
5 1067.19 664.12 1175.41 764.73 0.416508
5 1285.97 85.03 1325.59 107.23 0.402952
6 294.86 291.58 349.32 335.32 0.357418
6 844.85 160.35 895.64 216.53 0.347191
4 1201.91 108.48 1222.33 123.57 0.345586
5 1129.15 629.88 1231.50 759.56 0.329023
4 867.00 182.57 895.72 216.32 0.299643
7 1301.91 297.86 1359.30 358.65 0.275053
5 1338.22 186.17 1359.82 217.14 0.270936
5 295.52 292.27 347.55 335.35 0.267622
5 845.10 178.79 874.45 210.65 0.225294
7 776.71 434.79 895.64 718.40 0.168526
6 1350.58 104.30 1359.85 122.72 0.160680
