4 509.75 236.12 577.61 280.39 0.875639
4 208.91 411.44 309.68 479.69 0.781545
4 610.62 386.03 688.28 455.73 0.766314
4 603.32 220.34 668.27 267.37 0.760554
6 1138.69 363.02 1275.70 545.74 0.618072
4 546.48 236.03 577.87 260.22 0.570616
4 1008.08 53.52 1029.11 69.17 0.566423
2 836.37 668.60 947.30 743.59 0.540173
6 870.20 202.14 1263.66 656.59 0.479371
6 659.21 539.93 895.31 717.81 0.472126
3 835.68 405.02 911.00 501.25 0.438212
9 872.76 416.97 1125.80 653.53 0.434910
6 659.80 543.49 769.16 638.00 0.383874
4 872.02 11.38 886.16 20.56 0.347951
1 658.39 475.27 678.27 503.69 0.338181
9 622.09 120.83 838.61 238.71 0.333390
4 149.32 62.69 195.13 97.94 0.295129
3 835.69 461.40 868.45 501.78 0.212902
