4 674.90 583.51 773.19 648.73 0.912735
4 1265.86 350.47 1353.84 398.38 0.910355
4 1288.21 493.68 1382.84 548.10 0.904771
4 1089.88 544.93 1191.13 608.68 0.902711
4 1011.52 416.30 1098.69 460.60 0.899362
4 868.09 600.13 965.69 668.16 0.899346
4 1029.14 502.03 1112.97 555.67 0.898109
4 983.36 574.07 1078.83 634.75 0.895437
4 1024.17 869.09 1108.02 984.19 0.892208
4 1194.44 520.28 1295.47 579.49 0.891677
4 742.43 480.69 833.31 532.08 0.876971
4 1112.58 467.93 1207.35 530.45 0.865478
4 576.61 514.70 653.50 565.95 0.856351
4 1339.66 416.22 1399.52 474.47 0.848692
6 199.28 551.84 442.60 667.63 0.846115
4 1203.98 370.99 1263.86 413.70 0.841488
4 1189.50 820.35 1275.82 932.79 0.837795
4 1292.69 790.31 1382.76 906.06 0.810367
5 200.05 601.98 311.84 666.33 0.774148
4 1182.28 821.25 1268.46 895.65 0.773931
3 936.43 419.57 1005.86 464.20 0.746680
4 878.06 734.54 943.51 839.55 0.727501
4 1341.26 612.02 1397.89 705.78 0.709273
4 113.20 509.45 213.44 543.52 0.703363
4 1024.25 870.51 1079.23 895.77 0.696933
4 1077.49 682.94 1142.95 783.57 0.696555
5 308.65 556.13 441.64 633.61 0.693900
4 1271.26 624.31 1330.17 719.88 0.693422
4 1345.96 767.46 1399.61 876.70 0.681989
1 1132.29 433.37 1157.36 467.13 0.667477
4 1149.74 660.52 1211.53 755.72 0.640501
6 646.10 783.84 769.88 869.77 0.638979
1 561.84 867.43 582.65 928.18 0.624448
4 1213.63 639.09 1277.16 748.40 0.615869
7 645.79 782.01 771.58 870.09 0.536629
4 0.02 687.98 19.99 711.95 0.530258
4 942.21 720.71 1005.88 827.96 0.519498
4 707.55 785.05 769.41 838.95 0.516102
4 868.53 611.19 895.79 668.46 0.510805
4 0.02 656.30 30.22 711.77 0.430146
1 562.47 887.25 581.88 928.36 0.401056
1 1015.25 181.85 1026.91 201.68 0.381228
3 576.21 110.93 603.60 137.15 0.363689
4 409.07 49.77 436.97 66.71 0.362714
4 985.53 290.68 1001.03 307.90 0.357834
4 397.71 538.61 446.65 565.51 0.353949
4 1120.41 421.52 1155.77 442.65 0.353046
4 1055.80 94.24 1085.87 112.43 0.349839
3 936.23 426.63 970.84 464.34 0.317996
4 959.07 391.08 987.70 413.90 0.273000
4 276.82 234.01 318.15 263.54 0.268174
4 429.97 93.21 461.48 118.92 0.263595
1 472.54 14.42 488.53 51.83 0.256070
1 468.40 14.33 495.56 79.35 0.225880
4 998.74 703.94 1073.77 825.74 0.207810
4 1387.21 468.71 1399.87 512.03 0.157223
