6 707.65 442.92 1157.55 573.03 0.927824
6 1071.48 444.51 1359.91 540.88 0.926121
4 728.06 335.77 792.65 362.01 0.908069
6 567.76 266.36 790.06 336.81 0.864719
4 617.18 387.54 691.08 418.51 0.848641
6 1109.54 631.00 1359.40 764.36 0.818235
4 615.64 355.11 686.50 394.47 0.780882
4 757.87 384.92 836.05 422.03 0.777945
6 618.78 216.29 779.84 261.98 0.774090
4 485.44 215.56 520.28 236.32 0.767883
4 587.13 371.12 643.17 404.07 0.737766
5 505.94 187.32 553.21 214.06 0.710633
4 694.71 185.94 721.28 198.56 0.692642
1 857.27 394.37 871.58 427.18 0.687356
6 618.71 193.99 779.44 261.35 0.683584
4 731.90 184.70 762.77 199.72 0.661283
4 677.27 256.25 719.68 269.85 0.650720
1 841.68 336.76 852.37 363.75 0.631663
6 505.26 186.98 552.82 212.85 0.573534
6 509.37 152.50 574.89 190.21 0.566754
4 816.84 295.46 831.78 311.10 0.557519
6 638.45 192.80 740.02 227.48 0.551109
6 676.90 256.27 803.74 314.27 0.534594
9 1052.21 108.67 1233.84 143.39 0.507317
4 357.67 187.26 380.55 209.13 0.474838
6 492.70 176.61 533.73 198.20 0.442864
4 721.14 262.51 765.14 280.61 0.428331
4 817.61 295.35 829.95 306.42 0.424511
4 647.02 132.75 668.67 146.05 0.419895
6 790.70 179.99 1002.55 432.39 0.407795
4 422.22 249.68 449.90 283.28 0.350707
4 495.06 207.60 514.58 217.67 0.349221
6 770.61 263.93 803.67 313.98 0.276436
2 895.94 409.68 917.66 438.32 0.226949
2 793.56 220.70 801.54 241.12 0.216671
