4 737.36 371.94 769.65 407.34 0.821910
4 738.79 316.78 768.39 345.13 0.819810
4 581.97 220.79 607.89 242.60 0.818955
4 632.99 269.14 659.30 296.30 0.817967
4 784.39 125.14 809.96 135.46 0.814888
4 504.65 136.06 531.10 158.28 0.811089
4 442.01 468.87 479.35 492.12 0.778364
4 596.76 200.22 623.92 225.53 0.772125
4 794.03 569.19 828.28 635.23 0.763376
4 79.46 633.69 120.05 650.34 0.737783
4 267.43 153.15 290.75 170.90 0.724187
4 300.17 162.16 322.55 178.23 0.717911
4 701.49 584.77 736.03 640.61 0.715134
4 304.59 178.94 327.12 194.46 0.705761
6 732.71 23.45 801.70 47.73 0.578247
4 596.15 134.35 620.07 158.65 0.519689
4 777.77 56.00 799.67 66.98 0.518772
4 551.25 121.27 567.97 134.34 0.466167
4 937.51 589.46 958.59 607.31 0.442120
4 565.48 19.63 582.53 32.32 0.441506
4 852.50 38.87 872.51 49.06 0.416037
4 962.29 656.69 979.08 674.35 0.408213
4 811.57 38.50 825.95 48.24 0.394176
4 322.46 440.10 341.13 464.16 0.387472
4 363.32 133.01 384.73 156.38 0.377285
4 950.29 620.89 968.86 639.01 0.377168
4 878.85 43.76 893.68 53.05 0.350295
4 836.25 41.79 846.64 50.45 0.347044
4 835.76 39.24 847.36 49.59 0.330299
4 859.06 125.68 881.20 135.92 0.304617
5 557.78 486.27 576.23 520.77 0.303529
4 853.13 54.29 862.61 63.97 0.281178
2 882.50 120.10 892.11 136.51 0.256829
4 935.26 115.49 964.11 135.51 0.220872
6 734.72 111.99 760.78 135.05 0.213439
4 557.35 484.75 577.22 520.32 0.199128
9 578.08 123.98 620.62 159.10 0.141930
9 846.22 33.89 865.10 45.65 0.137929
