4 332.30 300.50 387.76 327.14 0.837015
4 828.36 109.69 851.59 137.47 0.747375
4 811.77 51.81 832.52 81.20 0.716476
4 766.77 0.17 782.92 17.64 0.705564
1 214.27 769.57 230.83 787.63 0.705509
4 694.78 601.97 729.97 678.62 0.667343
4 624.14 598.39 662.87 673.40 0.659227
4 611.31 709.10 656.85 787.53 0.658135
4 631.04 515.10 666.78 576.56 0.644547
1 265.77 735.87 283.96 765.11 0.604670
2 570.97 362.03 582.25 385.42 0.580003
2 517.21 456.86 529.36 479.75 0.565629
2 534.83 463.33 546.18 482.90 0.563101
2 545.81 424.41 557.00 444.54 0.551246
1 1155.41 326.46 1166.87 345.19 0.550658
2 100.23 764.41 117.29 787.52 0.539003
1 721.42 234.93 733.18 254.12 0.531704
4 809.83 152.00 833.39 191.20 0.529726
4 74.03 310.78 102.55 319.87 0.516838
2 543.52 453.93 554.95 476.96 0.515512
2 982.19 306.67 996.87 328.79 0.506994
4 692.15 509.12 724.54 577.76 0.505697
2 1057.09 516.17 1068.08 533.99 0.498474
4 801.28 120.59 811.84 136.81 0.476171
1 581.80 432.94 589.42 449.76 0.459457
2 583.12 273.17 592.78 289.00 0.448272
2 721.38 235.45 731.96 254.59 0.418835
2 1006.35 290.37 1020.14 310.41 0.415398
2 561.62 363.47 571.61 379.83 0.412945
2 284.62 269.19 294.63 291.41 0.396690
2 1082.44 621.93 1100.37 652.15 0.389784
2 581.43 432.62 589.53 450.03 0.388946
2 312.33 392.70 322.77 417.71 0.381694
2 624.57 256.11 633.89 274.97 0.367626
2 763.18 223.94 771.63 241.68 0.346855
7 293.65 408.82 331.43 440.70 0.345689
4 780.60 33.81 788.80 44.86 0.344351
2 789.49 237.17 800.85 267.75 0.342864
2 1155.45 326.79 1166.66 344.81 0.303179
6 1126.60 132.06 1156.30 145.80 0.301549
4 789.70 103.20 800.08 110.62 0.294208
2 849.80 450.00 858.08 474.32 0.286716
2 1355.75 318.46 1366.93 337.28 0.273081
4 838.21 469.20 857.58 488.18 0.269558
6 514.69 169.41 587.55 244.25 0.254727
4 807.86 32.86 815.12 44.93 0.253734
2 648.60 96.34 655.76 112.73 0.248417
2 668.66 203.30 676.43 219.69 0.241506
6 0.26 140.51 130.39 528.13 0.204300
6 1059.42 132.69 1073.87 144.94 0.182725
