4 810.89 544.06 851.06 570.81 0.857406
4 262.63 606.53 313.03 625.58 0.828527
4 212.22 585.21 258.26 603.83 0.813632
4 450.05 466.06 494.43 487.54 0.773509
4 990.08 592.11 1030.91 611.71 0.764815
4 414.27 628.71 459.50 648.25 0.739015
4 306.95 632.02 347.76 650.63 0.732300
4 284.87 678.10 329.16 697.62 0.730174
4 221.00 679.09 267.80 700.39 0.722213
4 125.68 659.29 175.17 680.67 0.722068
4 252.44 657.37 294.97 675.35 0.720990
4 343.38 677.31 385.79 696.41 0.719831
4 476.35 406.07 514.35 424.70 0.714712
4 197.74 656.48 240.98 678.07 0.713321
4 877.16 572.45 922.10 595.18 0.697721
4 403.98 673.44 446.20 691.18 0.694909
4 410.56 654.80 452.22 671.63 0.692533
4 356.79 654.97 395.10 672.02 0.684476
4 159.98 677.55 206.85 698.27 0.679699
4 308.56 656.32 345.36 673.53 0.679320
4 416.15 452.62 450.54 470.96 0.669158
4 938.38 589.91 975.68 609.67 0.668599
4 881.74 590.64 923.97 612.57 0.658957
4 618.37 433.63 636.85 467.05 0.657474
4 466.60 437.27 496.33 454.66 0.649328
4 353.79 629.63 395.08 650.69 0.640459
4 280.07 456.90 306.82 483.26 0.639819
4 513.58 153.97 542.87 165.99 0.635457
4 858.56 669.98 895.48 695.52 0.616498
4 1312.20 567.89 1353.87 588.23 0.605893
4 637.30 70.62 652.27 94.09 0.605690
4 1047.06 570.11 1097.03 590.61 0.601840
4 314.23 448.77 337.00 463.89 0.601650
4 945.69 573.22 983.39 591.98 0.578303
4 1124.63 634.16 1177.15 678.17 0.565373
4 428.15 721.24 463.30 738.79 0.561225
9 204.17 419.92 329.45 462.13 0.556890
4 492.18 276.67 533.73 307.01 0.551626
4 1130.48 657.88 1176.92 677.72 0.533206
4 783.22 680.93 824.40 719.68 0.532560
4 1088.07 586.68 1131.97 608.61 0.521775
4 429.62 720.51 462.04 732.19 0.511970
4 1236.30 633.99 1297.43 655.83 0.505901
4 313.94 445.79 336.82 461.57 0.500763
4 467.39 438.51 486.52 453.31 0.496107
4 510.80 133.01 550.36 166.17 0.492630
4 255.90 504.25 277.97 536.07 0.492350
6 0.53 791.59 447.42 1049.06 0.490618
4 706.77 909.09 730.49 960.39 0.487163
4 1045.06 589.94 1083.19 609.44 0.485382
4 505.26 189.54 539.88 221.44 0.476106
4 517.53 133.36 549.58 149.09 0.447475
4 1124.81 634.02 1166.48 655.16 0.439499
4 511.15 146.00 541.89 165.64 0.439466
3 1.93 501.70 68.89 548.03 0.436190
4 876.88 573.72 895.80 596.20 0.434718
2 492.79 752.11 504.58 768.65 0.413165
4 886.19 614.30 926.94 635.16 0.411931
4 585.41 183.14 611.08 201.13 0.403996
4 504.84 243.38 539.67 272.58 0.403804
5 618.90 433.67 636.35 466.76 0.393888
4 516.66 99.87 542.31 118.29 0.388642
4 702.51 828.06 725.71 876.96 0.388550
4 1044.21 569.77 1131.75 609.47 0.386667
4 643.26 12.45 659.70 36.79 0.383340
4 351.65 717.68 389.76 740.58 0.379783
4 794.97 271.15 827.28 297.64 0.372879
5 640.62 415.01 657.81 447.19 0.364308
9 700.32 418.51 791.87 460.39 0.353776
2 376.34 451.42 388.53 465.24 0.345832
4 652.15 157.69 669.99 184.00 0.341428
6 788.55 241.50 830.78 298.32 0.339985
1 594.09 480.67 602.83 499.07 0.339325
4 881.66 594.15 895.85 613.34 0.338867
1 336.35 455.50 346.21 470.30 0.335969
4 519.23 13.87 549.27 47.25 0.323674
5 757.44 846.49 780.93 898.00 0.322748
2 472.74 746.74 488.46 766.89 0.317584
6 640.68 415.16 657.86 447.25 0.283066
4 885.65 615.16 895.86 635.81 0.273387
4 519.14 81.80 548.45 102.31 0.254029
4 620.52 327.73 637.51 358.70 0.229843
5 702.64 828.92 725.39 876.61 0.226402
6 600.30 361.03 618.05 391.26 0.197565
