4 835.62 1032.00 868.76 1049.80 0.802160
4 42.73 994.08 67.35 1028.43 0.714347
4 791.36 901.72 817.86 927.86 0.687637
4 761.38 855.44 789.82 878.08 0.687068
4 1222.38 909.78 1291.86 947.78 0.686070
4 792.46 683.38 821.91 704.93 0.684623
4 109.15 986.54 132.08 1022.20 0.659106
4 783.49 869.33 810.36 890.82 0.645041
4 709.24 745.05 739.09 766.63 0.639941
4 68.98 986.21 88.27 1015.37 0.636006
4 745.27 818.25 775.82 841.13 0.621059
4 740.74 805.27 767.42 829.20 0.615779
4 798.65 924.70 826.25 954.74 0.605656
4 775.84 642.63 805.93 663.97 0.598475
4 87.13 982.81 109.65 1018.51 0.593756
4 907.40 1033.48 934.62 1049.75 0.592267
4 715.89 759.09 744.03 783.47 0.580967
4 757.84 837.60 787.13 860.83 0.578584
5 593.98 622.19 626.69 640.72 0.575224
4 693.71 712.66 726.12 734.08 0.574353
4 701.80 731.61 730.58 750.28 0.571328
4 727.39 781.56 755.36 807.76 0.568053
4 808.08 708.24 832.10 722.92 0.555307
4 555.94 631.40 587.35 653.94 0.550294
4 161.01 570.87 188.19 586.61 0.547276
4 210.96 622.69 225.68 635.24 0.546507
4 75.28 684.65 98.72 698.74 0.533826
4 440.27 927.47 468.56 950.02 0.533185
4 174.95 607.69 192.11 620.77 0.522705
4 585.34 786.49 627.26 820.17 0.468906
4 185.08 622.66 202.55 639.46 0.460316
4 39.40 651.95 68.61 668.93 0.448262
4 845.88 1002.33 863.50 1019.51 0.441602
5 610.35 634.59 657.96 655.36 0.417605
4 238.76 886.97 256.03 904.92 0.403907
2 247.10 823.17 301.84 889.76 0.377782
6 777.67 702.84 842.25 750.60 0.373628
2 341.03 879.16 362.87 895.58 0.368238
2 485.15 1017.82 506.34 1044.89 0.355208
4 683.32 684.69 711.05 704.02 0.343104
4 190.50 254.87 214.30 269.58 0.332868
4 573.13 653.38 591.56 667.16 0.331911
4 641.73 454.46 658.57 468.07 0.321921
6 185.96 88.38 293.35 211.22 0.297285
4 583.90 369.92 597.85 383.04 0.280908
2 539.80 545.71 595.14 617.03 0.276223
2 547.67 597.00 561.40 621.21 0.270629
6 504.07 154.40 627.87 327.82 0.200507
