4 947.51 720.64 972.70 754.08 0.880167
4 743.20 722.27 767.57 757.68 0.865376
4 992.26 483.01 1017.89 512.59 0.861355
4 1040.73 516.48 1065.82 542.84 0.850193
4 1067.39 575.40 1094.97 604.34 0.845382
4 451.72 670.27 491.15 707.12 0.787343
4 808.26 194.51 823.00 213.16 0.767841
4 720.55 211.49 734.07 228.71 0.717683
4 831.10 210.53 844.32 228.11 0.713886
4 714.56 166.59 726.77 180.45 0.710460
4 676.75 487.88 691.32 509.95 0.651607
4 876.18 307.27 891.15 326.56 0.645138
5 707.64 579.32 754.97 658.47 0.630496
4 645.86 7.08 655.89 18.86 0.590893
4 697.67 536.57 714.76 565.47 0.589218
4 731.15 549.51 747.37 578.15 0.548530
4 243.16 747.41 257.36 763.67 0.546765
4 773.85 133.90 784.44 146.09 0.514425
4 714.50 527.32 732.29 556.42 0.511306
4 739.15 80.71 748.86 91.60 0.503561
4 674.97 445.44 688.98 468.65 0.474933
4 1252.00 0.25 1300.56 24.89 0.460115
4 1120.76 711.47 1159.06 750.56 0.430680
4 870.29 297.40 884.04 308.94 0.429884
6 692.07 393.88 722.80 469.74 0.429686
4 662.88 429.54 677.10 454.17 0.413870
6 1100.22 613.59 1154.83 673.63 0.412140
4 633.22 113.02 645.40 126.90 0.395063
4 677.36 417.05 692.18 440.75 0.376244
4 671.40 393.27 684.84 414.02 0.363381
4 652.30 655.70 666.59 669.22 0.359507
4 635.53 267.62 647.92 284.65 0.358771
4 635.88 244.31 647.28 260.68 0.353916
4 691.98 444.52 709.38 469.30 0.352886
4 628.11 227.77 639.30 242.28 0.340118
4 640.63 218.87 651.66 234.07 0.331705
4 660.11 270.75 673.36 291.18 0.331517
4 649.45 170.55 660.42 185.38 0.319095
4 661.97 316.75 673.07 329.16 0.285425
6 636.50 293.42 659.46 359.24 0.283333
4 640.05 202.87 650.40 216.24 0.277651
4 674.42 271.61 687.81 286.52 0.269722
4 682.54 314.33 696.00 329.85 0.260229
4 623.82 205.42 634.83 220.90 0.258023
4 651.95 252.85 663.70 269.97 0.257086
6 686.63 351.09 709.86 401.64 0.253714
4 654.68 293.40 669.96 313.24 0.253497
4 653.19 359.56 666.33 379.19 0.251259
4 622.55 123.46 633.35 136.28 0.250992
4 655.90 382.01 669.77 402.38 0.247183
5 1247.65 0.17 1300.37 24.37 0.245843
4 650.17 235.72 662.05 251.06 0.241091
4 609.20 108.44 618.50 120.86 0.238767
4 617.71 92.32 626.49 104.86 0.235643
4 601.30 61.73 612.14 74.14 0.234478
4 620.26 189.20 633.07 205.37 0.230077
6 677.64 288.67 699.57 333.68 0.221300
6 658.45 328.42 676.79 363.48 0.190008
