4 383.43 1018.71 421.81 1044.64 0.842214
4 400.21 983.33 436.36 1012.78 0.827975
4 800.29 713.42 816.64 743.16 0.819810
4 813.72 764.49 836.61 797.54 0.817597
4 573.55 1009.97 593.93 1049.09 0.788043
4 634.04 609.92 657.99 627.70 0.787771
4 449.55 766.67 482.46 787.84 0.787611
4 506.07 945.05 550.73 976.94 0.786127
4 790.80 666.56 806.45 693.62 0.770871
4 792.67 237.30 809.49 245.98 0.764180
4 831.44 514.36 844.79 536.14 0.758892
4 134.57 622.30 158.67 641.31 0.752255
4 563.30 932.23 593.45 960.92 0.752108
4 623.24 643.53 647.19 662.77 0.733391
4 650.13 581.70 669.40 603.35 0.727021
4 529.18 671.80 557.68 690.62 0.720089
4 822.47 815.57 852.78 845.17 0.718930
4 827.02 480.76 839.45 502.62 0.718352
4 203.45 747.49 224.11 764.77 0.709785
4 465.34 651.91 495.22 670.29 0.665714
4 749.63 340.52 770.04 350.22 0.655152
4 613.11 668.54 639.13 690.21 0.655105
4 785.68 250.11 802.80 261.31 0.610995
4 757.77 321.99 772.84 334.15 0.606229
4 46.54 834.43 68.03 851.49 0.592709
4 623.06 792.97 637.40 810.73 0.586402
4 591.90 591.78 607.28 605.27 0.577859
4 694.29 591.12 717.19 602.90 0.565720
6 358.94 661.01 486.72 786.47 0.563667
4 506.57 752.98 528.30 784.66 0.561523
4 705.62 272.63 720.49 283.13 0.556462
4 823.23 815.00 845.13 839.13 0.555033
4 655.06 641.36 678.33 662.93 0.553209
4 766.46 308.27 781.32 320.11 0.541002
4 504.01 686.32 517.17 716.44 0.535156
4 771.28 259.51 791.81 273.77 0.525754
4 878.59 255.15 897.62 264.27 0.518269
4 676.74 523.28 690.19 543.62 0.508897
4 503.70 651.25 530.21 670.63 0.500941
4 633.71 477.26 648.13 492.43 0.499975
4 911.78 162.77 927.74 188.11 0.488853
4 883.78 620.61 907.74 642.05 0.487628
4 379.45 970.64 401.28 994.93 0.483625
4 533.56 88.11 561.02 102.32 0.477466
4 590.91 347.28 616.83 364.77 0.475676
4 720.39 293.03 741.77 305.79 0.473985
4 506.40 769.05 518.78 785.16 0.473244
4 836.65 448.42 852.02 466.34 0.472615
4 839.77 390.35 855.53 409.79 0.470984
4 654.89 562.70 668.15 574.16 0.465182
4 644.87 663.35 666.49 685.99 0.454858
6 621.40 82.38 667.36 105.21 0.451739
4 680.83 186.03 697.12 195.31 0.448678
4 677.98 582.96 694.41 597.66 0.448417
4 334.79 1000.92 347.78 1013.94 0.444840
4 835.09 426.08 859.80 466.23 0.437558
4 627.24 811.52 646.73 846.29 0.435563
4 611.91 812.12 632.12 845.32 0.433161
4 400.74 215.39 421.44 228.36 0.422165
6 1155.91 187.02 1265.93 346.89 0.419453
4 875.66 303.63 896.41 336.35 0.417559
4 752.94 384.27 773.80 402.44 0.417087
4 268.99 952.47 280.05 965.06 0.414922
4 957.41 53.88 965.42 64.64 0.406924
4 929.04 396.84 940.56 409.43 0.390052
4 573.73 1007.56 625.14 1049.00 0.387466
4 962.99 0.00 973.94 9.22 0.376065
4 877.00 319.43 890.57 335.06 0.368630
4 717.71 170.62 735.94 187.54 0.368515
4 580.47 26.06 597.26 41.29 0.365093
4 1215.32 168.42 1227.61 182.56 0.361679
4 1228.21 333.80 1251.09 349.61 0.355173
4 495.18 587.56 514.18 603.01 0.355010
4 934.53 219.18 948.49 232.66 0.347985
4 1017.44 241.66 1030.69 259.48 0.347025
5 835.41 426.66 859.90 466.28 0.346982
4 839.56 363.02 864.81 410.27 0.333107
4 678.69 25.49 694.09 38.97 0.332582
4 1146.30 353.10 1165.95 375.65 0.329430
4 783.09 316.17 803.16 326.68 0.327965
2 801.81 954.95 820.66 988.62 0.325604
4 923.43 375.89 949.48 413.53 0.321331
4 719.86 540.67 736.71 556.21 0.317689
4 755.58 443.31 764.69 458.26 0.316373
4 736.02 622.22 751.12 640.13 0.313717
4 940.71 376.02 949.42 389.51 0.311683
4 880.32 741.33 898.80 767.96 0.310034
1 1053.18 854.76 1084.18 895.12 0.308569
5 473.82 680.59 516.84 717.45 0.298376
4 743.65 384.00 753.92 395.07 0.296379
4 662.17 549.51 673.39 564.62 0.288303
4 670.20 548.70 685.73 566.30 0.287546
5 675.55 626.62 702.98 678.16 0.283255
6 628.34 812.64 646.79 846.82 0.278233
4 699.54 811.13 713.45 836.26 0.277346
3 901.55 363.28 922.22 394.35 0.273707
4 771.91 278.66 784.29 292.33 0.261364
6 790.91 199.30 810.60 215.70 0.259265
6 771.93 323.89 808.34 354.71 0.254553
4 880.89 12.19 892.11 21.36 0.252799
6 657.27 161.64 706.30 185.46 0.245922
6 718.08 170.32 735.98 188.67 0.222055
6 670.66 154.78 769.12 259.74 0.217353
6 640.38 891.09 688.68 1012.05 0.211113
4 1105.22 89.01 1120.13 103.04 0.207521
9 876.19 303.23 896.10 335.76 0.204517
6 527.32 434.97 648.95 685.26 0.199164
3 807.61 251.57 821.32 279.09 0.198835
6 528.05 560.50 607.50 682.09 0.191794
9 839.18 362.85 864.91 410.03 0.177905
6 582.44 1.21 607.01 25.09 0.173799
