4 330.47 990.35 453.09 1140.56 0.909521
4 109.92 1288.51 305.14 1499.13 0.867095
4 874.96 205.31 923.89 267.65 0.865052
4 697.86 440.25 786.01 542.40 0.853224
4 805.23 128.27 861.31 168.51 0.846297
1 313.18 917.13 355.01 971.51 0.840270
4 1449.01 147.97 1484.96 187.25 0.838092
4 1238.33 199.12 1282.10 260.65 0.810000
4 913.40 148.65 958.39 199.31 0.785746
4 1310.39 218.91 1357.20 277.72 0.783225
4 803.68 49.29 852.42 91.66 0.779490
4 1454.94 231.04 1494.12 284.64 0.776544
4 848.56 58.55 888.13 98.64 0.770055
4 1305.41 3.55 1341.98 45.46 0.737013
4 1019.43 0.00 1053.12 27.19 0.736253
4 1459.26 362.17 1508.67 428.20 0.725692
4 1303.39 75.16 1345.02 120.51 0.705558
4 1465.09 439.90 1536.40 508.79 0.703726
4 1239.99 76.81 1277.12 123.39 0.696744
10 1525.44 1072.47 1660.97 1334.28 0.663280
4 867.68 0.39 910.16 22.58 0.628458
1 1016.91 110.98 1030.49 141.66 0.616884
1 999.18 104.61 1013.26 139.18 0.598063
1 1452.78 205.75 1478.43 240.80 0.597065
1 1496.06 217.38 1513.71 258.60 0.586280
1 1517.20 255.51 1539.32 293.80 0.585235
4 876.70 206.92 895.84 264.98 0.577525
4 1445.58 41.55 1478.21 77.11 0.577506
4 1216.20 359.28 1276.79 447.56 0.550432
10 1222.02 1110.68 1311.87 1336.49 0.539738
1 1409.48 223.61 1431.76 266.63 0.523306
1 1519.82 255.04 1543.69 298.10 0.522976
4 865.10 0.15 895.70 22.17 0.522860
6 1525.69 1071.56 1660.29 1334.97 0.520856
1 1415.04 226.07 1430.42 253.99 0.500125
4 1447.90 16.45 1474.31 43.84 0.475253
1 420.17 647.68 451.00 695.57 0.463832
3 760.65 336.16 797.78 360.22 0.449914
4 1448.74 0.14 1475.38 17.11 0.431029
3 1569.68 207.33 1604.14 280.39 0.430971
4 1222.27 1111.06 1312.50 1335.76 0.427151
4 1229.10 365.19 1275.91 445.12 0.424873
1 1522.08 284.92 1542.44 339.09 0.403847
1 1439.75 248.14 1457.06 287.76 0.400537
1 970.79 48.19 986.30 74.66 0.387721
2 1571.39 209.32 1597.01 243.16 0.376226
9 0.35 816.26 295.43 1265.89 0.370178
3 1522.69 277.82 1543.12 305.48 0.367651
4 915.41 11.71 943.14 44.28 0.345436
3 1571.95 229.05 1602.09 280.86 0.336118
4 763.62 121.45 804.48 168.03 0.328392
1 1435.47 249.42 1455.34 293.35 0.319250
4 716.23 652.36 751.96 720.20 0.307229
4 970.73 49.40 987.48 73.60 0.306430
3 1522.90 280.38 1544.06 339.25 0.299734
1 63.61 1045.97 104.00 1096.68 0.288864
3 1407.20 246.70 1425.80 267.86 0.271436
10 1543.39 1125.19 1611.73 1330.05 0.260541
4 1313.94 74.08 1339.25 97.20 0.208764
4 765.86 0.00 780.41 24.17 0.205046
4 775.94 120.54 801.21 149.48 0.200265
6 1445.49 1.08 1478.70 77.70 0.189549
4 930.16 20.38 941.40 42.15 0.177089
