4 834.43 869.75 1139.78 1095.45 0.979749
4 937.78 132.31 1191.41 359.55 0.970154
4 0.38 876.57 233.62 1032.87 0.903972
4 165.71 307.70 543.55 485.69 0.871243
4 999.27 612.71 1371.47 824.14 0.870713
4 176.49 48.80 450.11 220.39 0.855637
4 1887.99 1071.68 1999.27 1406.46 0.840605
5 325.80 604.23 511.30 883.88 0.797695
4 0.33 761.53 291.86 895.50 0.793967
4 820.15 1127.20 1097.32 1375.49 0.753919
5 958.23 0.00 1230.00 80.63 0.750583
4 1104.13 100.01 1191.57 280.24 0.733790
4 834.27 956.15 895.66 1095.03 0.706503
10 819.73 1126.22 1099.15 1376.53 0.634837
4 1791.09 146.59 1997.65 350.39 0.593467
4 326.85 590.09 512.97 883.61 0.574113
4 1931.35 517.92 1999.06 638.28 0.549232
1 1134.27 1419.63 1176.87 1498.99 0.527208
7 0.62 1069.83 304.40 1498.92 0.526097
4 1874.87 1070.49 1999.43 1499.05 0.523151
1 869.82 981.63 931.98 1066.50 0.518667
4 1025.93 870.47 1121.45 895.48 0.493347
7 0.29 758.63 319.79 1498.49 0.446160
10 1791.98 147.53 1997.74 350.34 0.382134
6 1104.48 375.31 1342.58 595.17 0.378403
7 220.64 583.61 324.38 779.46 0.302513
4 1104.04 850.85 1140.67 993.95 0.259519
5 1233.09 399.47 1342.27 582.42 0.232194
