4 794.84 201.22 963.66 300.42 0.946804
4 571.04 245.47 745.93 353.56 0.925408
4 781.71 112.54 944.69 209.35 0.922467
4 1041.32 47.81 1205.77 151.35 0.921707
4 1016.29 149.77 1179.84 244.87 0.921380
4 781.82 154.15 895.59 209.70 0.871388
5 541.67 158.70 731.73 271.76 0.864766
4 164.82 745.80 333.66 943.70 0.762307
4 1261.39 504.62 1392.57 611.80 0.687837
9 382.52 481.65 1398.44 1046.36 0.669342
1 298.32 422.47 372.88 664.04 0.251565
10 298.30 422.54 374.51 664.83 0.191113
10 351.76 44.06 406.68 97.96 0.136359
