4 1414.93 271.66 1718.03 484.19 0.974027
4 1079.94 807.52 1342.75 895.61 0.971686
4 1104.33 807.69 1344.28 1073.96 0.968391
4 1761.07 690.74 1999.44 955.53 0.965789
4 1842.62 128.05 1999.50 362.86 0.950914
4 987.72 808.30 1344.14 1089.09 0.937115
4 1166.07 1208.53 1710.58 1498.55 0.934958
4 1415.38 281.01 1611.58 485.11 0.916629
4 880.98 617.39 1225.16 858.03 0.912080
4 972.30 0.13 1110.21 66.26 0.909994
6 1281.50 136.10 1571.25 353.90 0.908531
5 1077.82 0.11 1341.78 141.97 0.905657
4 1507.97 438.84 1611.77 612.26 0.898060
4 1667.52 0.16 1820.38 137.71 0.876018
5 1199.46 26.88 1440.00 206.83 0.871463
4 1104.20 617.60 1224.58 792.58 0.816092
4 1510.66 354.75 1848.21 610.19 0.802412
4 611.38 610.77 679.59 704.63 0.746533
1 535.73 401.29 608.13 490.86 0.715918
1 484.76 920.06 584.04 992.55 0.587721
2 534.43 403.48 608.08 494.70 0.572891
3 776.56 942.55 841.56 1013.32 0.563789
3 551.86 145.13 588.12 200.57 0.550453
1 774.10 413.25 796.80 447.35 0.546857
3 722.06 395.08 833.16 476.79 0.544250
3 676.13 469.37 771.45 550.15 0.542184
2 442.21 287.08 549.69 364.97 0.541427
7 548.38 125.53 650.73 202.78 0.528756
3 383.95 128.14 482.46 202.43 0.509212
7 437.22 282.26 575.72 370.76 0.495247
6 660.83 693.31 734.42 775.08 0.482756
4 716.13 703.92 736.62 770.97 0.482493
7 741.22 224.73 823.63 323.22 0.467875
10 661.92 693.97 736.37 773.40 0.450350
7 722.94 190.18 823.79 322.46 0.443019
3 808.75 1049.29 851.01 1098.99 0.432194
3 384.36 129.20 424.73 201.69 0.420526
7 483.46 303.37 575.44 373.63 0.419813
7 527.27 487.45 594.51 574.17 0.386384
1 629.86 495.73 664.95 550.35 0.384967
2 498.61 289.48 545.59 336.42 0.375667
1 555.23 121.05 582.99 171.88 0.371152
2 484.92 925.05 528.48 991.54 0.344327
3 717.18 394.08 832.84 506.56 0.342754
3 722.80 394.88 772.76 469.83 0.322258
1 1332.10 286.94 1376.56 322.90 0.318952
2 570.79 780.61 633.26 833.92 0.318772
7 429.08 147.70 482.54 191.73 0.311706
3 773.80 411.19 833.08 457.76 0.268390
10 785.15 1004.57 820.47 1050.39 0.256551
3 716.34 442.93 783.77 505.06 0.250645
7 586.88 137.76 650.10 190.02 0.209598
2 534.64 456.89 569.97 495.81 0.198749
10 1201.09 230.60 1243.01 292.15 0.160101
