3 1521.40 711.13 1599.79 776.82 0.965235
3 1749.58 845.98 1843.94 909.88 0.935030
3 1188.22 584.98 1233.83 632.19 0.912675
2 685.56 726.15 719.09 784.29 0.891221
2 857.06 688.32 892.68 767.88 0.887594
2 814.39 661.87 849.21 698.71 0.875536
2 1100.45 565.10 1128.98 623.17 0.817111
2 899.18 685.83 933.69 736.39 0.817017
3 1406.78 521.97 1461.63 587.77 0.813741
3 908.23 768.96 952.80 822.02 0.789682
2 923.60 546.48 946.36 594.52 0.786871
2 865.29 623.13 895.50 679.38 0.782569
3 996.14 896.96 1038.96 944.26 0.781660
2 997.40 833.00 1025.75 889.41 0.770549
2 965.65 742.30 993.44 787.90 0.749635
2 1016.68 792.44 1047.90 853.23 0.748958
2 895.16 520.41 919.17 588.28 0.702869
10 280.36 1027.47 603.01 1298.19 0.685429
2 773.35 636.67 808.19 677.93 0.682264
2 972.78 802.66 999.22 872.44 0.665623
2 1036.86 759.14 1074.47 816.63 0.629577
2 719.81 618.69 1081.24 944.58 0.624598
2 884.18 639.24 906.01 694.70 0.621458
2 727.40 622.71 759.87 680.49 0.616583
2 683.44 758.00 701.20 797.64 0.612797
2 1033.33 843.62 1071.96 887.07 0.612162
2 207.71 277.72 246.04 347.68 0.597529
2 941.68 721.89 962.24 762.32 0.588617
3 1428.02 526.00 1460.81 588.27 0.565658
7 909.10 769.44 951.46 821.65 0.538670
3 1101.34 603.86 1124.21 623.28 0.535000
1 1104.08 565.27 1128.42 622.30 0.500755
2 960.87 713.87 989.19 760.83 0.491731
2 206.57 279.17 236.46 337.42 0.485969
2 1400.99 466.02 1434.91 568.04 0.481229
7 1036.41 758.39 1079.57 819.15 0.472614
3 1039.01 793.50 1078.69 819.93 0.464091
3 682.90 752.49 711.78 797.46 0.441646
1 866.24 620.29 905.58 679.10 0.435714
2 763.66 634.77 781.39 669.43 0.401357
2 949.39 837.97 967.60 878.38 0.397101
1 1406.96 515.80 1431.18 571.23 0.376832
2 755.43 632.97 780.19 672.22 0.373526
7 920.30 726.45 967.57 768.09 0.338990
2 959.39 713.62 993.35 787.15 0.312607
7 1033.64 845.70 1071.99 888.93 0.309127
2 983.60 801.21 1000.81 832.34 0.242753
7 745.47 625.35 769.24 668.66 0.182995
