3 911.65 390.41 968.75 423.62 0.959894
4 301.01 208.38 419.88 258.91 0.937699
4 572.07 156.63 657.14 196.34 0.926674
4 0.27 623.43 144.28 766.84 0.921987
9 428.25 87.25 577.26 173.76 0.901808
4 810.01 90.54 857.45 122.11 0.845425
3 245.42 778.05 362.07 861.89 0.838049
1 721.10 598.73 769.75 657.63 0.833828
3 512.41 317.15 535.01 358.01 0.823095
2 586.77 719.79 629.20 804.79 0.816886
2 994.00 398.98 1020.58 457.73 0.794095
1 928.40 369.68 957.05 430.68 0.786008
2 721.25 598.04 770.91 657.87 0.774703
2 549.48 281.85 575.23 331.71 0.764526
1 587.19 719.11 630.39 804.30 0.762192
4 1180.09 53.46 1235.05 76.47 0.743444
1 993.96 399.62 1020.32 457.97 0.734140
2 921.55 275.08 938.68 322.56 0.729656
6 775.84 71.99 1002.30 286.62 0.709213
1 467.38 829.24 509.99 895.52 0.702065
6 775.24 154.54 895.57 287.02 0.693972
4 0.03 434.71 28.18 485.78 0.691517
2 26.20 381.60 64.50 445.21 0.677474
1 549.51 281.48 574.60 331.94 0.676901
4 1177.73 86.08 1254.45 110.79 0.664438
1 26.02 381.17 65.67 445.47 0.651769
1 466.41 828.99 513.43 922.54 0.651090
4 1177.13 86.98 1255.58 119.37 0.648804
1 921.12 274.18 939.45 321.68 0.634132
2 930.31 370.21 957.27 426.81 0.626458
4 536.45 121.07 596.09 163.18 0.621511
3 497.13 316.00 534.81 363.19 0.620307
4 584.09 131.85 643.60 161.58 0.617746
6 401.55 50.95 586.28 127.86 0.587251
2 548.25 188.04 563.98 225.44 0.585228
4 598.91 107.63 651.83 136.33 0.551971
1 776.11 133.57 787.97 159.26 0.547352
4 573.89 131.46 646.35 166.78 0.543133
4 576.10 102.17 611.83 128.00 0.536599
4 0.04 587.36 22.59 635.28 0.535420
5 434.25 153.83 525.30 174.10 0.525588
4 953.05 32.47 978.82 56.10 0.523316
2 511.51 304.01 534.47 351.38 0.518314
2 560.13 189.30 576.47 225.41 0.508871
1 430.57 853.83 469.35 943.22 0.498662
4 1122.36 71.39 1161.79 94.79 0.492944
3 820.51 622.85 871.84 689.13 0.490274
3 751.66 610.89 785.57 654.62 0.487555
6 776.61 226.42 872.08 287.06 0.487206
4 1070.91 136.60 1125.64 164.49 0.475836
2 936.24 156.66 948.96 188.43 0.464088
5 665.12 23.43 699.59 56.88 0.452688
2 436.74 829.04 512.94 942.98 0.441522
4 628.49 79.12 679.30 111.13 0.437096
5 953.81 32.65 977.93 55.11 0.434917
3 504.99 309.33 564.56 355.13 0.432536
2 799.62 615.95 823.94 639.40 0.396081
4 637.96 112.90 692.66 141.56 0.391133
2 775.97 133.54 788.69 159.01 0.390943
2 430.25 854.39 462.60 895.81 0.373680
4 879.62 120.46 895.93 149.35 0.366682
4 1167.95 83.55 1200.42 106.83 0.335652
4 870.08 22.96 894.11 41.58 0.313289
4 913.74 155.37 940.26 169.65 0.312354
4 810.30 205.62 851.75 234.13 0.310209
5 627.52 78.88 679.67 112.56 0.303188
4 651.62 93.68 695.84 117.25 0.298803
2 1017.63 44.77 1027.53 67.32 0.295598
2 867.69 36.39 879.81 64.83 0.292001
4 691.76 96.64 741.90 123.14 0.287265
4 1134.23 0.10 1154.21 13.68 0.282916
2 953.12 170.46 964.87 193.94 0.281153
2 588.48 194.81 602.20 228.63 0.278378
4 1351.86 230.90 1390.10 261.22 0.275757
4 774.54 70.95 822.49 98.85 0.264853
2 587.69 178.06 605.20 225.49 0.256289
2 911.39 171.96 926.37 216.67 0.255871
3 696.84 795.74 735.31 849.88 0.252882
2 879.94 200.74 894.55 222.71 0.248146
4 869.76 37.29 895.80 64.20 0.239778
9 438.63 79.67 508.13 112.02 0.229179
4 1224.64 33.43 1250.09 53.85 0.228328
4 698.19 35.09 712.23 53.13 0.221273
2 800.80 616.30 847.37 687.18 0.218463
2 1061.67 61.09 1071.83 84.38 0.213222
2 1101.97 28.29 1113.52 51.67 0.204808
2 513.23 303.52 533.00 339.10 0.187022
2 875.85 201.86 896.58 272.26 0.183765
7 1010.56 147.53 1057.51 187.04 0.170963
9 820.33 6.21 878.71 41.39 0.156075
9 818.91 17.00 845.77 39.07 0.133551
