4 648.34 1015.26 686.19 1049.77 0.811415
4 602.76 183.69 620.96 211.08 0.799720
4 658.38 109.63 672.67 127.88 0.774614
4 808.83 717.58 840.48 758.64 0.719514
4 857.15 182.12 877.93 207.36 0.672716
4 869.48 876.52 895.56 895.46 0.634452
4 809.31 731.00 841.07 759.42 0.597465
4 362.65 43.70 381.34 63.50 0.541773
5 349.09 268.15 409.57 378.19 0.505300
6 349.71 267.77 409.42 377.84 0.489064
4 694.86 415.85 715.49 456.67 0.445685
4 1203.90 946.31 1222.86 969.96 0.442134
2 825.50 997.86 841.52 1020.29 0.435227
4 742.25 66.30 762.66 82.91 0.433141
4 756.65 21.40 767.42 35.02 0.429869
6 384.40 0.34 541.46 99.04 0.413390
2 46.24 140.57 59.80 161.66 0.393333
4 784.59 15.48 804.12 33.10 0.385833
4 784.43 17.64 795.14 30.22 0.369427
4 1070.77 386.86 1096.24 407.01 0.368890
4 694.27 991.90 706.53 1008.57 0.364595
4 1138.00 20.37 1159.32 33.24 0.355971
2 670.82 0.21 678.67 11.45 0.263403
5 518.89 479.29 569.05 537.21 0.187518
6 970.65 8.92 1019.96 60.94 0.177347
9 824.71 1.24 870.27 34.94 0.126620
