4 1039.77 543.82 1209.35 630.78 0.974091
5 940.72 466.67 1110.05 568.59 0.938727
6 831.20 345.44 991.18 449.37 0.927292
4 775.50 341.99 878.89 401.79 0.923032
5 798.62 177.27 877.98 227.35 0.870294
4 1157.23 111.59 1215.01 139.10 0.864285
4 98.32 359.19 169.93 454.97 0.815008
4 253.85 0.58 285.37 32.66 0.795679
4 993.62 183.50 1065.34 235.17 0.756700
4 1050.12 172.93 1117.57 227.15 0.743699
4 397.61 37.47 462.34 69.10 0.726462
4 200.46 290.93 262.72 372.72 0.705550
1 691.62 269.81 711.55 315.09 0.690355
1 748.17 484.31 770.54 536.76 0.684534
4 592.89 318.37 667.00 392.22 0.677487
1 722.99 481.21 747.12 529.10 0.652943
3 683.20 198.84 706.81 234.50 0.651704
4 940.76 195.51 1012.57 243.53 0.606395
1 1114.62 285.96 1133.29 316.79 0.596078
1 749.72 330.76 767.49 370.32 0.587803
1 728.06 236.08 741.68 263.05 0.583032
1 710.56 170.08 730.76 207.96 0.579994
1 762.00 297.59 779.15 329.18 0.525953
4 703.50 233.78 741.30 276.99 0.510868
1 618.99 128.23 631.90 158.56 0.510860
6 831.33 351.59 895.93 448.24 0.505932
4 953.24 132.37 985.69 153.55 0.504762
4 401.32 12.56 441.14 39.53 0.504225
1 604.97 142.68 618.08 176.84 0.502323
1 579.92 122.35 594.41 156.81 0.486804
7 189.82 853.66 260.43 927.91 0.479638
3 1113.86 302.15 1131.60 321.35 0.467530
4 876.82 208.40 914.76 239.16 0.464195
1 1045.36 145.29 1061.69 180.81 0.450128
2 686.18 197.46 705.23 229.06 0.446339
6 570.23 221.70 642.56 324.78 0.444379
2 618.46 128.02 631.90 157.72 0.424530
1 647.25 325.40 667.60 364.59 0.417283
2 579.55 122.73 594.34 157.50 0.415656
4 408.92 82.90 445.31 124.71 0.408961
4 0.18 178.88 24.94 207.12 0.388048
4 721.13 260.10 759.41 321.33 0.385130
1 556.81 121.88 567.54 153.57 0.380261
4 813.00 142.93 837.83 171.39 0.379492
5 721.83 259.93 758.17 321.96 0.372123
4 576.69 172.81 601.36 203.78 0.370722
1 835.12 419.58 854.70 456.86 0.369179
4 830.78 326.85 895.93 358.00 0.364731
6 692.36 143.71 725.06 185.37 0.364209
2 556.45 119.43 568.10 154.70 0.353079
1 1306.24 244.10 1324.88 278.81 0.351110
4 826.10 239.74 847.16 267.82 0.339747
4 1189.78 269.58 1220.11 302.35 0.322830
4 470.93 161.29 496.12 176.98 0.315016
1 384.72 62.16 397.22 93.38 0.310765
2 683.19 154.99 695.82 191.72 0.291529
4 863.92 209.16 920.59 239.95 0.285307
4 518.39 142.20 569.20 203.83 0.280469
4 1112.97 107.75 1135.87 134.11 0.277407
4 809.64 240.17 846.47 271.40 0.270395
4 866.34 127.84 897.81 147.66 0.270138
2 547.72 61.28 561.02 92.41 0.269845
9 955.74 111.17 1084.63 150.68 0.267342
1 684.30 155.45 696.22 192.32 0.266828
4 876.11 209.94 895.77 239.06 0.261501
2 537.93 77.83 552.74 120.14 0.245524
2 337.10 0.97 351.69 24.99 0.225233
7 586.91 79.46 625.76 110.77 0.225202
4 0.06 201.57 11.12 230.17 0.222454
7 813.05 142.94 838.02 171.89 0.218198
4 0.36 129.07 47.39 172.75 0.204604
7 784.82 274.76 812.23 305.48 0.198790
7 635.42 145.72 670.01 172.70 0.191908
7 756.15 227.70 778.89 251.99 0.178368
7 1065.50 122.94 1092.16 146.19 0.176766
9 439.49 120.92 456.03 154.72 0.120253
