4 1098.26 553.92 1138.41 588.94 0.874296
5 1010.10 901.36 1074.28 1001.80 0.872131
3 876.76 877.00 916.73 910.72 0.843396
3 913.00 830.29 940.97 861.26 0.821342
5 907.17 772.18 971.93 829.19 0.817009
4 1075.68 505.32 1100.35 527.95 0.808874
4 861.63 936.44 960.60 1003.36 0.792101
4 863.37 937.20 895.89 975.23 0.786138
4 1009.30 901.54 1074.59 1002.76 0.783021
1 868.67 851.44 889.09 899.48 0.763517
3 877.28 877.83 894.65 903.43 0.726998
6 369.32 198.40 464.06 214.75 0.720445
3 1431.76 794.83 1469.22 822.39 0.716542
3 895.11 919.20 943.97 940.96 0.715340
3 1516.03 1028.91 1559.72 1064.83 0.690613
4 1441.24 239.47 1471.70 253.53 0.684515
3 1170.71 589.45 1186.06 617.43 0.679442
4 1280.46 580.22 1373.64 613.65 0.671200
7 1108.51 771.89 1136.02 826.05 0.668724
3 1121.55 512.43 1136.27 538.76 0.639856
4 1361.71 865.88 1499.73 929.00 0.638239
4 1494.34 937.88 1538.84 985.35 0.632320
1 1522.51 1013.99 1554.79 1061.52 0.630028
4 1080.30 508.63 1100.14 528.38 0.626752
4 884.98 140.93 895.86 151.28 0.617724
6 907.05 772.59 972.29 827.75 0.617121
7 1139.92 868.46 1175.13 944.26 0.608824
4 1037.33 794.66 1066.36 827.89 0.593804
3 1382.86 658.03 1421.13 681.32 0.592954
4 1127.80 217.41 1142.58 231.90 0.587025
4 1119.06 265.60 1132.65 281.80 0.576979
5 1280.63 580.49 1373.66 615.55 0.573941
2 1171.74 589.60 1185.49 617.47 0.571551
3 1160.92 494.74 1173.71 515.60 0.569304
3 1324.23 610.24 1361.32 629.89 0.557959
4 1197.36 265.55 1211.47 282.10 0.556108
4 1019.95 753.71 1036.05 775.04 0.548046
4 203.04 652.84 240.35 678.62 0.543135
4 1467.93 853.08 1504.76 882.95 0.543127
7 932.97 892.75 975.34 937.22 0.540974
1 1388.53 595.13 1399.80 625.56 0.531159
1 1347.29 858.37 1363.04 895.67 0.528767
1 1416.38 836.21 1432.17 865.34 0.527577
4 1186.28 208.58 1198.49 220.04 0.527132
6 1140.59 868.30 1175.18 944.65 0.521299
3 1142.15 911.02 1173.17 944.23 0.520621
1 1156.57 422.93 1167.91 446.04 0.517854
3 1131.48 497.41 1147.10 515.68 0.499670
2 1160.34 488.88 1174.27 515.16 0.491679
4 1168.73 219.97 1185.66 232.03 0.460299
3 928.37 732.50 940.95 755.01 0.458802
1 1139.62 358.76 1149.93 377.09 0.457065
6 1035.18 766.06 1071.73 829.38 0.453074
2 1327.34 855.33 1344.86 891.40 0.450801
6 1550.81 400.53 1601.15 442.69 0.447889
2 1343.05 857.77 1362.02 900.73 0.446596
4 1454.26 882.20 1499.95 928.44 0.442904
4 1169.68 235.09 1179.86 247.08 0.428943
4 1382.97 657.31 1421.11 682.07 0.427377
1 1196.88 361.23 1206.55 379.80 0.426312
2 1416.42 839.33 1433.55 865.13 0.422468
4 365.52 129.52 387.39 138.11 0.418492
1 1406.04 590.64 1421.87 622.72 0.395788
3 1131.33 488.91 1147.43 513.93 0.366714
7 1466.85 854.01 1505.86 883.36 0.365197
4 1038.20 312.95 1060.35 327.63 0.359198
1 1201.66 322.57 1210.31 337.48 0.358924
4 1215.16 291.73 1225.62 305.77 0.339601
1 1451.76 684.81 1466.49 723.97 0.332801
4 345.35 201.46 361.55 211.91 0.330456
4 1150.75 141.66 1161.14 148.98 0.329556
3 1343.54 875.92 1362.16 901.16 0.323871
2 1405.47 591.13 1422.78 622.03 0.317397
2 1202.09 395.12 1215.78 421.16 0.315381
3 1115.57 799.89 1130.70 826.47 0.311154
2 1159.68 237.12 1167.05 249.43 0.307904
4 793.86 134.59 814.43 147.34 0.304617
2 1139.20 358.77 1149.46 376.97 0.304544
4 1056.58 105.96 1072.56 116.61 0.287138
2 895.99 962.99 914.16 990.43 0.282084
1 234.85 782.78 253.79 812.28 0.279982
4 1025.73 475.19 1045.32 494.71 0.278643
2 1327.07 855.71 1362.86 901.03 0.275377
2 1192.12 244.74 1201.24 258.82 0.255144
4 1178.28 187.04 1189.50 199.87 0.254987
2 1388.86 589.76 1422.71 627.34 0.248547
1 835.74 885.48 860.17 928.49 0.248488
3 1453.90 704.94 1465.91 724.82 0.245780
3 492.37 635.22 526.57 683.03 0.245354
2 1046.55 767.64 1060.14 788.90 0.244120
3 447.79 639.43 514.77 707.48 0.221955
9 1250.74 103.54 1287.18 114.16 0.189302
