4 1376.41 802.27 1549.13 893.08 0.955594
4 32.33 1031.44 127.70 1079.73 0.925952
4 490.67 559.87 547.61 623.55 0.923816
4 388.49 904.70 474.43 1022.76 0.910986
4 382.85 534.02 441.13 597.96 0.907569
4 1181.89 674.93 1284.85 775.78 0.904338
4 569.12 375.69 610.73 417.42 0.899296
4 22.67 489.35 133.72 552.57 0.884839
4 300.16 753.35 393.28 866.95 0.884009
4 1360.65 456.88 1444.71 516.27 0.873800
4 1494.66 547.15 1586.78 617.02 0.868904
4 1582.89 643.97 1611.85 701.09 0.857164
4 1027.25 309.56 1069.45 353.95 0.849678
4 104.93 847.36 203.41 976.19 0.845947
4 615.44 239.12 655.56 274.14 0.845923
4 123.85 846.78 203.43 895.68 0.841319
4 1583.48 644.53 1678.48 730.47 0.840090
4 1183.11 260.60 1226.54 290.11 0.838010
4 1596.84 772.16 1646.91 845.57 0.834800
4 551.90 300.57 589.76 337.81 0.834019
4 206.80 621.50 285.50 717.77 0.825618
4 1300.58 396.18 1365.67 446.13 0.824428
4 161.61 734.43 246.15 843.16 0.821547
4 547.44 238.21 586.01 273.90 0.820273
4 136.43 427.63 220.24 489.27 0.813551
4 1220.44 291.69 1270.62 328.70 0.810742
4 547.88 185.79 580.07 215.50 0.805219
4 320.34 411.86 379.52 470.37 0.793826
4 1084.22 435.40 1136.82 497.44 0.793035
1 1599.32 400.80 1615.87 436.99 0.791384
4 246.44 533.91 317.39 614.30 0.790968
4 1064.56 382.98 1114.78 438.36 0.786227
4 540.22 97.81 568.45 124.47 0.781070
1 1844.26 532.63 1866.38 576.03 0.778966
4 1103.03 498.86 1163.76 572.06 0.771995
4 364.36 364.17 414.18 414.55 0.769997
4 658.95 92.63 682.83 114.64 0.764401
4 1121.81 577.01 1187.76 663.21 0.759853
4 1596.99 796.25 1611.83 838.43 0.755313
4 394.07 316.80 439.94 361.60 0.751130
4 1258.20 341.93 1316.99 389.92 0.750638
4 1596.73 771.65 1727.80 850.20 0.747087
4 616.97 88.72 643.17 111.63 0.738382
4 1146.76 232.16 1172.74 257.45 0.737705
4 621.54 58.26 644.62 77.43 0.734857
4 465.07 201.15 501.70 234.47 0.734413
3 857.05 508.33 890.49 535.11 0.732533
1 1423.43 355.95 1436.56 388.18 0.703567
1 1520.82 290.18 1533.83 324.36 0.684063
4 283.69 466.26 349.73 538.36 0.681148
4 599.70 8.46 624.04 30.78 0.679814
3 850.79 462.09 882.76 499.16 0.667703
4 650.28 0.15 669.06 14.50 0.663662
4 83.58 417.52 148.06 474.88 0.660102
4 447.08 230.75 486.35 268.93 0.653213
4 713.04 1005.88 794.29 1079.38 0.641766
4 232.85 272.40 279.52 310.60 0.637496
4 706.06 0.00 725.22 13.74 0.633511
3 829.21 408.76 868.04 436.96 0.626266
4 422.78 257.48 468.18 307.38 0.609274
4 167.72 335.57 225.96 385.12 0.591247
4 711.38 564.68 729.18 601.95 0.585971
5 197.97 302.09 253.18 346.40 0.582418
4 124.22 375.60 185.83 427.70 0.573558
1 1374.51 183.39 1384.90 206.02 0.557626
4 34.12 210.63 84.54 246.03 0.551675
4 286.53 220.46 326.68 257.14 0.541907
1 1303.72 139.98 1316.39 161.96 0.528375
3 853.03 448.26 888.00 481.55 0.526198
4 332.08 184.10 368.90 205.82 0.521403
3 1773.10 751.70 1816.85 803.82 0.516827
4 262.72 239.63 305.39 281.01 0.516086
4 198.88 301.47 253.31 346.25 0.512129
6 1611.44 669.92 1782.47 895.35 0.508573
3 66.87 384.68 84.05 413.44 0.505630
1 1386.79 155.36 1399.45 176.98 0.504446
1 817.66 375.84 827.71 405.31 0.498619
3 850.48 453.77 887.78 499.56 0.488140
4 353.96 153.98 390.87 184.96 0.487641
6 31.81 74.04 90.45 116.95 0.485895
4 0.21 246.29 34.12 284.13 0.485334
1 1104.10 7.85 1111.27 25.55 0.476542
4 331.46 173.83 370.01 206.95 0.475754
4 166.73 123.27 206.50 152.54 0.449552
4 662.24 317.20 676.26 344.64 0.446469
1 196.34 268.55 211.74 295.81 0.445499
2 1365.61 192.30 1373.69 207.61 0.443728
4 82.07 91.74 118.80 118.99 0.440890
1 362.66 132.23 373.05 154.68 0.440865
3 744.33 683.44 766.80 726.44 0.440100
1 298.08 201.25 309.71 221.83 0.437120
4 310.86 197.54 347.09 229.75 0.433061
2 1116.30 15.62 1123.30 31.50 0.430573
4 530.59 0.09 550.60 12.46 0.426484
4 385.54 124.56 416.56 150.40 0.423390
3 0.10 454.91 36.12 500.12 0.414899
4 373.15 141.91 401.13 166.90 0.404151
4 176.92 39.70 210.94 63.36 0.394594
1 1763.91 446.47 1785.24 491.19 0.392899
4 6.42 184.94 71.79 209.30 0.372934
1 1223.46 518.20 1236.92 542.43 0.371756
6 1106.92 192.06 1176.75 257.50 0.361974
4 219.68 91.26 254.06 113.04 0.359267
3 6.23 455.96 36.43 475.99 0.353535
4 423.76 95.98 443.39 119.73 0.344224
3 1597.62 419.74 1611.94 437.20 0.342081
4 30.62 170.37 91.99 200.08 0.331170
1 710.61 72.80 719.27 94.20 0.328022
3 68.34 376.49 89.37 411.88 0.317900
4 1583.67 644.58 1643.25 682.10 0.315921
4 0.03 151.20 16.17 171.38 0.313241
4 742.61 87.94 755.58 108.88 0.308848
4 215.57 24.87 245.25 42.90 0.306042
4 0.14 204.81 37.11 232.07 0.305153
4 432.78 78.62 458.54 104.11 0.298671
3 1831.11 174.10 1855.89 204.82 0.293729
3 1737.47 72.88 1789.19 162.46 0.293355
3 824.74 381.51 858.35 401.24 0.288425
4 402.08 117.86 429.37 134.90 0.286658
4 0.04 220.47 19.57 244.02 0.280192
1 1331.31 710.10 1347.82 736.41 0.277634
4 1001.42 346.34 1017.67 376.75 0.274024
2 1387.77 153.90 1400.18 177.76 0.272631
4 156.57 49.10 182.30 72.74 0.269194
2 1294.43 142.60 1303.86 165.60 0.265427
2 786.59 7.46 797.45 32.16 0.264188
2 1628.42 316.12 1652.33 365.60 0.243178
2 205.93 272.74 215.38 295.05 0.243076
2 24.31 140.09 35.56 161.33 0.239625
4 494.09 17.40 514.64 38.50 0.227746
2 774.56 64.92 785.60 88.27 0.225105
2 1253.90 1.61 1282.38 74.66 0.128452
