1 719.50 479.38 768.50 539.49 0.841605
3 524.92 176.33 541.71 206.15 0.686568
1 214.90 432.94 261.81 488.31 0.630284
1 566.49 494.61 619.40 539.42 0.584362
2 104.98 453.82 144.78 506.59 0.569185
1 510.17 196.28 527.68 239.66 0.560527
2 233.65 386.04 268.98 418.51 0.527406
2 568.29 494.27 618.44 539.52 0.518842
2 510.17 196.34 527.55 239.60 0.507523
2 211.91 324.32 230.93 368.00 0.506352
2 201.67 357.35 222.35 408.51 0.497449
2 343.97 287.85 359.26 336.20 0.496923
2 85.08 465.31 119.58 530.87 0.484670
1 514.07 466.30 544.28 495.30 0.477977
2 443.22 221.41 460.60 275.26 0.477240
2 73.70 33.40 568.85 535.43 0.476293
2 416.28 127.41 425.27 148.08 0.474076
2 273.08 270.67 292.13 317.60 0.464126
2 226.51 284.75 251.94 329.44 0.462677
7 372.13 251.58 439.41 327.78 0.439997
2 242.67 327.44 255.60 367.34 0.433198
1 248.51 265.36 267.51 318.54 0.423279
2 486.30 153.83 501.07 188.44 0.420634
7 326.70 334.65 366.40 417.62 0.418367
2 412.86 202.52 427.34 249.26 0.410831
7 562.15 418.13 630.08 539.12 0.409558
2 462.83 192.08 477.56 232.63 0.397288
2 450.01 199.06 467.30 237.54 0.395810
2 399.21 208.12 416.12 257.53 0.378420
7 372.70 280.69 409.33 327.85 0.374942
6 598.34 15.83 614.05 27.54 0.363759
2 503.06 175.00 518.43 212.93 0.362758
2 277.53 319.20 295.21 365.79 0.361236
2 471.59 144.40 483.52 185.63 0.354149
2 295.45 306.62 319.27 364.33 0.353693
2 73.99 437.97 98.04 520.63 0.349069
2 258.61 357.91 291.85 404.49 0.348883
7 393.16 255.31 439.46 296.44 0.338165
2 443.80 123.96 451.32 146.13 0.326273
2 73.85 437.40 144.39 530.95 0.317370
2 502.56 126.33 512.92 156.23 0.312314
2 417.40 150.68 426.39 176.14 0.309838
10 513.99 466.47 544.06 495.38 0.300550
1 258.78 357.83 292.10 392.30 0.261232
2 288.37 322.63 312.79 372.84 0.208210
2 249.28 371.11 271.77 403.89 0.193730
2 201.88 265.33 320.48 488.71 0.139711
