4 1476.27 485.61 1539.62 610.37 0.834590
4 1126.13 446.18 1178.07 570.31 0.791256
4 752.02 499.76 814.39 625.62 0.740434
4 828.52 487.67 885.39 599.33 0.729957
4 1495.26 671.68 1596.60 705.12 0.729726
4 1385.03 673.07 1461.02 703.91 0.723643
4 770.26 745.18 861.04 780.20 0.698463
4 617.52 506.61 677.24 631.87 0.695576
4 269.19 89.82 333.64 196.25 0.691236
4 1506.67 95.63 1566.16 214.58 0.688296
4 375.33 512.76 440.11 640.49 0.676156
4 1173.61 83.99 1227.29 209.64 0.657108
4 1440.27 86.20 1497.72 212.22 0.652455
6 470.89 678.24 602.55 723.61 0.645991
4 404.37 683.86 478.65 708.01 0.641170
4 489.47 99.28 546.99 225.28 0.632106
7 473.19 678.36 601.85 723.92 0.596011
4 1756.83 114.82 1810.58 230.47 0.582346
1 1630.75 521.95 1656.75 567.17 0.561154
4 274.41 181.96 325.72 195.72 0.557380
4 695.21 104.85 754.80 232.69 0.556161
4 418.48 88.43 480.95 214.18 0.542566
3 185.12 119.00 208.77 152.73 0.524557
4 423.34 182.18 478.92 214.63 0.517387
4 162.69 691.05 211.18 705.42 0.516217
4 917.99 686.11 988.51 706.15 0.511828
4 766.70 103.12 827.00 238.19 0.506227
4 491.90 182.15 545.70 225.27 0.478552
4 1041.75 671.32 1136.21 704.89 0.468920
4 470.92 698.66 541.50 724.47 0.468153
4 845.30 100.81 897.10 244.87 0.467371
10 714.72 920.08 868.12 1020.81 0.447478
1 1630.21 519.06 1644.04 540.08 0.397319
2 1393.71 697.89 1416.97 720.18 0.368352
2 1339.93 548.11 1355.82 564.56 0.361553
4 1860.42 600.76 1915.57 696.44 0.354736
4 1258.54 512.36 1327.26 649.38 0.337486
4 716.10 105.25 754.76 232.30 0.327042
3 1571.07 545.39 1603.26 564.69 0.302401
2 446.31 672.76 458.30 692.85 0.301402
2 542.53 700.02 558.13 721.04 0.298145
4 1440.42 181.99 1495.34 212.16 0.289133
10 780.02 819.21 862.71 892.41 0.280154
4 769.70 182.22 825.69 237.01 0.271310
4 1652.32 30.53 1679.27 57.76 0.241653
1 214.55 358.32 250.14 401.91 0.210574
4 1616.69 69.91 1637.35 90.76 0.191445
7 1257.67 513.87 1328.87 650.40 0.191197
4 716.11 182.42 751.70 232.19 0.190276
10 1271.50 573.19 1315.92 624.42 0.186166
