3 0.13 455.95 64.47 505.97 0.867580
4 143.85 89.06 175.28 109.37 0.803790
4 195.17 92.15 219.01 116.73 0.789910
2 4.39 165.58 957.26 538.40 0.770573
6 840.73 416.45 959.54 502.26 0.669135
2 372.77 263.30 643.98 418.66 0.625377
4 373.71 147.01 409.06 166.21 0.551194
7 125.32 351.51 179.69 393.45 0.545193
3 340.45 483.85 363.55 509.62 0.512872
1 726.94 324.06 744.85 360.63 0.511451
3 64.87 344.31 105.75 378.72 0.481972
7 288.96 466.38 336.59 517.59 0.460136
7 30.49 397.01 71.22 441.47 0.459535
4 79.07 97.76 98.56 112.22 0.458368
4 0.08 108.04 15.41 124.83 0.453102
7 12.86 376.65 48.48 409.60 0.450457
7 232.76 368.70 284.53 407.85 0.435036
1 867.86 183.70 882.36 204.16 0.420939
3 79.72 344.00 105.91 370.28 0.388853
2 793.38 234.59 811.46 258.04 0.370409
2 939.29 222.58 955.11 250.32 0.361450
7 838.85 416.57 959.59 501.00 0.357965
1 7.20 439.58 36.48 493.42 0.351395
2 768.61 206.81 784.36 231.45 0.336055
2 638.27 226.49 649.53 253.38 0.333479
2 442.43 214.14 454.70 240.91 0.326306
2 836.91 181.59 849.74 208.15 0.324664
1 737.23 394.22 755.04 441.55 0.323065
2 867.95 183.92 881.89 203.97 0.322864
7 163.29 499.95 228.43 539.65 0.305702
2 164.36 439.88 188.30 492.20 0.297180
6 823.60 416.36 895.50 493.10 0.292980
1 69.76 360.39 90.79 412.16 0.288058
2 357.51 473.20 387.98 530.55 0.283186
1 246.91 149.82 268.15 205.88 0.280638
7 911.28 368.27 959.44 427.78 0.278669
2 601.27 198.70 614.45 232.19 0.277240
2 793.40 468.85 822.53 532.22 0.269958
2 542.97 108.50 564.46 149.67 0.256274
2 435.19 102.73 447.04 142.24 0.253200
3 484.88 427.17 507.82 453.68 0.247224
2 423.81 363.05 443.88 412.58 0.241619
1 247.40 149.82 260.05 171.40 0.234358
7 219.60 463.61 282.12 532.03 0.203998
3 910.44 368.56 936.62 398.92 0.201237
7 598.25 434.41 630.73 468.23 0.199239
2 7.05 439.54 35.93 494.24 0.184466
2 737.45 393.96 755.00 440.03 0.153203
