1 936.00 414.00 943.00 445.00 0.980000
1 920.00 474.00 927.00 500.00 0.980000
1 885.00 100.00 890.00 117.00 0.980000
1 890.00 100.00 895.00 117.00 0.980000
1 900.00 100.00 905.00 117.00 0.980000
1 905.00 100.00 910.00 117.00 0.980000
1 910.00 100.00 915.00 117.00 0.980000
1 915.00 100.00 920.00 117.00 0.980000
1 920.00 100.00 925.00 117.00 0.980000
1 925.00 100.00 930.00 117.00 0.980000
1 930.00 100.00 935.00 117.00 0.980000
1 935.00 100.00 940.00 117.00 0.980000
1 940.00 100.00 945.00 117.00 0.980000
1 945.00 100.00 950.00 117.00 0.980000
1 950.00 100.00 955.00 117.00 0.980000
1 955.00 100.00 959.00 117.00 0.980000
