1 29.00 498.00 58.00 587.00 0.980000
1 332.00 428.00 347.00 520.00 0.980000
1 294.00 378.00 312.00 464.00 0.980000
1 292.00 364.00 310.00 419.00 0.980000
1 683.00 308.00 697.00 378.00 0.980000
1 827.00 550.00 850.00 643.00 0.980000
1 814.00 520.00 836.00 600.00 0.980000
1 968.00 578.00 992.00 627.00 0.980000
1 690.00 232.00 713.00 292.00 0.980000
1 690.00 174.00 700.00 205.00 0.980000
1 719.00 174.00 730.00 220.00 0.980000
1 728.00 174.00 740.00 220.00 0.980000
1 759.00 80.00 770.00 127.00 0.980000
1 580.00 10.00 587.00 38.00 0.980000
3 334.00 358.00 362.00 428.00 0.980000
3 389.00 388.00 410.00 482.00 0.980000
4 438.00 352.00 492.00 482.00 0.980000
