1 543.00 424.00 547.00 453.00 0.980000
1 543.00 762.00 559.00 810.00 0.980000
1 584.00 580.00 592.00 615.00 0.980000
1 503.00 473.00 512.00 535.00 0.980000
1 467.00 727.00 478.00 780.00 0.980000
1 490.00 424.00 497.00 459.00 0.980000
1 501.00 420.00 508.00 452.00 0.980000
1 488.00 424.00 495.00 459.00 0.980000
1 480.00 424.00 487.00 459.00 0.980000
1 792.00 889.00 818.00 948.00 0.980000
1 824.00 933.00 847.00 984.00 0.980000
6 387.00 692.00 464.00 953.00 0.980000
4 647.00 697.00 722.00 819.00 0.980000
5 571.00 459.00 603.00 517.00 0.980000
4 476.00 305.00 493.00 330.00 0.980000
4 488.00 277.00 502.00 300.00 0.980000
4 446.00 277.00 460.00 300.00 0.980000
4 419.00 300.00 428.00 327.00 0.980000
4 423.00 327.00 450.00 350.00 0.980000
