6 207.00 430.00 313.00 554.00 0.980000
6 217.00 382.00 255.00 442.00 0.980000
6 250.00 397.00 412.00 538.00 0.980000
6 300.00 367.00 456.00 507.00 0.980000
6 345.00 323.00 483.00 427.00 0.980000
6 446.00 267.00 585.00 382.00 0.980000
6 538.00 264.00 660.00 367.00 0.980000
6 621.00 212.00 690.00 287.00 0.980000
6 697.00 190.00 797.00 264.00 0.980000
6 780.00 208.00 835.00 268.00 0.980000
6 807.00 208.00 835.00 255.00 0.980000
6 927.00 188.00 999.00 258.00 0.980000
6 927.00 188.00 999.00 258.00 0.980000
6 927.00 188.00 999.00 258.00 0.980000
6 927.00 188.00 999.00 258.00 0.980000
6 927.00 188.00 999.00 258.00 0.980000
6 927.00 188.00 999.00 258.00 0.980000
6 927.00 188.00 999.00 258.00 0.980000
6 927.00 188.00 999.00 258.00 0.980000
