1 630.00 517.00 638.00 557.00 0.980000
2 630.00 517.00 638.00 557.00 0.980000
4 534.00 438.00 583.00 474.00 0.980000
4 556.00 503.00 613.00 552.00 0.980000
4 453.00 509.00 507.00 546.00 0.980000
4 431.00 487.00 473.00 528.00 0.980000
4 451.00 467.00 505.00 514.00 0.980000
4 356.00 279.00 383.00 306.00 0.980000
4 507.00 243.00 527.00 259.00 0.980000
5 310.00 330.00 330.00 372.00 0.980000
6 453.00 347.00 583.00 438.00 0.980000
6 453.00 347.00 583.00 438.00 0.980000
6 453.00 347.00 583.00 438.00 0.980000
6 453.00 347.00 583.00 438.00 0.980000
6 453.00 347.00 583.00 438.00 0.980000
6 453.00 347.00 583.00 438.00 0.980000
6 453.00 347.00 583.00 438.00 0.980000
6 453.00 347.00 583.00 438.00 0.980000
6 453.00 347.00 583.00 438.00 0.980000
