4 500.00 742.00 526.00 787.00 0.980000
4 526.00 400.00 548.00 438.00 0.980000
4 526.00 472.00 550.00 517.00 0.980000
4 453.00 342.00 472.00 377.00 0.980000
4 416.00 280.00 436.00 307.00 0.980000
4 427.00 253.00 446.00 285.00 0.980000
4 360.00 172.00 379.00 200.00 0.980000
4 217.00 225.00 235.00 248.00 0.980000
4 214.00 205.00 233.00 230.00 0.980000
4 191.00 194.00 209.00 217.00 0.980000
5 566.00 720.00 592.00 787.00 0.980000
6 412.00 160.00 443.00 200.00 0.980000
6 389.00 152.00 407.00 172.00 0.980000
6 394.00 617.00 417.00 698.00 0.980000
