4 474.00 280.00 488.00 315.00 0.980000
4 503.00 122.00 515.00 147.00 0.970000
4 506.00 87.00 517.00 109.00 0.970000
4 509.00 52.00 520.00 75.00 0.970000
4 512.00 25.00 523.00 47.00 0.970000
4 515.00 1.00 525.00 22.00 0.970000
10 444.00 547.00 461.00 592.00 0.970000
1 628.00 382.00 634.00 400.00 0.970000
1 628.00 362.00 634.00 377.00 0.970000
1 628.00 342.00 634.00 357.00 0.970000
1 628.00 322.00 634.00 337.00 0.970000
1 628.00 302.00 634.00 317.00 0.970000
1 628.00 282.00 634.00 297.00 0.970000
1 628.00 262.00 634.00 277.00 0.970000
1 628.00 242.00 634.00 257.00 0.970000
1 628.00 222.00 634.00 237.00 0.970000
1 628.00 202.00 634.00 217.00 0.970000
1 628.00 182.00 634.00 197.00 0.970000
1 628.00 162.00 634.00 177.00 0.970000
