4 441.00 412.00 611.00 572.00 0.980000
4 495.00 540.00 672.00 726.00 0.980000
4 877.00 460.00 1000.00 637.00 0.980000
4 920.00 87.00 1000.00 247.00 0.980000
4 830.00 0.00 907.00 90.00 0.980000
5 584.00 805.00 855.00 999.00 0.980000
5 599.00 17.00 720.00 139.00 0.980000
5 539.00 0.00 667.00 94.00 0.980000
6 640.00 92.00 787.00 247.00 0.980000
6 753.00 235.00 924.00 405.00 0.980000
10 361.00 126.00 412.00 215.00 0.980000
10 361.00 262.00 417.00 315.00 0.980000
10 267.00 267.00 305.00 327.00 0.980000
10 275.00 82.00 325.00 134.00 0.980000
10 192.00 85.00 241.00 134.00 0.980000
10 216.00 194.00 289.00 247.00 0.980000
10 305.00 405.00 340.00 465.00 0.980000
10 280.00 345.00 318.00 385.00 0.980000
