1 454.00 790.00 464.00 833.00 0.970000
1 724.00 548.00 732.00 582.00 0.970000
1 724.00 548.00 732.00 582.00 0.970000
1 724.00 548.00 732.00 582.00 0.970000
1 724.00 548.00 732.00 582.00 0.970000
1 724.00 548.00 732.00 582.00 0.970000
1 724.00 548.00 732.00 582.00 0.970000
1 724.00 548.00 732.00 582.00 0.970000
1 724.00 548.00 732.00 582.00 0.970000
1 724.00 548.00 732.00 582.00 0.970000
1 724.00 548.00 732.00 582.00 0.970000
1 724.00 548.00 732.00 582.00 0.970000
1 724.00 548.00 732.00 582.00 0.970000
1 724.00 548.00 732.00 582.00 0.970000
1 724.00 548.00 732.00 582.00 0.970000
1 724.00 548.00 732.00 582.00 0.970000
1 724.00 548.00 732.00 582.00 0.970000
1 724.00 548.00 732.00 582.00 0.970000
1 724.00 548.00 732.00 582.00 0.970000
