4 1022.53 597.47 1085.58 650.55 0.598246
4 1147.42 877.58 1263.09 990.01 0.595541
4 904.07 529.22 951.72 570.69 0.576681
4 1374.82 978.62 1530.75 1079.59 0.568420
4 1375.12 978.07 1499.26 1023.53 0.563208
4 962.24 445.90 1001.78 482.29 0.486518
4 961.62 401.30 989.36 426.74 0.431284
4 782.04 267.18 798.97 282.41 0.419100
4 859.51 398.62 888.50 426.69 0.411553
4 855.44 363.54 879.22 384.81 0.384605
4 507.80 212.83 539.76 221.69 0.372267
5 901.09 286.29 928.25 317.51 0.366267
3 1397.81 697.08 1449.64 756.94 0.355224
4 761.77 255.70 779.77 267.28 0.345499
9 793.20 194.37 812.22 205.88 0.340322
4 793.20 249.56 809.68 261.41 0.338131
4 925.74 340.04 946.55 358.74 0.335831
4 915.97 394.06 943.55 418.68 0.334884
4 949.88 352.28 975.65 373.18 0.331415
4 184.28 217.63 228.56 227.85 0.328419
4 956.10 374.77 967.73 392.12 0.320094
4 899.86 362.21 922.59 381.19 0.312170
4 838.31 249.50 852.67 262.46 0.305563
4 912.65 318.81 929.92 332.68 0.301265
4 838.93 284.63 853.92 296.99 0.300655
4 910.63 378.16 936.61 400.82 0.298927
4 835.07 272.40 848.79 285.92 0.283403
4 1122.90 424.32 1136.59 439.16 0.260993
4 1001.67 207.49 1023.53 217.55 0.258560
6 1621.66 320.94 1676.66 342.89 0.249586
4 955.40 240.49 972.54 253.41 0.245250
4 859.50 268.48 872.65 281.27 0.243807
4 897.11 336.25 928.61 368.71 0.243360
4 938.93 322.63 954.28 335.30 0.239825
4 961.94 448.00 977.17 472.99 0.237667
9 823.97 194.80 842.18 205.14 0.234283
4 989.69 240.39 1009.10 255.10 0.232309
9 1425.90 288.12 1506.67 317.92 0.231251
9 1846.82 296.68 1919.58 329.49 0.230380
4 1787.22 322.98 1822.57 339.83 0.229805
6 744.74 245.86 781.35 267.50 0.229008
1 1128.85 487.48 1137.76 506.46 0.223517
4 751.02 275.65 765.77 287.22 0.223447
4 1280.03 212.69 1300.92 221.47 0.221797
9 1627.71 289.76 1770.85 331.35 0.220000
6 1140.57 429.75 1190.21 477.52 0.216375
4 992.77 234.73 1009.72 246.44 0.216227
4 744.20 326.62 753.92 336.92 0.212231
9 1251.13 213.92 1303.63 244.25 0.205939
9 1753.61 283.44 1873.07 319.37 0.205449
4 872.46 297.10 887.15 312.06 0.204458
4 884.37 328.05 900.23 345.34 0.203998
4 756.02 326.91 774.28 338.11 0.202563
4 867.52 286.72 882.20 301.20 0.201035
