4 950.23 454.91 985.73 493.26 0.544618
5 1139.37 688.07 1207.03 774.22 0.535797
1 1647.65 1401.17 1694.22 1476.72 0.484164
4 933.98 417.99 967.35 454.82 0.471265
1 1083.32 1144.43 1120.58 1218.86 0.466140
2 1287.28 1459.09 1334.60 1499.20 0.465749
5 817.81 566.13 914.53 619.66 0.463671
1 934.91 1091.16 958.20 1150.16 0.455947
6 1057.97 535.95 1114.03 611.01 0.453918
4 976.01 459.09 984.85 492.88 0.448726
4 843.85 484.79 916.86 528.24 0.447320
1 1070.46 636.74 1092.40 677.36 0.441943
4 828.23 475.94 855.00 492.32 0.435525
7 946.11 728.48 1014.62 821.41 0.430542
1 1594.87 1335.23 1631.03 1407.36 0.415751
4 1293.99 1048.11 1445.95 1229.35 0.409199
4 906.89 292.81 925.92 311.88 0.401569
1 1166.17 871.66 1186.91 923.95 0.399145
4 977.26 419.12 1011.45 452.59 0.398040
4 894.35 410.27 920.38 443.95 0.393311
4 975.63 385.28 1002.46 411.98 0.386823
6 1193.17 744.87 1280.68 832.56 0.381209
4 894.05 447.60 917.89 470.55 0.374650
1 1578.75 1365.28 1618.17 1420.23 0.371287
4 886.54 234.98 901.60 252.98 0.356030
4 976.25 512.48 1008.67 530.13 0.354537
1 1099.48 588.66 1125.10 623.52 0.353899
1 1011.35 708.65 1028.14 754.39 0.351274
4 1077.22 502.43 1094.11 519.80 0.350099
4 826.85 449.72 858.35 491.42 0.340140
1 1003.23 635.98 1017.35 676.42 0.328582
2 486.69 1381.41 504.48 1419.64 0.325428
1 981.50 645.73 996.04 689.42 0.325269
3 1167.53 894.59 1181.83 925.64 0.324203
3 1192.26 869.87 1211.43 898.19 0.321667
6 777.13 1298.51 922.58 1425.34 0.314887
3 1279.23 1441.31 1296.98 1498.81 0.314373
4 915.18 237.40 929.24 250.90 0.313133
1 968.03 349.14 978.66 372.48 0.311410
3 1040.05 1392.84 1068.32 1435.90 0.310495
4 1014.70 412.48 1031.65 424.39 0.310402
2 472.68 1379.43 489.19 1417.30 0.309639
7 1221.15 856.35 1273.97 903.88 0.304601
4 976.18 728.49 1004.14 756.99 0.304428
7 831.01 336.52 869.31 370.25 0.303034
2 1181.68 827.27 1209.33 896.47 0.302848
4 825.09 314.70 844.80 343.83 0.302534
4 890.92 197.70 903.76 210.10 0.301304
2 1026.83 895.70 1049.76 951.35 0.296509
4 1293.95 1048.26 1403.08 1112.45 0.295540
4 746.78 286.22 766.01 300.80 0.293012
4 547.99 238.72 564.76 253.18 0.291858
2 1021.78 874.77 1044.60 905.28 0.288141
4 1018.60 434.71 1047.67 454.35 0.287378
4 1041.30 495.06 1068.62 521.76 0.287208
2 936.99 1141.15 954.15 1182.60 0.283642
1 963.80 634.26 980.33 675.32 0.278152
6 1018.76 435.39 1052.81 477.37 0.272815
2 963.01 634.72 1018.56 682.27 0.272116
6 776.18 1035.62 923.18 1427.38 0.269947
4 875.41 478.10 896.07 495.23 0.267552
3 937.72 683.86 949.69 708.73 0.263087
4 504.79 263.03 525.46 278.96 0.259099
7 975.95 727.83 1023.39 800.81 0.258357
4 814.41 286.61 846.76 310.13 0.251073
4 966.07 327.70 981.46 341.42 0.248659
4 957.00 333.41 975.48 344.99 0.246810
4 546.25 257.15 560.44 272.10 0.237676
4 824.81 222.25 842.28 233.07 0.231556
5 976.01 757.69 1009.37 807.31 0.231105
1 859.69 584.19 873.87 610.62 0.230557
5 795.62 280.66 823.43 306.77 0.229340
4 921.23 327.60 937.66 341.53 0.223731
4 920.87 298.44 926.81 311.90 0.220665
2 1324.39 888.47 1345.01 930.02 0.216854
4 767.61 276.84 799.84 292.44 0.216725
7 1284.06 979.66 1350.17 1040.86 0.215011
2 994.85 735.93 1010.06 760.06 0.214376
4 881.04 174.48 890.15 185.98 0.213009
7 1029.18 477.85 1071.26 522.04 0.212202
7 940.72 646.81 970.35 682.14 0.211082
4 594.03 234.73 609.49 248.36 0.208111
4 904.32 217.18 915.79 229.02 0.205943
4 652.18 186.68 664.71 197.50 0.204383
4 907.25 223.55 920.32 238.62 0.204078
2 1239.67 891.19 1258.05 939.45 0.203672
3 1381.76 630.06 1407.19 667.83 0.203065
3 1006.72 770.46 1023.36 804.39 0.202326
4 1066.42 495.33 1090.90 515.20 0.201394
2 1603.04 793.69 1638.99 846.47 0.200230
