6 1141.70 786.14 1272.74 838.11 0.664440
4 520.63 815.34 581.22 839.11 0.599854
3 1020.07 948.22 1036.64 977.29 0.597725
4 712.60 815.31 777.47 839.15 0.593799
4 934.66 886.33 1008.10 921.47 0.573550
4 976.06 839.60 1023.89 870.81 0.558661
5 1616.84 1189.63 1801.27 1293.54 0.535102
5 1162.99 864.94 1242.67 905.34 0.515498
5 1316.74 1250.99 1527.85 1327.10 0.507640
4 1177.59 845.96 1259.17 874.47 0.503288
4 699.38 881.77 718.59 901.97 0.499030
4 1069.33 1003.93 1163.88 1068.24 0.497700
5 760.41 1093.41 906.96 1177.82 0.496059
4 1075.51 871.68 1159.64 906.73 0.495514
5 1232.42 1208.10 1409.37 1319.10 0.487592
4 1865.65 1367.57 1944.77 1498.05 0.486173
4 1069.85 1004.11 1142.84 1023.73 0.481042
4 825.72 865.53 911.11 897.71 0.472034
1 1787.51 1222.53 1824.91 1279.93 0.466910
4 1247.32 870.08 1314.78 904.60 0.466539
4 1868.42 1210.80 1999.68 1302.93 0.456571
4 1791.53 1279.15 1999.63 1407.03 0.453534
5 1127.21 1203.38 1213.33 1339.40 0.450102
4 1305.98 868.50 1346.87 890.15 0.446323
4 1047.64 882.42 1088.37 920.77 0.445368
1 1401.24 1143.64 1430.40 1196.89 0.443524
1 1069.95 1192.46 1099.42 1268.26 0.436225
1 979.75 1237.48 1014.15 1320.12 0.432333
1 1234.22 1141.89 1261.28 1199.38 0.430936
4 1625.86 734.83 1663.81 750.88 0.428555
4 1113.51 862.95 1167.66 890.80 0.425613
6 772.61 1006.28 944.67 1143.59 0.423215
4 342.52 746.49 377.18 760.14 0.421479
1 1345.11 1160.08 1371.56 1209.87 0.420397
6 1187.53 917.48 1313.24 996.83 0.416792
5 1077.88 1054.42 1149.15 1142.38 0.416544
1 1389.38 914.58 1406.32 951.30 0.413559
1 1020.20 1176.40 1053.06 1254.29 0.404391
4 748.11 867.92 828.48 906.62 0.404248
6 1234.99 950.11 1495.14 1020.09 0.402093
4 813.99 818.24 837.74 838.92 0.400864
4 1043.73 916.73 1096.03 965.19 0.400356
6 977.74 806.53 1078.31 848.64 0.396779
4 664.23 752.47 700.66 766.23 0.395369
6 832.72 800.09 936.38 851.67 0.391206
4 921.07 960.35 933.76 988.54 0.367719
1 993.09 1031.72 1014.49 1076.35 0.361452
1 983.79 1175.94 1014.53 1236.58 0.360956
7 1604.97 1278.75 1687.19 1372.33 0.360178
1 938.10 1119.39 957.23 1179.36 0.352264
1 994.83 1077.92 1021.56 1139.04 0.350231
1 1269.08 1104.52 1299.92 1162.53 0.348834
4 819.17 950.01 934.54 990.77 0.343066
1 1948.04 1337.46 1977.90 1368.05 0.339677
7 1775.13 1268.09 1861.86 1321.82 0.337701
4 771.34 986.08 894.24 1032.16 0.333803
4 1070.11 937.41 1121.03 1004.75 0.332057
4 799.24 961.98 918.62 1009.16 0.327401
1 1005.56 1129.03 1027.33 1190.64 0.323596
10 911.84 1320.38 946.01 1359.22 0.312250
1 895.68 1190.18 918.44 1263.84 0.308919
3 646.19 1125.87 670.03 1186.80 0.304887
2 983.79 1068.10 1001.96 1128.93 0.301426
4 829.15 889.40 940.57 937.93 0.297607
3 1003.39 1054.12 1022.85 1083.67 0.291777
4 921.19 889.81 940.32 936.52 0.278497
1 1277.49 1078.04 1303.42 1108.70 0.278492
1 906.93 1283.04 943.16 1330.01 0.273861
3 901.49 1124.01 930.21 1167.00 0.273534
1 1394.52 1069.38 1416.39 1108.79 0.270398
1 998.01 1161.70 1020.32 1231.51 0.257576
9 1791.06 743.89 1844.49 774.17 0.257189
9 739.44 665.67 773.08 677.40 0.250980
3 1496.84 1101.95 1534.12 1134.45 0.240502
3 1094.42 1212.97 1114.42 1256.54 0.236199
6 833.56 800.07 873.01 850.03 0.233898
6 1169.95 651.01 1266.20 692.41 0.232993
2 1039.16 1069.32 1051.50 1101.46 0.230789
7 740.57 898.84 798.29 927.91 0.228364
1 1228.82 899.32 1238.80 920.27 0.225304
4 323.25 635.99 343.46 642.65 0.225106
10 962.54 1288.47 993.43 1324.57 0.218746
3 1263.46 1167.32 1284.27 1211.47 0.215405
1 880.25 802.93 891.69 827.88 0.215371
3 1330.01 1172.56 1352.20 1198.96 0.214824
4 285.29 635.33 307.46 642.85 0.213174
3 1605.09 1278.74 1636.24 1320.14 0.211145
7 1146.73 891.83 1203.33 924.76 0.204403
4 315.81 748.80 341.70 762.10 0.203828
6 1234.69 951.62 1337.79 1017.77 0.203480
