4 328.31 496.53 432.91 544.53 0.610328
4 1450.17 489.69 1534.32 530.12 0.596309
4 1455.05 758.78 1530.55 829.03 0.586448
4 158.52 542.75 267.67 588.81 0.586339
4 1210.50 423.16 1291.06 456.32 0.580767
4 1665.74 550.72 1757.80 594.03 0.577240
4 1778.19 566.99 1892.22 610.20 0.574759
4 535.13 440.92 621.58 481.73 0.552990
4 1534.59 519.64 1640.52 564.51 0.530227
1 1820.47 1048.62 1851.43 1102.66 0.526957
4 44.91 521.87 146.50 562.41 0.525429
5 1285.65 430.15 1369.15 476.44 0.523800
4 706.66 403.93 786.84 442.58 0.521924
1 1307.31 976.30 1335.92 1025.82 0.521570
4 0.02 522.15 36.50 558.64 0.488140
4 1743.83 818.18 1800.34 871.31 0.481470
4 620.64 417.93 695.50 460.64 0.470456
4 826.21 910.79 976.76 991.70 0.434007
4 832.16 314.34 862.81 345.51 0.416767
4 572.59 1123.05 706.56 1270.45 0.415066
4 849.91 293.00 881.10 322.89 0.413820
4 921.14 918.63 977.34 992.79 0.411442
4 967.23 533.47 1011.57 554.08 0.411231
3 1304.60 1001.94 1333.34 1023.68 0.369728
1 1301.72 976.33 1317.35 1023.55 0.357136
5 976.02 476.03 1019.75 554.56 0.318517
3 699.30 432.83 726.65 456.12 0.315250
4 1188.57 616.54 1219.36 650.41 0.312879
4 1079.44 150.18 1098.38 171.01 0.311777
4 834.41 278.72 847.05 294.85 0.306179
3 1151.94 384.55 1175.31 405.55 0.299693
4 1377.60 1193.81 1435.99 1238.37 0.296589
2 712.46 1318.19 740.44 1381.28 0.288277
1 1892.37 183.85 1928.84 220.11 0.286994
1 1516.87 434.31 1535.94 468.17 0.280676
4 1191.28 97.45 1218.18 111.79 0.280193
1 1405.67 422.49 1426.02 469.25 0.277714
2 1867.13 565.28 1879.80 582.73 0.274060
6 1163.71 98.87 1191.01 115.51 0.246123
4 327.14 975.05 448.12 1116.47 0.243348
6 656.75 369.07 726.76 419.43 0.240697
6 1511.86 361.30 1560.08 391.90 0.238622
1 1142.37 579.43 1155.92 614.27 0.238098
4 141.25 872.79 256.16 921.64 0.235237
3 1953.54 573.23 1994.84 599.02 0.226651
3 1376.16 445.57 1387.25 471.75 0.221477
2 1148.42 648.41 1166.01 680.89 0.207173
