5 290.15 217.71 330.41 237.32 0.556819
4 368.55 276.58 418.21 296.17 0.537924
4 896.79 265.03 949.31 284.04 0.536728
4 208.80 303.08 264.72 326.45 0.531209
4 112.81 227.29 155.54 245.78 0.528936
4 183.88 226.15 226.26 242.91 0.513134
4 496.62 268.52 537.77 287.69 0.501659
4 238.71 222.56 279.85 239.58 0.496162
4 2.92 232.36 50.73 252.47 0.489912
4 610.28 206.00 647.84 223.51 0.466603
4 748.74 203.63 786.36 218.57 0.464753
4 808.33 200.29 843.95 216.31 0.448190
4 605.58 277.25 652.71 298.53 0.445122
4 341.05 218.51 381.50 235.11 0.434505
4 850.16 201.74 884.07 214.87 0.433787
4 706.11 205.82 741.52 219.13 0.425471
4 894.21 197.86 930.89 214.40 0.423534
4 437.28 215.95 474.55 232.01 0.414417
4 658.87 207.93 696.33 221.51 0.411603
4 651.42 273.81 699.49 296.32 0.399578
4 489.98 211.37 524.99 227.81 0.396102
4 383.12 218.89 417.61 233.37 0.388416
1 58.15 299.70 67.51 318.89 0.384905
4 940.65 200.52 959.57 213.15 0.376520
4 540.82 204.09 572.09 216.13 0.349326
4 540.32 211.50 572.95 226.66 0.345892
1 789.15 251.24 800.34 267.67 0.266529
3 82.31 220.10 96.70 240.36 0.250810
3 731.36 261.20 749.82 283.92 0.224665
3 803.43 257.48 822.69 279.67 0.220880
