4 654.84 259.52 734.41 297.82 0.604066
5 539.32 360.59 653.71 438.34 0.392253
6 322.78 428.24 442.28 520.64 0.390556
5 1159.76 686.31 1300.76 764.72 0.364973
6 547.16 308.91 619.68 343.08 0.357248
6 1213.58 237.76 1316.73 311.34 0.346728
5 1037.51 661.37 1150.29 764.26 0.334679
6 1244.13 297.69 1359.67 384.07 0.332349
6 144.86 255.08 224.21 314.71 0.307167
1 1179.15 344.04 1194.38 372.38 0.298125
5 674.49 341.37 743.74 401.96 0.294006
5 769.22 313.81 834.54 372.67 0.293728
6 913.11 646.55 1063.57 764.45 0.293311
4 1301.16 695.64 1359.73 764.57 0.292828
6 1246.64 416.20 1359.63 510.00 0.284907
5 718.22 324.56 783.54 382.89 0.284297
6 1158.87 144.79 1265.98 203.06 0.284257
6 1104.82 371.61 1223.61 450.88 0.279926
6 1013.95 153.21 1119.29 213.93 0.273690
1 1337.16 227.47 1347.74 252.60 0.271008
6 592.89 599.99 760.66 764.57 0.264228
1 1256.07 349.68 1272.73 385.42 0.262956
6 1173.06 391.51 1298.29 475.06 0.262431
6 755.04 627.15 878.95 764.41 0.261997
6 434.20 575.10 640.69 764.65 0.261007
6 816.61 334.07 1156.59 499.11 0.258655
5 588.24 353.00 695.44 421.26 0.254984
6 816.31 409.62 952.53 498.79 0.251543
6 739.96 7.08 800.96 30.30 0.249500
6 1045.57 340.97 1156.65 419.53 0.242629
5 812.58 303.09 873.27 359.70 0.234844
6 336.38 556.49 511.86 756.47 0.227726
5 1236.54 184.50 1317.23 221.64 0.225803
5 275.26 540.55 375.81 608.84 0.225431
6 855.75 205.90 935.61 255.89 0.221814
5 336.02 544.92 376.26 603.16 0.220821
6 866.50 390.95 1007.70 478.32 0.220813
5 990.32 187.79 1023.65 216.08 0.220794
4 654.46 326.33 700.13 350.11 0.217872
5 1324.51 482.81 1359.78 537.62 0.216504
2 245.67 273.26 278.11 301.09 0.215969
6 268.99 550.79 427.58 698.55 0.215163
6 0.53 578.88 302.70 764.36 0.207151
6 855.58 205.21 1023.28 266.06 0.205892
6 1286.61 252.06 1359.87 310.33 0.204227
