4 1095.52 389.40 1141.79 433.30 0.600178
4 921.01 700.31 951.36 774.72 0.538517
4 1147.46 328.68 1184.87 365.36 0.538403
4 975.22 572.74 1029.92 636.94 0.495609
4 1313.21 215.10 1341.16 248.30 0.481605
4 1011.26 502.47 1063.41 565.89 0.468681
4 524.87 1269.13 662.05 1441.62 0.453906
4 791.64 853.45 882.49 965.34 0.450111
4 1211.16 251.35 1245.69 285.51 0.377524
4 623.98 1099.28 735.73 1254.36 0.374963
4 1762.77 281.04 1792.08 304.81 0.273892
6 1228.70 79.50 1277.08 109.65 0.266295
6 755.52 136.86 788.86 161.91 0.253571
1 658.26 1166.86 688.89 1200.23 0.237939
4 485.18 1116.10 580.09 1205.24 0.224958
4 1290.91 237.54 1330.30 251.04 0.221000
4 1137.39 339.36 1155.26 365.10 0.217214
4 107.54 243.66 175.34 265.06 0.215304
4 1008.20 524.36 1023.92 564.26 0.212635
6 752.85 199.38 782.03 222.42 0.210352
4 1204.44 258.80 1217.20 283.08 0.209629
6 1794.78 280.76 1999.55 529.81 0.205785
