4 437.89 1066.02 487.26 1133.12 0.627357
4 291.00 1264.79 360.84 1354.83 0.589597
4 565.69 829.77 629.94 858.98 0.561737
4 838.58 938.01 892.28 985.54 0.540064
4 843.95 551.91 864.82 574.88 0.506478
4 808.43 734.49 849.62 765.56 0.502396
4 646.38 781.38 679.57 821.42 0.500262
4 229.38 1071.45 297.98 1143.46 0.497482
4 115.24 1238.82 178.74 1299.61 0.494655
4 736.36 1208.44 782.67 1272.27 0.490364
4 1841.72 1139.95 1956.92 1188.03 0.489321
4 772.03 1257.49 823.01 1304.84 0.477985
4 661.19 1469.23 730.48 1499.81 0.476476
4 762.97 1128.91 806.44 1190.15 0.470636
4 750.15 874.80 798.29 907.16 0.469435
2 1151.35 344.35 1271.12 404.07 0.469408
5 1927.87 1274.18 1999.59 1381.44 0.464469
4 742.70 718.66 775.99 748.58 0.460834
4 799.28 478.00 821.97 499.16 0.453123
4 511.37 882.66 553.87 937.27 0.451466
4 178.79 1145.78 241.43 1219.27 0.449707
4 836.21 420.26 855.91 436.21 0.441351
4 886.99 532.09 911.05 552.27 0.437914
4 1357.71 1232.53 1385.00 1315.40 0.421945
4 899.43 680.18 925.82 704.85 0.421808
4 1928.18 1275.17 1944.82 1317.50 0.418971
4 517.97 822.53 541.20 854.92 0.412113
4 1828.74 1211.78 1897.38 1280.36 0.411215
4 323.60 965.51 381.99 1022.34 0.409767
4 1827.06 1287.44 1895.84 1367.10 0.403062
4 645.89 570.98 673.81 595.58 0.401086
4 1632.89 1201.90 1689.57 1266.69 0.399329
4 1335.22 554.34 1383.81 588.17 0.398825
4 614.71 614.99 640.31 640.26 0.394102
4 1526.52 1070.77 1566.89 1121.55 0.393186
4 1475.85 1068.96 1518.73 1130.26 0.391130
4 847.99 376.86 863.95 392.61 0.389389
4 1785.28 1209.59 1848.87 1283.27 0.384699
4 1429.18 1192.82 1475.19 1253.11 0.384512
4 673.05 533.11 698.32 557.27 0.379973
4 1577.89 1194.73 1633.76 1264.58 0.379710
4 1477.23 1192.76 1531.36 1263.82 0.379027
4 709.67 491.00 732.13 511.74 0.377960
4 1933.74 1212.95 1999.63 1287.19 0.377384
4 876.17 356.63 890.89 372.29 0.371355
4 1680.52 1203.16 1745.72 1277.95 0.365680
4 556.47 688.95 579.34 713.06 0.363741
4 1734.33 1206.02 1799.86 1280.18 0.361845
4 1598.84 1076.16 1649.75 1138.24 0.361186
4 64.17 1358.71 102.14 1409.44 0.360041
1 846.40 1229.21 860.08 1258.44 0.357470
4 1526.28 1192.98 1585.38 1267.15 0.357276
4 691.81 516.67 715.21 536.85 0.356871
4 1711.93 1280.46 1783.35 1348.34 0.351759
4 1427.96 1056.56 1474.62 1128.53 0.350971
4 1609.09 1270.19 1674.41 1340.38 0.349314
4 1660.42 1276.72 1731.19 1346.11 0.343579
4 1657.50 1070.41 1720.04 1143.62 0.341262
4 913.87 275.87 926.29 287.50 0.341259
4 1507.58 386.43 1542.67 401.57 0.340170
4 1555.05 1264.57 1616.05 1338.02 0.338792
4 1499.47 1268.12 1558.27 1334.80 0.337661
1 189.13 1262.24 209.31 1295.42 0.337338
4 706.26 578.64 719.07 597.65 0.337296
4 724.94 473.20 746.58 491.92 0.334322
4 927.31 371.37 944.23 387.04 0.332101
4 953.77 315.49 970.12 330.77 0.331682
1 892.93 1127.35 903.94 1155.81 0.321619
1 920.44 1119.27 930.66 1146.38 0.321005
4 937.22 559.03 957.36 580.59 0.320432
4 0.07 1397.33 51.60 1493.34 0.320109
4 950.90 506.48 969.07 528.95 0.318552
4 593.32 636.86 621.69 663.54 0.316890
4 736.59 457.92 754.90 476.39 0.310524
1 774.56 901.02 790.96 927.76 0.309407
4 802.48 376.31 816.54 391.67 0.308192
4 1770.01 1280.29 1848.94 1363.92 0.308141
4 855.65 1073.39 885.59 1097.25 0.305755
4 1448.26 537.87 1487.13 559.34 0.303487
1 871.30 1123.63 884.16 1151.37 0.302366
4 565.22 832.89 589.20 855.99 0.300623
4 776.45 1069.62 819.56 1126.76 0.296980
4 1419.05 537.81 1442.11 557.49 0.296528
1 881.01 669.99 891.35 690.21 0.292771
4 917.95 618.58 942.08 640.38 0.292632
1 419.26 863.56 431.91 887.28 0.292176
4 1447.12 442.92 1475.14 455.63 0.292098
1 457.40 876.95 474.37 904.22 0.289859
4 1309.33 838.95 1340.85 858.23 0.284929
1 888.95 720.50 903.18 760.87 0.284739
1 890.49 720.92 900.24 741.01 0.283502
4 910.96 635.49 932.26 660.22 0.282579
4 924.39 597.98 945.53 617.28 0.281923
4 1934.35 1213.39 1944.80 1240.62 0.278135
4 913.49 577.40 923.81 594.90 0.276619
4 1450.42 1254.74 1507.03 1331.48 0.273959
4 1004.68 347.92 1020.84 363.93 0.273091
4 1017.25 179.94 1028.20 192.92 0.271449
4 757.59 431.84 779.16 450.38 0.266828
4 959.40 252.47 978.37 265.18 0.265291
9 981.46 292.48 1011.42 310.09 0.265081
1 614.35 674.63 625.55 694.97 0.263269
2 838.33 793.12 849.28 814.94 0.261009
4 925.14 487.16 948.34 506.55 0.256189
6 1398.74 236.98 1421.81 260.64 0.254892
6 1525.25 1042.24 1565.66 1084.72 0.244342
4 579.49 662.68 602.18 687.03 0.241959
4 909.11 662.65 929.87 681.17 0.241758
4 1321.93 886.30 1353.85 909.06 0.238881
4 962.88 455.41 971.35 470.19 0.237805
4 943.05 435.08 953.59 449.42 0.235042
4 921.14 638.53 938.69 682.44 0.234900
1 381.90 905.38 393.44 928.05 0.234647
3 1348.11 517.24 1367.08 550.73 0.234432
3 809.42 1482.19 850.79 1499.90 0.232636
4 955.69 494.96 971.13 513.68 0.231665
4 954.02 479.62 969.26 493.27 0.231341
2 870.90 1122.78 904.68 1155.79 0.230953
4 960.03 219.04 971.68 228.82 0.230882
4 488.63 476.33 510.93 492.59 0.225362
4 982.93 172.28 996.27 182.79 0.222398
3 444.86 885.85 477.85 915.83 0.222246
4 750.58 885.11 772.87 906.56 0.221687
6 1743.05 1019.19 1941.23 1149.84 0.221566
1 853.98 855.38 865.84 876.46 0.220972
4 335.52 889.28 352.60 921.28 0.219370
9 1001.42 324.00 1023.75 361.30 0.219068
4 925.00 486.20 937.07 497.87 0.212632
3 528.21 725.69 546.01 752.82 0.212419
4 852.83 310.19 865.80 321.77 0.210873
4 961.23 267.80 974.98 279.82 0.210514
4 219.32 1271.41 239.04 1298.82 0.209683
4 1545.54 416.24 1568.59 426.64 0.201591
