4 330.91 991.26 453.31 1139.98 0.595764
4 877.24 205.53 923.97 264.50 0.575839
4 806.59 129.13 860.48 168.59 0.555189
4 697.52 440.21 786.30 542.96 0.535762
4 1447.81 147.75 1486.50 187.67 0.531267
4 109.22 1289.48 289.83 1499.09 0.509150
4 377.15 992.04 451.89 1023.78 0.495851
1 312.91 918.20 355.07 971.77 0.475768
5 1460.91 361.86 1508.58 427.81 0.460322
4 848.55 59.75 888.37 99.48 0.453519
4 1018.71 0.00 1053.50 26.51 0.439611
4 1463.90 439.92 1521.89 509.78 0.431213
4 914.32 148.93 958.64 199.53 0.422949
4 803.98 49.75 851.48 91.37 0.421193
4 1240.60 77.28 1277.22 122.98 0.408998
4 1305.68 3.04 1340.42 45.67 0.402017
4 1307.51 218.43 1356.60 279.90 0.400485
4 1456.12 230.47 1493.43 279.44 0.398488
4 1237.75 198.84 1281.81 260.91 0.396818
9 1215.93 357.84 1275.98 446.12 0.396556
1 1517.79 255.59 1545.90 295.38 0.393593
1 420.82 648.56 441.49 686.03 0.388363
1 1414.98 225.96 1430.04 256.70 0.384732
1 1017.34 110.27 1030.44 139.42 0.368231
1 1451.73 205.81 1478.82 242.47 0.366523
4 1303.36 74.02 1344.22 120.28 0.364571
1 999.37 105.58 1013.64 139.78 0.362693
4 976.15 47.65 987.06 76.26 0.356735
4 921.13 9.77 942.30 44.71 0.355719
4 1449.16 0.19 1475.26 16.70 0.342834
4 866.57 0.11 928.81 22.55 0.330588
1 217.98 886.64 244.91 929.54 0.318070
1 1496.81 216.61 1513.94 258.50 0.298169
1 1521.54 286.54 1543.30 339.93 0.296565
4 1445.36 17.38 1477.94 76.85 0.293466
4 1316.26 73.12 1343.66 97.09 0.293001
3 427.80 664.83 457.65 696.59 0.284673
10 1525.40 1071.66 1660.67 1334.22 0.283575
3 1570.17 209.27 1606.17 279.97 0.277730
3 761.83 335.68 794.50 357.93 0.257283
4 1221.74 1110.39 1311.65 1335.76 0.249991
1 1435.83 249.07 1456.41 293.85 0.242937
1 62.73 1045.77 104.63 1092.80 0.233352
4 581.97 754.11 616.85 791.65 0.231747
4 765.75 0.11 781.99 26.01 0.229587
3 1406.45 238.35 1428.33 267.77 0.227189
1 1.36 1454.69 38.34 1499.41 0.213809
9 1142.48 757.62 1217.77 914.44 0.213122
2 1572.88 207.54 1597.80 243.90 0.211602
2 778.64 6.69 791.64 30.26 0.205910
4 1015.76 4.92 1023.85 25.91 0.200651
