4 937.96 132.05 1191.43 358.71 0.726330
4 921.30 869.44 1139.63 1023.16 0.653622
4 937.56 199.31 1023.74 357.37 0.646135
4 835.15 894.35 1023.68 1095.44 0.633431
4 0.23 875.19 232.87 1023.28 0.546484
5 331.30 590.17 508.91 884.02 0.520669
5 998.89 604.76 1372.11 825.41 0.484826
7 220.88 583.78 325.03 779.19 0.442972
10 1791.04 146.60 1997.70 351.08 0.429079
4 921.41 1126.41 1098.82 1415.13 0.383057
6 921.50 375.98 1343.59 614.39 0.373791
4 175.07 48.07 450.46 224.19 0.370377
4 1882.80 1070.72 1999.35 1409.11 0.342439
4 165.33 307.43 543.94 486.49 0.328569
4 1929.79 515.67 1999.31 638.02 0.316510
4 1236.09 476.37 1343.47 580.57 0.301445
1 874.11 981.31 926.37 1064.88 0.267642
4 959.92 0.00 1023.64 78.88 0.265621
4 0.74 760.26 282.14 852.61 0.260160
1 1133.88 1420.02 1175.86 1499.26 0.252115
7 0.44 1069.82 302.71 1498.66 0.247228
10 820.21 1131.71 1023.61 1414.23 0.232375
4 1844.38 1106.07 1944.58 1395.47 0.230645
3 1842.45 1256.09 1909.49 1335.19 0.211195
6 977.39 101.00 1370.40 829.48 0.204186
6 1384.93 0.32 1999.05 1022.64 0.200781
