4 987.84 807.47 1344.56 1088.33 0.683009
4 1507.69 476.10 1811.31 609.59 0.631789
4 1842.53 127.61 1944.74 300.51 0.624003
4 1415.40 277.83 1717.80 484.79 0.611305
4 1757.22 688.86 1999.59 955.69 0.610232
5 976.25 617.15 1224.68 855.40 0.601138
5 880.99 662.36 1023.75 857.13 0.588362
4 1665.09 0.00 1822.51 138.41 0.543293
5 1077.91 0.16 1342.41 141.95 0.532657
4 986.79 932.71 1023.64 1061.06 0.519922
6 1281.75 137.19 1570.70 356.72 0.519769
4 972.30 0.01 1113.25 65.75 0.512667
5 1198.46 27.38 1439.79 207.38 0.511429
10 661.64 693.89 736.29 774.99 0.459785
4 972.69 0.02 1023.74 53.51 0.432013
4 1162.29 1208.12 1710.48 1498.27 0.396315
10 1201.08 231.18 1243.59 290.79 0.360374
1 484.28 924.76 530.13 991.91 0.352417
3 771.74 942.98 842.52 1018.74 0.350922
4 976.08 1378.03 1037.77 1499.39 0.350332
3 548.35 144.10 588.82 200.96 0.341258
3 674.04 476.13 774.82 550.96 0.335320
1 1301.98 323.24 1354.73 393.43 0.327374
2 536.11 403.64 607.72 492.46 0.309547
7 739.25 223.87 823.99 322.83 0.302435
7 384.16 128.99 481.94 201.82 0.291761
4 921.23 1271.90 1038.41 1499.34 0.276372
7 606.68 610.87 679.45 706.25 0.262290
7 428.12 145.86 482.06 191.83 0.255635
7 547.87 122.83 650.61 201.65 0.251145
2 634.74 495.76 662.86 550.23 0.250794
7 526.38 484.41 592.46 560.81 0.244906
2 472.21 315.98 504.79 370.46 0.244559
3 722.05 393.52 781.60 470.47 0.244306
3 809.99 1049.90 851.65 1098.37 0.231537
2 571.58 778.13 631.10 833.10 0.231074
2 539.90 476.00 582.29 495.37 0.223457
7 441.91 282.54 575.44 371.18 0.223259
2 530.69 606.52 567.60 652.59 0.216880
2 1513.36 343.30 1563.26 395.57 0.216148
2 1332.69 286.86 1376.64 325.78 0.208654
10 1444.55 194.21 1470.57 230.88 0.208355
2 588.55 495.99 663.15 573.19 0.202752
