3 1521.76 710.42 1599.38 777.56 0.706481
3 1750.34 847.04 1844.63 909.97 0.627334
2 684.29 726.67 718.93 797.41 0.580180
3 1190.77 588.10 1234.11 632.53 0.550198
2 206.99 278.30 247.78 348.45 0.533408
2 857.02 688.34 891.68 766.33 0.515380
3 1406.41 519.77 1461.51 588.91 0.507643
2 814.17 661.39 849.42 699.08 0.499961
2 895.22 520.57 918.79 587.76 0.492412
2 923.01 546.34 947.22 593.88 0.490846
2 996.63 831.64 1025.97 889.07 0.459025
2 976.13 801.75 1001.56 872.66 0.449418
2 1016.16 792.02 1045.27 852.52 0.442799
3 920.96 782.23 951.22 821.18 0.431615
2 898.96 685.44 934.33 733.79 0.430916
2 865.50 622.59 906.21 678.57 0.423406
2 1101.73 565.56 1127.51 621.60 0.423406
2 882.30 638.53 906.96 698.51 0.411042
2 965.59 742.88 993.10 788.74 0.400449
3 995.45 896.18 1040.39 944.95 0.382676
2 775.64 636.88 802.31 675.17 0.354195
2 727.66 624.73 757.37 679.41 0.346400
2 1402.69 467.29 1434.03 567.99 0.339138
2 941.28 721.42 962.30 763.69 0.336395
2 1016.40 793.32 1023.93 840.96 0.322333
2 1033.83 844.69 1071.42 889.08 0.318037
2 959.48 714.68 990.31 779.77 0.305263
2 762.84 634.29 781.19 671.64 0.290222
7 1036.39 758.89 1078.69 817.58 0.285672
2 921.13 692.79 934.27 729.57 0.279056
2 1406.55 516.11 1430.49 574.16 0.251498
2 976.10 791.76 1070.74 890.46 0.235343
3 925.51 578.22 948.30 594.61 0.231974
2 752.13 627.16 768.36 667.50 0.210632
2 1534.62 711.15 1582.76 750.84 0.208365
2 921.87 692.35 1078.27 891.73 0.207174
2 681.45 518.27 1023.68 943.35 0.206374
