3 879.58 878.90 917.81 910.62 0.547531
3 913.22 832.37 941.32 861.82 0.504905
1 868.04 850.86 888.40 894.46 0.459961
4 1007.60 901.64 1075.15 1002.78 0.458262
4 1075.11 505.83 1100.04 527.82 0.435315
4 864.25 935.46 959.76 1000.33 0.428655
7 1108.58 773.07 1136.06 826.15 0.428526
5 906.75 772.86 972.17 828.43 0.423269
4 1097.63 553.79 1138.88 589.34 0.414778
1 1521.95 1014.48 1550.87 1061.60 0.413019
4 1036.44 777.78 1071.00 827.71 0.386000
3 893.81 917.59 944.61 942.11 0.364252
6 369.77 195.96 463.80 215.05 0.363655
3 1121.46 512.96 1136.02 538.32 0.361210
7 934.13 893.83 975.24 938.64 0.358769
6 1140.41 868.74 1175.16 945.10 0.356065
3 1130.65 489.98 1147.59 514.10 0.353701
1 1347.17 858.42 1363.02 894.40 0.343717
4 1495.13 938.45 1539.23 986.45 0.343534
1 1388.73 595.47 1400.33 625.97 0.342091
4 1551.49 418.97 1601.08 442.60 0.334986
4 1198.23 266.21 1212.12 283.06 0.331899
4 1128.07 217.28 1142.23 230.79 0.317440
3 1172.07 595.78 1184.65 618.32 0.315479
2 1160.60 489.29 1173.91 514.91 0.314940
4 1185.95 207.90 1198.83 219.58 0.307996
3 1466.88 854.65 1505.30 883.73 0.305140
4 1280.12 578.33 1372.76 615.04 0.304404
3 1453.95 1050.35 1480.71 1078.06 0.302587
3 1431.21 796.23 1466.35 821.31 0.296767
4 1120.05 265.68 1132.29 281.88 0.292751
7 1381.57 658.26 1421.79 681.75 0.284198
1 1139.95 358.80 1149.80 377.91 0.280784
4 1441.79 239.95 1471.50 254.11 0.280120
3 1326.60 855.29 1345.10 892.38 0.279807
1 1156.03 423.46 1167.81 445.91 0.278040
1 1196.71 361.23 1206.85 380.46 0.263795
2 1405.91 591.39 1423.12 622.55 0.261577
4 203.12 654.79 242.09 678.54 0.259424
1 836.91 886.03 860.78 928.57 0.258815
9 1250.59 104.42 1287.01 114.68 0.258437
2 1415.95 838.48 1433.25 865.36 0.252673
4 1214.89 292.78 1226.09 305.70 0.251822
4 1400.00 869.16 1450.94 905.25 0.247782
9 930.38 106.11 996.56 135.01 0.245901
3 1342.70 876.55 1354.82 903.84 0.242963
1 1005.74 914.26 1023.92 999.18 0.235125
2 1201.59 322.18 1210.40 338.24 0.232555
7 1324.69 607.92 1361.18 631.59 0.232168
3 1542.88 1011.09 1567.33 1042.18 0.230448
4 1170.73 234.20 1180.70 245.58 0.229301
2 1452.59 690.76 1466.58 724.50 0.222312
4 947.97 657.61 971.89 689.73 0.216341
1 1006.12 917.74 1023.73 949.31 0.214035
2 1159.54 237.63 1167.01 250.23 0.212199
4 1039.54 310.67 1063.73 326.90 0.209535
4 1412.63 937.70 1539.77 987.55 0.208226
3 1114.78 799.65 1133.09 826.62 0.200305
