4 270.81 89.35 333.46 195.65 0.546521
4 753.01 499.43 813.82 624.37 0.506822
4 487.68 99.16 546.55 226.08 0.497402
4 614.73 506.41 677.08 632.00 0.494580
4 831.44 487.09 886.31 598.11 0.484308
4 418.46 88.33 481.04 216.04 0.469211
4 1475.35 485.23 1540.62 611.13 0.463139
4 376.27 512.96 440.95 639.05 0.462826
4 1126.70 446.53 1178.11 571.24 0.442175
4 1173.93 84.16 1227.45 209.32 0.436493
4 695.27 105.11 755.04 231.93 0.426130
4 769.03 102.70 826.35 237.70 0.413468
4 844.76 101.01 898.28 245.96 0.412963
4 1755.39 117.76 1810.11 229.06 0.380075
4 1439.63 86.26 1497.68 212.39 0.380028
1 1629.43 518.79 1658.13 566.79 0.374750
4 1503.90 96.37 1564.96 214.98 0.368450
4 1493.72 668.96 1597.91 705.10 0.344239
4 1040.81 675.30 1130.34 705.35 0.329120
4 915.94 684.13 989.40 706.00 0.306617
4 1386.06 673.23 1462.13 704.33 0.303345
9 484.48 677.56 602.16 710.09 0.296066
5 1090.07 649.54 1143.02 700.35 0.274713
1 187.21 119.52 206.53 152.98 0.264833
4 770.45 745.84 863.78 781.27 0.253478
4 1258.61 513.97 1325.22 649.30 0.234442
6 281.20 645.56 340.70 703.51 0.215169
2 543.31 700.13 557.36 720.90 0.209703
2 1273.80 521.08 1313.85 574.18 0.204559
9 918.06 669.23 1009.79 700.67 0.201666
