4 311.99 65.51 350.50 103.59 0.581695
4 416.64 8.45 445.59 35.54 0.575074
4 306.54 0.00 338.79 22.05 0.541608
4 258.51 200.29 314.23 257.83 0.520230
5 160.39 326.36 243.09 436.64 0.511199
4 806.43 286.18 915.46 346.07 0.511049
4 703.52 301.05 774.32 373.67 0.504412
4 861.67 700.71 952.94 764.64 0.500409
4 762.00 459.65 849.92 570.28 0.484063
4 1099.37 265.78 1200.96 358.09 0.463658
4 934.44 113.88 1024.68 150.26 0.461015
4 974.29 180.20 1083.27 226.60 0.454248
4 336.08 65.60 350.54 102.73 0.445450
4 0.42 602.43 124.10 764.53 0.444270
4 974.26 183.21 1023.61 222.36 0.440321
4 218.22 268.12 283.23 346.15 0.439267
4 732.60 376.33 810.25 462.13 0.435417
4 87.81 498.34 170.19 588.30 0.414059
4 1023.30 259.43 1104.75 339.00 0.411433
3 981.19 710.06 1023.68 764.41 0.405233
4 661.54 152.93 694.91 195.28 0.405167
4 113.93 462.79 193.84 521.16 0.401051
5 859.48 32.34 979.70 87.49 0.374825
4 888.98 80.98 954.26 110.08 0.371169
6 626.19 7.33 779.60 72.47 0.362456
4 870.00 405.08 901.46 443.67 0.355517
3 242.57 96.89 256.53 114.88 0.333379
4 638.98 93.21 668.82 137.24 0.329720
4 627.93 69.09 690.44 104.75 0.328544
3 1104.11 209.68 1142.62 239.09 0.325713
3 1322.11 657.05 1359.73 721.13 0.320220
7 1015.29 437.89 1083.43 518.07 0.312956
1 972.99 188.16 992.35 232.61 0.307387
5 597.92 51.18 648.70 90.65 0.305383
1 1253.29 487.98 1280.05 523.56 0.298931
3 1029.17 135.75 1060.33 158.91 0.298038
3 990.78 158.00 1010.13 183.28 0.294253
4 715.00 85.79 781.53 134.39 0.276867
3 1152.84 462.64 1202.62 502.67 0.270122
3 1091.68 404.76 1149.39 454.52 0.267605
2 1187.33 396.17 1212.86 434.70 0.267102
3 1079.77 169.23 1095.53 199.42 0.256403
3 1051.05 156.04 1087.64 180.21 0.255497
4 162.61 514.96 207.08 572.02 0.252051
4 825.27 586.89 900.49 679.91 0.251338
4 1014.08 417.98 1023.91 480.24 0.248484
3 1079.22 444.23 1102.92 479.85 0.239028
1 1118.18 207.86 1135.66 233.19 0.229940
3 1130.04 440.93 1180.26 479.55 0.218702
3 1085.68 478.06 1116.04 521.84 0.216317
3 1125.37 123.44 1161.94 176.09 0.215931
4 1219.61 213.38 1259.98 239.99 0.214011
4 689.77 216.69 754.86 265.07 0.212253
7 1039.01 522.56 1106.78 620.57 0.210033
2 825.73 13.85 835.83 40.28 0.207102
2 1038.57 389.25 1084.56 430.61 0.205550
3 1083.76 117.08 1109.26 139.86 0.204317
3 1039.59 321.25 1124.33 367.65 0.200898
2 1164.48 351.20 1209.19 391.02 0.200293
