4 708.52 470.67 780.52 506.40 0.514342
4 168.92 112.42 184.56 126.27 0.438937
9 471.99 121.96 498.27 142.87 0.426279
2 409.05 114.85 632.09 194.94 0.418531
5 314.92 187.19 360.71 225.70 0.414902
5 513.31 333.94 582.22 369.51 0.401059
4 86.10 125.26 102.98 142.39 0.398691
6 734.92 79.31 757.00 94.78 0.389087
4 0.06 298.33 25.41 330.57 0.384205
4 595.39 399.68 658.45 450.98 0.384179
3 48.57 398.76 61.29 417.15 0.383763
3 56.16 344.71 67.68 365.10 0.381743
4 33.32 278.49 63.70 311.35 0.380998
4 638.33 423.35 699.93 471.70 0.375777
4 258.87 376.28 287.21 418.80 0.372519
4 48.10 242.97 75.41 272.49 0.371756
3 232.89 237.90 243.19 252.12 0.369166
4 249.35 302.74 266.04 328.45 0.362797
6 315.11 188.58 360.82 225.94 0.359773
4 540.01 371.18 603.95 405.86 0.357811
4 103.28 82.21 115.44 95.73 0.350830
4 561.73 389.43 625.33 428.60 0.350505
4 422.80 432.37 494.02 477.29 0.343055
1 898.57 224.07 906.76 241.03 0.339370
4 513.36 333.91 582.22 369.57 0.338144
4 217.42 345.19 236.95 377.44 0.336646
4 345.06 163.56 381.79 180.79 0.331153
4 708.55 91.01 725.42 104.44 0.329402
4 383.91 165.15 409.57 187.65 0.329197
3 192.43 239.78 201.82 252.52 0.329105
3 177.23 236.72 186.20 249.40 0.327385
4 310.60 150.92 347.25 166.24 0.320813
4 88.81 79.14 98.55 92.44 0.304860
4 360.42 143.80 393.56 161.18 0.304411
4 398.22 190.66 432.58 207.64 0.303470
1 53.13 311.45 64.26 336.55 0.301011
4 392.97 391.75 459.69 429.70 0.299932
4 735.02 79.19 757.80 94.78 0.297154
4 397.06 408.20 469.89 458.65 0.296459
4 501.65 316.92 563.81 348.98 0.293342
1 880.69 256.05 891.34 272.86 0.290678
4 0.09 110.20 17.14 127.65 0.289162
4 83.55 99.21 96.45 115.62 0.286541
6 289.55 45.88 333.61 88.63 0.285785
4 377.17 363.12 442.62 402.97 0.281934
4 357.61 312.78 416.02 343.52 0.278636
4 370.43 347.03 430.94 378.95 0.277332
4 307.57 178.23 347.30 197.45 0.273831
4 110.20 29.67 120.38 39.76 0.273268
4 196.41 54.85 205.78 69.88 0.271256
4 231.71 116.95 251.92 130.78 0.267786
4 135.41 113.26 143.54 127.63 0.261564
4 322.17 214.05 369.46 237.78 0.246380
5 303.12 130.25 325.08 148.91 0.245025
4 25.12 63.62 38.04 72.69 0.241834
1 115.90 200.34 126.16 219.06 0.239754
9 117.47 0.91 167.31 15.83 0.239025
3 844.27 485.48 858.52 512.35 0.237215
4 53.52 34.31 64.34 44.01 0.235296
4 71.52 211.35 91.63 231.08 0.233732
9 118.19 2.26 139.53 14.19 0.232121
4 87.72 106.47 97.01 115.86 0.231766
4 442.35 229.75 489.06 250.76 0.230678
4 725.01 76.81 738.16 88.85 0.229792
4 358.68 297.17 414.06 319.20 0.227243
4 64.05 243.14 75.58 270.88 0.227147
5 490.30 285.62 538.02 311.84 0.227104
4 690.31 97.63 705.47 107.98 0.226307
4 498.93 299.74 545.79 327.75 0.226200
4 458.17 251.27 504.76 275.79 0.224610
4 343.81 268.78 397.92 291.90 0.224243
4 99.19 17.55 108.79 26.40 0.221506
9 289.87 45.86 333.56 88.97 0.221416
2 768.80 28.28 959.21 118.25 0.220625
4 490.07 285.55 537.74 311.95 0.220426
4 446.09 241.13 493.52 263.65 0.219333
3 117.08 206.41 126.60 218.56 0.215941
4 334.52 230.83 382.58 258.35 0.212402
5 346.58 283.66 392.01 312.87 0.211844
4 192.90 72.51 200.18 83.25 0.210381
4 463.74 262.32 511.87 291.39 0.208097
1 46.70 389.51 58.06 409.80 0.206522
4 20.28 224.09 40.53 244.64 0.206051
1 233.86 399.18 246.05 415.89 0.204623
4 315.12 186.97 354.68 200.87 0.202666
3 339.70 306.79 350.52 327.24 0.202182
1 931.08 165.66 938.02 178.93 0.201301
