3 171.08 571.43 216.28 606.86 0.636187
4 933.88 391.97 1006.76 439.84 0.584758
4 916.00 338.65 1003.83 374.65 0.583097
5 301.57 231.44 350.55 285.22 0.574153
4 197.03 397.33 309.40 441.66 0.562571
4 254.58 483.20 372.19 543.66 0.545346
4 239.92 364.96 335.68 404.66 0.543738
4 1111.94 502.09 1185.29 563.20 0.528126
5 829.55 200.18 883.01 264.82 0.498059
4 113.26 277.90 180.71 308.68 0.488716
3 520.93 329.91 552.91 349.24 0.483323
4 0.24 398.73 105.53 439.74 0.475248
9 584.80 120.54 623.11 158.56 0.470472
4 74.99 309.61 170.14 342.10 0.458884
4 480.82 241.79 516.25 273.87 0.456625
4 0.10 309.82 56.53 342.19 0.453357
7 237.99 296.23 288.55 318.35 0.449483
6 584.51 120.74 623.31 158.58 0.440252
4 261.15 548.99 339.49 634.41 0.427384
4 242.58 264.28 294.25 295.71 0.423795
7 1044.63 328.31 1111.12 365.20 0.417422
7 119.87 421.97 191.61 459.39 0.403252
7 181.61 335.33 255.32 366.06 0.392715
4 340.94 248.49 380.99 285.60 0.387135
4 664.28 136.09 696.37 151.34 0.379976
4 1185.52 326.02 1257.00 363.15 0.377853
1 976.51 318.81 989.02 342.84 0.371206
4 653.34 72.86 663.35 85.79 0.369072
3 685.36 328.93 711.15 348.49 0.368074
4 541.63 242.99 573.12 273.79 0.367885
3 120.36 424.48 191.17 458.93 0.364312
1 906.39 227.49 917.62 252.36 0.357918
3 0.17 457.73 61.19 505.98 0.356335
4 654.84 119.74 676.46 135.16 0.355496
1 797.64 205.29 806.96 228.13 0.354974
4 148.91 639.03 229.18 730.53 0.354494
4 62.33 279.29 99.03 308.68 0.350475
3 113.24 325.26 147.43 350.37 0.350272
1 177.90 560.91 194.88 596.90 0.343787
5 827.39 138.85 845.61 158.80 0.340295
4 592.02 244.00 619.70 272.76 0.334540
1 334.67 275.05 345.64 304.28 0.327046
2 433.54 216.30 468.97 267.60 0.320448
3 685.77 325.23 729.72 348.24 0.319423
4 474.31 528.57 515.87 561.77 0.316870
1 893.31 220.87 903.24 243.96 0.315117
4 680.20 102.87 689.38 113.76 0.312023
4 520.87 169.84 547.68 189.37 0.304513
3 709.89 326.49 730.15 343.26 0.302950
4 862.34 182.58 884.72 204.92 0.301086
1 530.64 320.03 544.85 345.28 0.296490
1 714.11 313.70 722.71 330.22 0.295102
4 745.44 93.34 758.59 105.25 0.294261
1 695.46 320.61 706.07 342.13 0.290392
4 591.52 222.86 619.75 248.66 0.286746
4 555.34 220.14 582.19 248.36 0.279230
1 637.36 140.51 644.79 156.85 0.277494
4 491.22 141.05 531.16 156.90 0.273140
1 486.15 186.49 495.26 205.49 0.268874
4 789.75 141.38 810.84 159.11 0.266398
4 565.85 176.36 587.69 197.07 0.266272
3 497.06 199.27 517.31 218.26 0.265456
1 812.14 196.44 821.02 214.93 0.260630
1 352.31 277.09 361.67 298.56 0.260463
3 967.43 330.04 991.34 344.41 0.259973
1 151.74 419.53 169.60 454.29 0.256103
4 553.13 203.95 577.64 228.27 0.249043
4 606.83 167.09 626.84 183.13 0.247742
4 804.47 152.66 819.30 164.39 0.245746
1 538.38 184.99 545.34 202.89 0.245307
4 606.89 184.17 624.48 201.80 0.241506
2 218.27 270.01 233.62 302.29 0.241459
4 559.51 129.71 574.99 143.88 0.240260
4 850.51 42.61 872.29 55.37 0.236986
4 827.56 139.43 843.07 158.35 0.236981
4 540.60 152.65 558.94 167.12 0.236078
4 564.51 189.91 585.89 213.42 0.235223
3 1044.87 339.14 1076.16 363.35 0.234226
3 215.29 283.86 230.07 303.59 0.231797
4 599.75 202.43 623.45 228.96 0.231204
1 887.00 225.40 894.01 245.82 0.230130
6 0.12 579.71 74.19 641.32 0.229543
9 470.11 81.99 507.10 109.55 0.228247
3 931.29 274.64 941.48 291.72 0.226304
4 203.60 274.84 234.83 294.71 0.225354
4 62.23 243.13 95.56 267.26 0.224782
4 658.58 35.98 668.22 43.54 0.223589
2 120.80 322.92 133.39 346.97 0.223569
2 191.82 333.50 208.77 353.88 0.222528
4 526.39 141.61 563.75 161.81 0.219851
2 463.93 224.96 468.69 247.46 0.217319
9 831.55 158.57 844.31 185.92 0.215721
4 613.68 40.58 631.00 52.19 0.213484
4 531.19 113.38 566.24 125.87 0.211531
3 931.79 271.66 955.24 292.30 0.208584
6 1131.95 262.14 1159.11 301.69 0.205584
4 578.40 108.77 594.07 123.06 0.203428
9 735.07 155.59 746.10 179.67 0.202808
2 888.21 220.46 917.90 252.68 0.201966
