9 128.23 198.19 354.57 396.26 0.639290
9 0.56 195.09 196.50 453.75 0.604685
3 1022.38 227.12 1063.39 255.76 0.588712
4 919.26 730.09 1045.81 895.50 0.572185
1 1089.54 481.12 1129.28 549.64 0.563717
4 873.40 247.81 953.14 371.22 0.560033
1 442.04 537.24 481.08 618.71 0.543465
4 927.02 494.85 1043.31 704.56 0.534982
1 1071.22 448.17 1108.18 507.89 0.533432
1 987.02 144.67 1010.84 193.52 0.520147
4 776.16 240.72 845.58 353.23 0.513802
5 1128.75 497.68 1281.66 705.27 0.513202
4 705.12 713.48 887.85 1020.02 0.502764
4 1126.40 252.08 1220.85 351.99 0.486984
4 1087.01 172.53 1170.79 260.73 0.476090
4 1212.66 239.53 1317.31 358.65 0.473683
4 1244.36 151.09 1394.28 208.73 0.472283
4 1042.87 240.81 1131.88 359.41 0.470838
4 1296.69 229.96 1399.83 309.62 0.469034
7 563.57 523.69 604.06 599.80 0.466091
4 951.75 206.81 1042.71 355.62 0.461186
5 1177.51 701.22 1399.63 992.13 0.461059
4 1265.74 193.42 1399.57 254.72 0.451832
4 859.11 159.12 895.83 248.86 0.451169
4 1289.05 8.67 1384.78 112.91 0.450603
4 872.60 249.46 895.90 367.62 0.449685
4 1176.97 701.50 1399.25 992.23 0.434465
4 142.13 3.29 230.22 59.09 0.428291
3 1133.83 103.43 1177.89 133.40 0.427519
4 777.07 213.17 833.69 247.82 0.421816
4 1326.87 497.19 1399.89 648.84 0.410293
4 1319.13 705.79 1399.75 895.72 0.402231
4 382.91 209.01 402.32 261.82 0.398190
1 1268.32 126.48 1290.26 160.37 0.382926
4 1228.31 17.14 1295.74 107.39 0.359687
5 1225.78 18.13 1295.45 108.62 0.343821
4 361.45 8.23 421.97 45.05 0.319924
3 712.14 128.63 731.68 178.97 0.286349
7 829.25 86.39 870.07 114.02 0.269609
2 1126.87 258.03 1162.86 342.38 0.243355
4 142.20 6.72 188.25 46.57 0.236171
3 829.34 84.47 869.65 113.99 0.230278
4 1214.39 0.00 1261.56 40.16 0.218113
7 799.22 101.35 832.76 127.81 0.210534
10 566.64 523.08 603.77 557.03 0.208813
