2 353.22 830.97 389.81 879.57 0.556949
2 968.29 172.29 989.12 217.84 0.532716
2 904.42 169.72 924.90 213.60 0.513504
2 161.84 408.97 190.71 462.88 0.485821
2 772.70 93.73 791.38 131.60 0.475941
2 736.00 91.17 752.00 134.11 0.475051
2 541.42 230.55 571.03 284.85 0.462046
2 794.54 102.05 808.16 144.89 0.455191
2 626.63 91.35 646.86 136.02 0.444507
2 129.75 396.86 165.19 448.45 0.441457
2 398.66 189.83 420.62 233.38 0.414694
2 645.39 109.00 660.99 137.13 0.395066
2 416.78 226.20 445.65 280.78 0.384903
2 1336.38 45.29 1359.35 79.13 0.382333
2 51.46 358.04 88.22 418.77 0.376906
2 331.92 17.09 347.93 59.14 0.370172
2 399.34 85.58 417.42 122.08 0.366445
2 376.07 188.10 395.27 222.39 0.358083
2 80.66 367.16 120.64 429.32 0.346835
2 0.16 926.43 59.58 974.58 0.329044
2 1311.41 108.20 1350.53 160.34 0.321307
2 371.90 295.18 398.06 350.88 0.317575
2 1298.56 14.86 1324.25 53.66 0.317225
2 392.25 301.57 421.99 357.18 0.308185
2 923.90 40.57 946.03 73.61 0.305030
2 50.04 356.22 195.87 467.47 0.284811
2 370.75 230.89 401.24 278.31 0.263083
2 518.41 989.44 545.75 1026.91 0.256156
2 1330.74 0.00 1352.59 20.05 0.242855
2 367.43 187.05 453.43 361.79 0.239683
2 382.59 264.89 442.90 332.50 0.238682
2 1292.75 154.08 1337.73 182.56 0.222308
2 1316.95 45.69 1360.25 93.77 0.219798
3 1292.56 124.44 1345.72 181.71 0.212252
