4 0.07 162.56 50.28 251.56 0.559158
4 139.02 25.12 207.87 95.62 0.538582
2 714.01 243.99 725.75 272.99 0.509197
2 818.71 482.53 831.38 510.18 0.505116
2 583.41 502.49 600.94 537.25 0.463775
2 825.03 672.34 840.36 703.48 0.448601
2 675.57 33.19 694.48 56.05 0.433393
2 506.32 596.21 518.59 622.39 0.427669
6 125.15 108.24 232.54 286.23 0.423111
2 756.59 772.25 773.20 787.65 0.394934
2 670.12 2.08 681.22 23.21 0.384687
2 741.22 771.49 757.71 787.81 0.383546
4 71.81 242.17 185.51 336.10 0.383212
2 685.21 202.33 699.82 225.36 0.379673
2 395.65 98.62 407.17 123.40 0.379156
2 592.85 0.00 602.14 12.71 0.365194
2 680.41 152.56 692.69 173.01 0.361665
2 677.66 116.42 696.38 147.33 0.344503
2 433.27 167.54 445.27 189.39 0.337087
2 844.71 628.14 853.64 646.26 0.324599
2 637.56 23.69 650.92 43.34 0.321875
2 619.07 22.71 633.09 40.08 0.308236
2 584.30 169.36 619.94 197.63 0.297391
4 352.23 252.14 391.40 290.59 0.295371
2 349.86 265.37 362.02 291.56 0.294651
2 604.06 169.93 617.62 182.77 0.292408
2 856.17 654.14 868.75 672.93 0.271656
2 417.30 52.17 428.43 74.83 0.256848
2 851.50 670.45 860.70 694.52 0.256556
2 304.95 328.91 316.58 355.21 0.252321
6 352.63 251.21 391.78 291.39 0.234698
2 616.47 22.33 651.54 43.74 0.231492
2 779.35 181.72 788.88 197.46 0.231124
2 592.43 179.25 605.66 198.22 0.221309
2 111.40 280.76 127.51 297.85 0.221156
2 776.26 181.64 783.51 198.77 0.214876
2 292.24 327.81 307.46 354.34 0.211226
2 286.33 688.15 299.71 710.70 0.208666
2 374.81 24.72 389.92 52.80 0.207799
2 772.65 162.04 779.82 179.06 0.204939
2 274.44 317.17 318.67 355.64 0.204606
