4 799.49 577.18 895.75 716.06 0.642504
4 799.23 577.39 1033.26 764.08 0.614808
4 640.82 170.07 703.00 243.31 0.607623
3 553.44 251.93 577.73 292.89 0.581339
4 587.76 383.63 679.81 523.14 0.576845
3 532.50 321.09 557.82 369.04 0.571534
4 738.19 78.53 783.30 122.18 0.560627
3 3.63 328.37 90.74 369.56 0.553950
4 822.54 228.69 894.81 300.15 0.552917
4 831.20 312.60 936.81 413.89 0.541369
4 595.81 267.40 669.99 367.69 0.531188
4 777.83 153.32 838.26 211.30 0.530772
1 38.21 382.75 81.98 449.73 0.519533
2 554.44 232.53 578.76 278.03 0.511457
1 453.67 328.23 473.50 398.49 0.502105
5 512.16 97.00 570.74 179.07 0.499467
3 602.89 72.13 615.12 98.41 0.499063
1 1333.77 295.79 1359.68 355.03 0.496082
1 929.09 236.40 947.46 288.92 0.492480
3 458.42 282.68 488.08 326.77 0.484755
1 1319.00 443.14 1353.96 479.91 0.482451
2 399.16 278.29 424.16 355.79 0.481252
4 737.36 11.98 779.08 52.01 0.477491
1 398.89 277.72 425.25 356.19 0.463921
4 856.45 155.63 883.10 209.71 0.448392
4 604.71 0.01 628.50 26.27 0.419641
1 1107.89 400.65 1135.46 460.38 0.412512
2 1107.68 400.40 1135.18 460.16 0.403833
1 950.98 180.26 968.93 219.83 0.396756
4 866.83 12.60 902.07 42.77 0.392996
4 672.77 0.00 701.26 7.22 0.390295
2 951.26 181.53 968.05 218.79 0.389985
9 973.28 171.14 1018.95 200.20 0.386333
4 729.03 0.00 759.45 10.41 0.386245
2 602.54 58.18 616.54 88.37 0.382741
4 824.08 0.00 864.34 16.98 0.380896
4 332.58 219.19 428.32 275.00 0.354219
7 565.77 38.91 588.75 70.49 0.350785
3 1004.07 210.16 1025.92 244.03 0.343062
3 789.64 12.21 800.81 29.08 0.331068
2 1119.20 426.77 1155.71 493.90 0.327415
4 0.08 713.97 34.27 764.59 0.327241
4 915.14 155.05 948.90 212.88 0.322964
2 991.51 131.72 1008.10 171.14 0.322137
2 936.90 131.04 950.43 156.50 0.311418
3 930.38 184.97 951.07 225.47 0.311179
9 1004.93 93.84 1121.99 213.55 0.310908
2 977.55 135.19 990.55 171.39 0.310199
4 989.97 0.83 1012.33 29.94 0.304551
2 69.92 232.70 92.82 272.18 0.303927
4 278.93 209.06 428.12 292.57 0.301518
4 943.62 171.90 976.24 199.21 0.300664
3 929.35 206.40 942.53 225.51 0.300476
3 974.44 209.50 999.14 240.38 0.298813
3 974.43 210.32 1024.87 243.32 0.294318
1 1032.79 58.88 1051.47 96.09 0.292241
4 1128.07 0.00 1172.75 23.46 0.284800
4 546.56 13.53 566.10 35.37 0.281786
2 464.05 330.88 473.92 385.10 0.274631
4 311.74 209.38 402.25 252.95 0.273826
2 1033.20 58.58 1050.99 95.49 0.240824
3 1058.65 332.96 1082.60 376.99 0.237699
2 544.77 296.42 559.03 353.70 0.236840
3 1004.72 213.76 1035.30 263.92 0.232251
1 69.99 233.47 92.58 272.70 0.232103
2 932.47 68.82 943.62 91.78 0.226072
9 1057.40 156.96 1089.30 214.81 0.224507
2 967.03 121.55 979.42 145.57 0.223899
2 961.42 131.91 974.78 163.70 0.221073
4 278.89 240.77 338.45 291.87 0.216317
3 566.62 50.11 578.47 72.05 0.210143
2 973.54 48.51 985.00 70.39 0.209837
