4 445.44 216.36 480.26 259.95 0.461697
4 688.52 354.81 747.61 404.05 0.439480
4 585.95 373.82 644.92 424.23 0.434961
4 425.93 101.67 455.72 150.72 0.428702
6 751.08 438.12 847.45 514.73 0.427887
4 623.73 354.38 673.09 400.31 0.424583
4 0.11 136.98 29.52 174.75 0.420897
4 1156.81 652.19 1237.87 718.87 0.414150
4 689.86 402.23 747.95 450.51 0.413815
4 757.23 395.29 823.41 454.41 0.410832
4 639.73 428.67 707.28 479.64 0.405266
4 431.55 162.78 461.85 208.36 0.403543
4 510.81 507.14 543.94 573.59 0.400869
4 893.93 581.56 970.24 647.09 0.396239
5 1081.91 649.76 1170.50 726.72 0.393746
5 469.27 251.37 591.13 379.00 0.393651
4 925.01 498.08 996.39 561.51 0.393440
4 813.65 533.52 886.44 594.90 0.392957
4 1081.84 649.67 1170.18 727.21 0.387769
4 975.27 640.78 1055.93 711.29 0.383519
4 749.17 536.04 830.51 607.06 0.378517
1 606.77 68.32 615.54 86.24 0.376465
4 1203.29 726.80 1275.45 786.60 0.375769
6 637.58 0.02 895.74 378.76 0.374204
4 729.58 469.76 799.09 533.47 0.373526
4 558.68 298.92 615.17 354.56 0.372182
5 853.47 500.28 925.44 565.38 0.372008
5 1007.24 546.92 1086.44 616.48 0.371650
4 1007.50 546.75 1086.35 616.78 0.369223
4 185.66 612.23 256.35 651.40 0.364698
4 128.24 647.08 207.12 680.55 0.359596
4 186.34 583.97 260.05 617.11 0.358512
6 682.19 173.67 773.39 313.25 0.357978
4 87.81 714.42 179.49 751.62 0.351000
4 190.60 557.02 264.00 588.20 0.349850
4 110.39 680.09 193.81 716.00 0.346270
4 1301.99 744.58 1372.48 787.60 0.341073
4 81.91 751.81 165.72 787.33 0.338536
5 751.19 437.42 847.07 514.53 0.328070
4 194.83 667.45 240.43 731.60 0.327650
4 172.27 735.71 222.52 787.46 0.321332
4 964.60 573.75 1048.32 644.45 0.318366
4 465.64 503.34 503.40 575.59 0.306727
1 584.20 71.82 593.12 90.74 0.279207
4 853.80 561.30 886.66 594.24 0.278889
4 588.21 135.45 620.31 158.21 0.268787
1 830.17 400.31 840.86 414.40 0.263963
6 680.67 171.04 927.83 394.23 0.253662
6 1067.64 692.50 1174.93 783.30 0.240531
1 599.98 767.77 615.86 786.63 0.239920
6 805.32 252.64 926.82 379.68 0.235386
4 417.57 34.85 438.64 66.01 0.233887
6 1194.22 473.28 1399.34 633.35 0.228656
4 550.77 512.39 576.31 560.58 0.221254
4 1241.41 577.74 1286.30 612.42 0.211667
3 822.61 397.40 846.27 428.18 0.209504
