6 1141.26 786.59 1272.24 837.87 0.659537
4 711.64 815.26 777.06 838.88 0.641914
4 517.92 815.90 580.78 838.71 0.597127
4 934.29 885.62 1007.75 921.21 0.561381
5 1615.77 1190.04 1801.55 1293.75 0.545601
4 1104.04 1003.13 1164.09 1068.57 0.539031
4 975.79 839.07 1049.24 871.62 0.530545
5 1233.06 1208.35 1408.50 1318.97 0.530080
3 646.53 1126.69 669.11 1186.39 0.526332
5 759.81 1093.14 895.79 1176.33 0.519908
1 1788.29 1223.60 1825.50 1280.77 0.513976
4 699.20 879.58 718.26 901.57 0.505063
4 826.30 865.54 910.16 898.55 0.501726
5 1315.42 1250.08 1528.57 1327.84 0.501663
4 1177.53 845.88 1258.82 874.27 0.495490
4 341.85 746.27 378.10 759.79 0.493390
4 747.95 867.81 830.45 895.72 0.487572
4 1075.27 873.20 1161.42 906.19 0.487331
4 1865.64 1361.51 1999.45 1499.00 0.484739
5 1868.84 1210.69 1999.72 1307.50 0.477137
1 1234.04 1137.87 1264.73 1199.62 0.476281
4 1112.03 862.87 1168.56 889.70 0.467162
1 1401.87 1142.36 1430.49 1196.13 0.461294
4 1791.76 1279.17 1999.70 1409.57 0.459439
1 1948.17 1337.77 1977.53 1368.05 0.454826
1 1069.30 1192.23 1099.55 1267.36 0.452933
5 1127.25 1202.76 1213.53 1338.45 0.451745
4 1246.79 870.42 1315.15 903.99 0.450810
4 1104.12 1055.17 1149.13 1142.53 0.445014
3 1019.99 950.50 1036.82 976.99 0.443719
5 1164.11 864.77 1244.06 895.75 0.442060
1 1345.48 1159.77 1372.25 1210.60 0.441412
4 1305.53 868.48 1347.55 888.64 0.435259
1 980.24 1237.38 1014.09 1320.14 0.422812
5 1077.67 1054.83 1148.07 1142.16 0.417044
4 1047.25 882.82 1088.05 920.95 0.410102
4 1626.56 733.50 1662.84 749.00 0.408317
4 814.74 818.72 838.24 838.38 0.406947
6 1187.41 917.23 1313.08 997.24 0.406465
1 1021.92 1176.74 1053.55 1254.86 0.402113
6 831.85 801.52 1077.79 852.26 0.399105
4 1045.46 915.68 1098.60 966.05 0.389943
1 993.06 1031.62 1014.75 1075.57 0.385340
1 936.91 1119.06 957.68 1179.49 0.378825
4 932.75 885.85 988.30 895.98 0.368418
1 1278.00 1077.62 1304.29 1109.93 0.368390
4 798.48 964.11 918.08 1007.97 0.365397
2 983.33 1176.22 1014.91 1239.71 0.363479
6 833.40 799.99 895.55 850.93 0.362835
10 911.89 1319.65 946.04 1358.82 0.361632
4 771.58 986.29 895.04 1034.31 0.361559
4 663.45 752.59 699.37 765.91 0.358577
1 994.62 1077.94 1022.37 1141.74 0.349902
4 819.95 952.31 933.96 991.16 0.346366
6 783.70 1007.44 942.77 1121.29 0.345574
7 1775.66 1268.39 1862.34 1322.96 0.345188
1 1390.65 913.70 1405.96 950.92 0.344222
7 1606.15 1281.43 1686.79 1372.24 0.342675
1 782.93 1155.42 813.91 1175.77 0.339557
1 1005.22 1129.46 1027.32 1192.47 0.329628
1 1393.80 1070.10 1414.88 1106.95 0.320622
1 983.99 1069.99 1002.13 1129.90 0.316018
4 1071.83 942.00 1122.42 1002.90 0.311408
3 1260.96 1150.07 1284.88 1208.99 0.311262
4 1048.11 882.39 1082.22 895.75 0.310228
4 1104.07 956.22 1119.45 1003.18 0.308636
1 895.63 1190.28 918.90 1262.03 0.293309
4 1163.42 865.84 1244.74 904.30 0.291919
3 840.16 1173.72 854.33 1188.17 0.283703
6 1234.44 950.37 1495.31 1018.72 0.279211
2 1265.29 1102.70 1294.23 1130.47 0.276400
1 984.21 1171.41 1013.94 1241.94 0.274758
2 996.56 1161.26 1020.49 1233.13 0.273712
1 1038.40 1070.01 1051.79 1101.14 0.272996
7 905.56 1267.78 969.12 1358.84 0.272215
3 451.55 822.45 510.36 847.36 0.269432
6 1234.46 952.66 1337.60 1018.70 0.269389
7 1497.13 1102.68 1533.45 1134.81 0.262612
5 1301.21 1317.98 1611.73 1499.38 0.259303
3 1093.28 1213.36 1113.50 1257.44 0.256424
3 699.32 910.01 712.22 949.18 0.252778
3 1330.49 1172.35 1350.89 1202.58 0.250043
4 828.36 888.60 939.78 940.33 0.246970
2 907.55 1282.90 931.90 1321.14 0.237477
4 321.86 635.45 344.15 642.46 0.228904
4 316.96 748.52 344.67 765.84 0.227956
2 1262.27 1149.50 1287.85 1202.84 0.227080
9 846.24 888.11 939.69 932.33 0.216320
2 980.76 1061.73 1000.29 1130.19 0.215249
2 1145.37 801.39 1164.90 820.82 0.208071
2 977.50 1029.13 1108.46 1318.60 0.207975
2 1267.65 1097.94 1296.62 1158.01 0.207151
4 822.53 934.64 850.13 955.76 0.202553
