4 642.17 596.05 665.68 648.27 0.475414
4 1326.28 298.08 1355.20 348.10 0.445792
4 464.03 389.58 482.50 440.35 0.427499
4 472.07 7.44 510.64 47.32 0.406944
4 464.05 268.73 501.75 311.34 0.400993
4 551.92 337.79 575.54 377.41 0.391291
4 530.10 624.70 556.06 684.19 0.383905
4 1250.81 295.62 1276.73 342.30 0.380174
4 667.57 0.30 686.87 22.81 0.380158
4 1189.61 290.50 1217.26 340.31 0.375782
4 796.62 66.83 841.50 100.99 0.368933
4 1222.31 294.66 1249.55 342.27 0.361182
4 483.90 676.34 531.32 724.85 0.360855
4 794.15 203.89 829.63 253.81 0.360076
4 475.84 105.88 497.38 152.39 0.348533
4 464.12 315.12 491.99 356.62 0.347985
4 1058.12 162.44 1082.95 192.30 0.345726
1 561.94 509.92 572.27 530.30 0.340385
4 836.42 332.62 862.05 381.85 0.335675
4 1283.12 417.92 1332.50 453.30 0.327624
4 464.04 544.95 487.93 602.45 0.324290
4 794.91 31.17 834.67 64.87 0.323220
4 1055.68 209.95 1090.03 263.09 0.312623
1 757.76 419.52 768.78 440.57 0.290502
4 1253.34 735.11 1308.50 758.92 0.286961
10 431.50 613.14 455.61 665.01 0.286195
4 995.26 0.08 1021.94 24.89 0.285694
4 830.06 725.57 852.72 764.40 0.279335
4 786.53 335.36 811.14 385.80 0.267321
4 15.61 693.64 39.64 705.29 0.264198
4 1171.60 0.06 1194.24 18.73 0.259489
4 793.32 262.01 833.60 303.74 0.258844
5 475.79 105.93 497.62 152.11 0.251569
5 483.60 676.29 530.52 725.21 0.251147
4 1095.44 603.13 1139.98 632.89 0.249174
3 1174.39 430.44 1192.95 460.79 0.243789
2 758.23 419.27 768.19 440.56 0.236079
5 1212.33 421.96 1261.51 455.45 0.232610
4 1226.84 0.00 1249.81 16.33 0.230426
4 0.04 122.70 17.38 173.99 0.226976
4 1210.66 420.90 1261.14 455.40 0.225920
6 6.51 40.31 34.34 85.30 0.225888
3 1069.46 242.41 1089.12 282.08 0.225353
4 1067.58 3.58 1094.69 37.43 0.224235
5 793.45 261.69 833.76 303.91 0.222844
4 1201.98 0.00 1224.84 15.42 0.222000
5 6.41 40.71 34.42 85.47 0.220828
2 589.59 197.60 598.60 214.82 0.216734
2 577.73 137.77 586.17 156.03 0.214937
4 314.43 594.17 329.38 626.06 0.207408
4 800.44 121.44 817.87 145.21 0.206082
4 428.94 749.30 479.91 764.60 0.200010
