4 93.26 387.10 167.34 427.41 0.566189
4 276.50 510.55 363.02 539.81 0.549796
4 194.53 356.43 255.32 399.34 0.544810
9 390.95 283.28 435.80 321.45 0.540563
4 95.89 451.20 178.82 501.09 0.520394
4 240.66 426.85 295.65 483.96 0.456329
1 168.75 392.62 182.84 416.10 0.454734
4 112.88 520.24 183.23 539.47 0.449605
5 730.50 152.33 766.73 178.90 0.433823
2 274.59 266.95 676.34 514.50 0.431972
4 76.67 489.60 167.88 539.23 0.430966
4 631.49 222.09 668.57 242.40 0.374161
6 82.07 334.28 126.60 372.67 0.350291
4 709.56 238.47 760.50 264.54 0.339947
3 370.15 476.91 385.77 512.49 0.320891
1 231.76 417.19 243.16 442.27 0.318429
2 1.38 103.64 222.13 432.59 0.315866
6 715.59 181.81 738.16 200.90 0.315623
2 742.08 55.63 959.22 199.67 0.313827
4 647.36 271.19 694.70 294.00 0.304080
4 679.63 248.87 729.75 279.58 0.282958
1 36.23 405.97 48.42 428.55 0.280737
3 74.83 367.43 98.14 391.29 0.278405
4 31.22 321.20 60.61 343.22 0.261271
4 666.50 261.43 709.70 284.71 0.253622
4 176.81 292.91 197.41 306.86 0.248829
7 368.90 298.81 392.30 331.49 0.245677
3 768.58 172.01 784.87 187.57 0.244389
3 372.74 449.55 394.76 471.88 0.237805
7 416.54 417.42 455.93 448.96 0.233088
1 818.93 249.22 828.97 266.24 0.216825
4 179.54 302.50 203.90 316.17 0.215461
3 276.30 416.57 294.39 437.78 0.202001
