4 515.94 90.63 547.90 146.51 0.547780
4 344.77 178.11 396.45 212.05 0.535200
4 607.56 96.01 634.66 145.19 0.520433
4 346.12 83.52 411.31 115.92 0.464417
4 739.82 0.00 797.26 12.84 0.462319
4 503.42 0.13 527.19 18.53 0.452166
4 1256.99 67.87 1299.02 92.46 0.451194
4 820.38 695.42 908.67 732.37 0.429696
4 639.42 252.61 707.69 285.03 0.424903
4 807.15 635.77 905.11 679.99 0.423095
4 808.25 552.85 890.56 593.15 0.419884
4 788.97 323.57 861.06 356.27 0.416887
4 761.06 290.98 836.05 324.56 0.414134
4 837.89 777.18 922.28 787.85 0.413313
4 783.07 435.76 863.80 471.37 0.411158
4 632.94 356.50 707.75 393.08 0.409903
4 790.34 519.09 874.09 555.46 0.409439
1 814.69 36.97 825.13 68.64 0.406722
4 784.42 472.68 870.56 510.10 0.404011
4 683.72 218.28 750.74 249.92 0.402175
4 640.65 322.97 712.17 355.03 0.401270
4 684.86 159.45 753.90 190.00 0.400708
1 678.27 38.78 688.84 59.17 0.399058
4 637.74 289.05 706.77 321.35 0.398402
4 685.49 186.14 749.28 218.17 0.396563
4 791.76 355.97 870.07 391.68 0.394508
4 792.02 261.35 868.85 297.19 0.390636
4 769.86 60.61 799.06 118.33 0.389134
4 786.32 227.98 858.39 262.78 0.388718
4 786.77 201.84 858.24 232.80 0.385082
1 884.20 202.52 895.52 223.53 0.382664
1 917.37 312.52 928.69 334.82 0.381472
4 799.69 397.95 871.47 434.81 0.380634
4 698.17 72.13 762.53 102.31 0.378630
4 395.58 0.00 457.65 19.60 0.377958
4 239.09 510.28 288.35 592.79 0.376382
1 882.00 470.20 894.49 490.47 0.375598
4 692.90 40.58 751.56 73.30 0.365663
4 388.35 42.83 423.90 71.81 0.365580
4 693.87 98.90 760.35 128.34 0.364822
1 918.98 201.67 927.79 219.21 0.363752
1 906.17 194.86 916.01 214.34 0.363736
5 840.11 63.80 871.52 124.17 0.363108
4 705.17 120.93 759.01 155.63 0.357443
1 726.87 465.36 737.90 487.82 0.351249
1 711.84 461.42 723.63 486.86 0.343795
1 936.98 355.58 950.28 374.98 0.342788
3 1256.60 68.85 1299.86 92.82 0.340140
4 840.16 63.91 871.46 124.72 0.338313
1 962.49 566.73 974.09 584.88 0.336084
1 949.32 506.73 965.32 526.04 0.328958
4 816.72 736.87 892.27 772.48 0.328181
1 931.09 105.47 942.30 126.10 0.327999
4 940.84 1.26 976.04 25.90 0.324595
2 916.01 137.45 925.95 160.28 0.319337
2 950.65 146.73 963.64 168.48 0.318046
1 980.89 738.08 995.36 754.11 0.317966
4 544.06 499.65 579.26 582.74 0.316490
4 392.80 13.95 431.10 43.36 0.315042
4 912.96 0.16 932.08 13.04 0.310221
1 1305.79 83.80 1321.16 102.50 0.303632
2 1207.17 22.35 1233.51 51.80 0.301867
2 931.69 514.78 945.97 546.76 0.292277
3 877.12 87.46 894.74 114.15 0.291860
1 949.98 146.70 964.37 169.23 0.288384
4 805.71 70.64 837.58 123.96 0.269316
2 802.13 106.82 811.07 124.15 0.268742
1 648.14 0.00 663.05 7.63 0.266310
6 915.29 28.50 969.95 53.03 0.264992
7 995.90 32.41 1028.23 53.13 0.261174
6 980.34 332.02 1032.04 451.69 0.255627
4 885.41 25.55 905.70 43.77 0.255061
2 868.32 78.57 888.31 112.43 0.254434
7 917.21 30.30 969.62 52.02 0.250821
6 805.40 70.13 836.02 124.70 0.250734
7 884.82 13.03 910.49 44.58 0.238064
2 929.61 105.02 942.01 125.56 0.233349
2 1120.01 0.19 1138.42 37.85 0.231298
2 1254.51 162.01 1266.21 178.19 0.225765
5 751.56 592.62 782.97 663.08 0.220003
4 1258.35 128.10 1271.26 141.71 0.218334
2 849.44 0.00 863.92 10.58 0.218018
6 995.95 32.63 1027.46 53.60 0.213885
4 1003.26 602.27 1019.04 629.81 0.212904
2 1105.99 7.43 1120.33 42.72 0.211858
2 981.03 737.48 995.67 753.85 0.207689
4 1096.14 81.70 1134.67 99.68 0.203746
2 940.95 21.67 949.94 36.08 0.203126
2 752.31 369.96 763.35 386.55 0.200337
