5 290.58 217.76 330.53 237.53 0.569731
4 368.75 275.94 418.59 296.09 0.546690
4 208.85 303.70 264.47 326.43 0.539883
4 896.79 265.03 949.31 284.05 0.537282
4 112.81 227.29 155.53 245.78 0.530269
4 3.19 232.52 50.27 252.38 0.520812
4 183.88 226.15 226.26 242.91 0.514991
4 496.62 268.52 537.78 287.69 0.502745
4 238.80 222.02 279.72 239.55 0.500340
4 850.45 201.68 884.23 214.74 0.478607
4 610.28 206.00 647.84 223.51 0.467075
4 748.74 203.64 786.36 218.58 0.464695
4 808.33 200.29 843.95 216.31 0.448966
4 605.73 276.94 653.15 298.49 0.445788
4 437.47 215.45 474.56 231.73 0.445118
4 341.20 218.67 381.61 235.18 0.443842
4 706.11 205.82 741.52 219.13 0.425197
4 894.09 198.12 931.01 214.37 0.424852
4 489.02 211.20 523.85 228.04 0.413190
4 658.88 207.93 696.34 221.51 0.411779
4 651.42 273.81 699.50 296.32 0.400430
4 383.08 218.49 417.59 233.47 0.395266
1 58.15 299.70 67.51 318.89 0.384558
4 940.66 200.52 959.57 213.15 0.376848
4 534.38 211.62 571.96 227.32 0.365116
4 541.16 204.45 572.22 216.43 0.357080
1 790.01 250.73 800.03 266.97 0.297584
3 82.24 220.95 96.31 240.29 0.288319
4 40.34 305.18 55.32 318.76 0.253114
3 802.73 258.51 822.58 280.14 0.250525
6 64.15 99.36 87.75 111.71 0.237489
4 658.01 208.93 670.50 220.92 0.227164
3 731.36 261.20 749.80 283.92 0.224886
9 0.29 99.16 87.67 112.78 0.223814
4 71.53 153.92 85.46 166.74 0.223281
1 713.88 229.74 720.62 244.02 0.221383
2 64.61 106.41 263.77 166.29 0.219191
