4 50.84 750.82 100.77 784.39 0.489209
4 638.57 108.70 658.05 142.45 0.423743
5 671.58 607.03 735.32 639.54 0.416789
4 676.79 453.88 729.85 478.77 0.413797
4 649.93 146.83 673.37 185.05 0.412209
4 671.51 607.18 736.95 639.44 0.397328
4 530.75 693.86 586.86 722.20 0.377950
4 1350.36 698.86 1378.26 716.61 0.372789
4 516.67 767.00 580.84 787.70 0.364838
4 558.81 637.94 594.92 664.44 0.363263
4 671.90 573.38 728.52 601.15 0.360378
4 688.38 644.11 732.01 670.48 0.346813
4 935.90 689.00 984.89 714.49 0.344366
4 543.38 484.77 602.11 513.53 0.336926
4 533.03 662.48 594.22 692.40 0.332496
4 515.50 727.73 578.18 755.44 0.329100
4 670.21 548.49 728.42 580.23 0.328141
4 558.66 534.34 604.10 561.71 0.318346
4 671.44 521.85 728.02 548.60 0.318033
4 560.75 557.79 599.53 584.16 0.315097
4 452.27 14.35 494.32 44.78 0.314063
4 1283.00 183.33 1314.38 199.61 0.312997
4 586.16 382.56 611.58 404.63 0.307041
4 677.01 495.86 731.93 523.71 0.300385
4 659.62 298.00 681.16 333.08 0.297489
4 690.82 734.32 755.60 783.18 0.293075
4 1076.04 0.00 1096.29 17.91 0.292099
4 467.14 3.12 503.30 25.74 0.287364
4 795.30 73.24 808.26 91.71 0.286732
4 569.64 271.95 617.64 309.04 0.286694
4 568.92 343.24 624.04 383.75 0.281277
4 958.39 457.07 980.73 473.78 0.272206
5 668.61 347.92 688.48 390.83 0.263351
4 1054.09 0.16 1070.88 16.48 0.262275
6 824.75 83.62 851.35 104.57 0.252533
6 813.11 121.51 842.28 165.10 0.246784
4 740.02 777.44 776.18 787.92 0.246165
4 1266.48 124.83 1280.39 138.60 0.241619
4 1230.87 162.78 1253.27 173.50 0.240023
2 983.21 202.05 994.93 221.56 0.229719
4 964.65 586.66 989.71 612.89 0.227949
4 919.09 371.75 944.32 395.90 0.226694
5 964.95 587.15 988.03 610.38 0.223961
2 896.11 140.63 906.74 160.42 0.218196
4 843.52 132.70 876.76 164.20 0.217556
2 713.58 412.20 725.78 440.73 0.216008
4 796.80 514.51 854.17 539.07 0.214879
4 579.11 423.11 612.19 446.11 0.214598
4 550.44 465.57 600.45 490.13 0.214160
5 843.93 164.03 877.62 190.33 0.212612
6 1167.34 356.66 1252.85 408.56 0.209243
4 641.57 127.12 657.56 142.13 0.208439
4 793.61 54.84 806.06 64.93 0.207267
6 0.10 0.45 49.76 74.05 0.206431
6 778.64 358.74 843.22 389.29 0.203757
