4 257.83 145.54 286.87 156.85 0.349543
4 126.23 170.55 153.03 183.88 0.332079
6 425.09 559.75 535.93 704.33 0.313027
5 504.11 560.37 535.53 637.87 0.304526
7 678.87 619.69 749.83 697.95 0.289286
6 724.37 263.42 765.33 284.85 0.278094
5 303.71 593.46 403.31 643.92 0.277960
4 1240.81 305.97 1258.71 323.83 0.274976
6 805.24 263.94 831.34 285.15 0.269230
6 324.55 410.00 430.08 513.19 0.235866
2 616.53 259.02 669.07 307.98 0.230365
6 304.46 478.57 540.37 644.99 0.226261
6 846.22 299.19 880.35 322.58 0.225345
2 579.28 388.65 602.95 415.46 0.225263
6 836.69 246.67 886.90 287.78 0.220038
2 0.04 208.37 20.57 231.79 0.218133
5 575.11 526.85 646.31 559.44 0.216212
6 1140.10 578.84 1399.21 746.54 0.213961
6 331.18 349.12 428.54 411.20 0.213874
4 483.81 702.63 516.95 737.29 0.209953
6 1041.42 377.39 1105.51 416.63 0.209516
2 1346.62 286.26 1394.58 320.74 0.207102
2 229.27 678.66 261.72 710.18 0.200713
6 329.94 257.94 538.59 412.89 0.200335
