2 1354.78 406.78 1392.25 452.98 0.553853
2 678.65 321.33 696.41 366.55 0.535018
2 887.56 500.74 921.54 548.69 0.530396
2 937.76 246.63 959.74 284.68 0.526407
2 987.20 292.15 1004.63 329.74 0.521355
2 349.23 889.09 397.15 946.47 0.514149
2 1211.56 423.99 1245.72 467.66 0.509573
2 807.54 536.47 830.17 581.70 0.506732
2 1146.15 291.95 1165.38 338.90 0.505475
2 996.44 208.72 1011.83 245.39 0.500059
2 961.00 461.72 987.67 508.49 0.493897
2 414.44 488.21 435.41 534.09 0.485390
2 773.48 499.23 799.07 541.05 0.472436
2 207.75 497.97 233.23 549.02 0.467135
2 1158.00 439.98 1184.25 489.68 0.463578
2 633.28 538.80 662.37 591.54 0.451516
2 94.41 590.28 130.58 639.53 0.446834
4 844.58 193.57 897.12 219.98 0.439170
2 645.41 508.20 666.47 550.79 0.432472
2 503.21 534.70 529.45 575.90 0.429641
2 743.46 473.93 761.49 515.32 0.427396
2 1115.67 403.79 1143.82 445.18 0.419478
2 1066.36 421.52 1102.85 469.02 0.418258
2 351.72 645.97 391.97 695.98 0.412943
2 270.97 246.81 291.22 289.12 0.411443
2 312.46 480.26 336.20 526.61 0.401310
2 1098.52 388.18 1128.59 436.86 0.392775
2 182.35 658.64 210.02 711.20 0.387750
2 314.67 626.89 350.72 678.52 0.364876
2 312.96 598.20 337.04 638.84 0.360015
2 22.46 631.41 75.46 687.39 0.356005
2 438.50 550.40 464.10 600.86 0.346733
2 120.23 274.73 171.71 348.15 0.335257
4 720.57 201.47 792.96 233.20 0.325908
3 119.20 285.55 169.87 348.66 0.325313
2 0.17 621.44 41.47 670.58 0.318724
2 518.60 348.35 542.60 389.69 0.296341
2 462.76 568.45 501.01 620.01 0.288616
2 25.34 711.84 94.97 768.96 0.250431
2 884.01 531.02 895.96 558.90 0.239388
2 1098.92 428.10 1119.94 484.37 0.238945
2 39.93 284.41 60.82 317.12 0.236458
2 1.44 460.33 894.50 812.76 0.232850
2 0.85 202.49 1397.78 790.83 0.221425
7 1096.90 196.11 1138.97 236.00 0.209370
2 1118.54 440.34 1137.21 493.67 0.202601
