4 570.70 616.83 605.44 654.39 0.597739
4 680.95 382.83 707.62 407.01 0.570554
4 496.42 311.31 521.26 329.29 0.517378
4 788.62 288.47 810.59 305.97 0.471887
6 944.89 623.99 1007.51 665.43 0.470708
4 1344.44 284.93 1369.06 302.00 0.449140
4 390.00 730.44 431.50 772.68 0.443703
5 654.74 333.24 704.42 361.88 0.435561
9 945.09 624.17 1007.60 664.20 0.433299
4 1065.81 49.76 1084.88 65.35 0.428275
4 1153.91 17.03 1169.35 26.30 0.427185
4 1361.36 13.43 1379.25 23.28 0.422625
4 287.35 184.85 304.80 198.41 0.412200
4 863.17 403.59 882.64 426.49 0.397110
4 808.22 449.46 840.30 473.80 0.394327
4 1064.26 71.38 1076.92 80.74 0.393705
4 888.03 614.71 906.14 629.46 0.392990
4 353.62 120.20 369.80 130.68 0.381601
5 827.97 390.20 864.39 431.35 0.380708
6 1032.59 647.37 1096.59 686.69 0.376587
9 364.42 133.90 402.16 173.77 0.367411
4 836.95 426.27 863.77 452.23 0.358444
5 882.18 193.91 910.63 220.42 0.357409
4 1237.26 35.25 1253.52 45.24 0.355664
4 205.70 211.63 229.17 229.13 0.355416
6 1032.15 648.42 1065.88 678.54 0.354765
4 310.16 180.48 326.51 194.60 0.343807
4 888.08 164.13 905.31 177.56 0.343626
5 538.00 329.29 582.97 359.62 0.343367
4 861.46 603.09 883.59 619.71 0.338555
4 127.33 360.62 169.69 400.43 0.333677
4 279.55 266.34 297.07 281.69 0.331486
4 957.57 304.21 973.57 316.71 0.331025
4 234.71 203.85 269.77 229.58 0.329681
6 827.94 389.65 865.32 430.83 0.320349
4 939.31 287.50 963.10 310.86 0.319776
4 828.77 174.28 849.96 192.39 0.318294
4 545.34 328.29 583.56 358.95 0.316099
4 1308.67 226.31 1325.63 238.94 0.307189
4 925.99 99.34 951.03 113.60 0.306908
4 114.20 191.22 136.47 204.07 0.303427
4 41.98 287.75 64.24 302.09 0.300047
3 939.13 288.19 962.80 309.95 0.286858
6 858.35 624.60 894.77 695.93 0.285700
4 352.54 151.09 364.24 163.53 0.282916
4 1300.64 205.78 1315.50 218.42 0.277546
4 0.21 334.71 23.71 357.04 0.273450
4 1035.00 386.83 1050.68 398.68 0.271132
4 947.59 119.10 959.69 129.52 0.269885
4 332.87 293.74 347.46 304.00 0.266730
4 186.09 305.31 219.59 325.24 0.265761
5 308.06 264.81 347.39 291.89 0.261019
4 309.28 418.07 325.23 438.66 0.260427
4 1218.43 54.63 1247.51 67.65 0.255847
4 854.02 204.17 869.68 217.84 0.255141
4 1224.17 292.97 1238.70 306.78 0.250625
6 952.80 430.54 984.53 454.99 0.247238
4 159.51 320.02 192.96 338.60 0.244457
4 887.72 164.80 895.78 176.50 0.242661
4 988.26 55.76 1007.37 69.76 0.240900
4 913.92 168.11 922.88 176.53 0.240675
6 1158.62 266.64 1196.22 283.32 0.240520
4 972.21 708.14 988.36 723.76 0.233916
4 396.14 114.40 412.07 127.43 0.233647
6 1020.93 360.37 1045.79 384.77 0.231919
6 148.65 239.05 193.89 269.20 0.230935
4 1331.26 22.41 1344.23 31.42 0.229468
4 270.97 283.53 284.81 293.53 0.228518
6 158.69 304.79 218.95 338.61 0.226591
4 939.47 297.56 953.62 310.34 0.224864
4 916.23 118.74 932.72 129.21 0.224353
5 153.56 239.24 192.43 260.48 0.221235
4 766.03 292.30 774.35 300.29 0.220738
4 893.34 132.09 910.59 145.29 0.220071
4 1089.54 24.80 1102.27 35.39 0.217361
4 412.56 563.68 430.43 578.63 0.217200
4 945.36 637.95 962.03 651.20 0.217043
6 1263.07 1.00 1293.91 21.75 0.217001
4 863.78 148.78 885.29 165.09 0.214587
4 1103.18 46.11 1111.00 52.76 0.208755
4 234.77 211.84 250.88 225.59 0.208036
4 1235.25 55.37 1249.53 64.02 0.207969
3 409.55 246.54 422.99 269.06 0.206053
4 665.79 322.79 684.88 336.05 0.203433
4 1280.82 41.10 1298.96 52.54 0.203314
4 372.22 76.58 390.90 87.85 0.201922
4 159.91 299.64 188.41 316.12 0.201870
