4 710.46 739.76 730.43 773.00 0.409064
4 701.31 694.46 723.89 729.23 0.397935
4 736.80 941.70 768.61 1011.35 0.389693
4 643.02 766.70 666.08 806.55 0.385357
4 645.79 810.14 671.00 859.26 0.377325
5 611.02 694.03 651.15 722.42 0.375161
4 675.12 1018.97 701.64 1048.55 0.355349
4 726.44 871.05 757.51 930.54 0.351328
4 726.74 871.13 750.96 895.78 0.327073
4 720.01 828.57 745.35 870.05 0.316279
4 617.95 486.76 635.45 506.30 0.315060
4 643.08 573.66 658.60 599.75 0.308605
4 594.95 669.30 630.13 689.67 0.307717
4 660.56 475.43 673.54 491.37 0.287460
4 621.64 429.19 633.85 447.59 0.286182
4 690.06 618.56 723.20 642.09 0.266236
4 622.40 399.64 632.22 412.58 0.260913
4 629.03 652.10 645.09 671.26 0.256119
4 625.81 536.94 639.15 559.30 0.251720
4 664.68 537.72 682.32 557.76 0.250008
4 639.18 954.35 665.65 1005.50 0.249156
4 1151.54 568.74 1183.85 583.05 0.246155
4 605.02 697.66 626.76 722.45 0.241482
4 644.60 415.61 658.31 427.79 0.239757
4 589.69 583.75 612.84 605.32 0.230445
9 851.39 200.84 895.76 230.71 0.226198
4 694.14 576.57 722.65 599.33 0.222610
1 679.97 871.63 689.65 893.98 0.222387
4 647.81 369.21 659.54 381.42 0.220623
3 641.42 872.03 672.69 912.73 0.219489
4 669.34 505.26 683.92 517.33 0.218194
4 672.46 573.11 691.76 592.18 0.215158
6 692.68 536.77 704.59 555.51 0.213053
4 694.44 811.23 704.78 829.38 0.209158
