4 437.46 1066.05 488.46 1133.82 0.648603
4 290.74 1264.76 361.32 1354.63 0.599801
4 565.98 830.08 629.81 858.86 0.571120
4 743.40 718.42 777.36 748.57 0.547907
4 749.28 875.07 798.22 906.91 0.532784
4 322.25 964.71 381.62 1022.83 0.532223
4 114.76 1238.07 178.38 1299.53 0.524213
4 838.77 937.82 893.42 988.06 0.523931
4 808.13 733.27 850.87 765.50 0.522650
4 229.23 1071.74 298.27 1143.72 0.519040
4 798.89 478.07 822.16 499.29 0.514449
4 1839.66 1140.77 1956.95 1188.17 0.502670
4 645.61 780.72 683.49 821.49 0.489479
4 843.52 551.56 867.63 574.53 0.488135
4 772.07 1257.30 821.76 1303.73 0.487633
4 884.32 529.43 912.36 551.85 0.486909
4 511.43 887.02 550.65 937.23 0.485422
4 662.04 1470.04 725.08 1499.81 0.479270
4 735.94 1208.28 783.87 1273.51 0.472948
4 762.72 1129.34 807.86 1188.60 0.468091
4 836.46 418.45 857.12 436.53 0.452676
4 1531.18 1082.08 1566.82 1120.62 0.450412
4 518.02 822.42 541.51 855.75 0.445155
4 1427.88 1056.23 1474.07 1128.02 0.439932
4 176.41 1146.02 242.26 1220.04 0.436579
4 899.51 678.55 926.96 704.49 0.435301
4 776.19 1077.68 812.27 1126.95 0.434957
4 845.52 373.43 864.02 392.78 0.434847
5 1927.84 1273.96 1999.59 1381.46 0.430877
4 1609.04 1087.59 1649.85 1137.57 0.430584
4 63.26 1357.26 103.33 1409.15 0.430337
4 924.18 371.07 944.32 386.55 0.428041
4 1786.79 1209.68 1848.61 1282.05 0.426575
4 1635.13 1201.93 1689.22 1266.74 0.419218
4 1828.07 1287.29 1895.18 1366.31 0.418920
4 875.08 356.19 893.23 373.42 0.417613
4 1827.55 1211.54 1897.12 1280.67 0.415259
4 1356.65 1232.62 1384.83 1316.31 0.405911
4 1577.75 1195.11 1634.59 1264.91 0.403806
1 919.91 1119.60 930.02 1147.30 0.403621
4 705.03 576.21 720.36 597.54 0.402076
4 757.20 429.28 779.44 449.16 0.402060
4 1737.65 1213.93 1798.37 1278.05 0.401402
1 846.71 1229.71 859.33 1258.53 0.400607
4 951.93 314.70 970.42 331.41 0.396079
4 1682.95 1204.28 1745.06 1277.44 0.395655
1 892.74 1127.51 904.35 1158.96 0.394516
4 0.09 1396.49 50.86 1484.85 0.394114
4 645.73 569.32 674.35 594.69 0.393902
4 1474.52 1069.71 1518.55 1130.28 0.392156
1 871.48 1122.41 884.19 1151.56 0.387026
4 1658.05 1070.58 1719.82 1144.30 0.386360
4 1478.35 1194.25 1532.78 1263.57 0.383129
4 1929.88 1274.21 1999.45 1381.05 0.383073
4 1525.56 1192.88 1583.87 1264.92 0.382509
4 1934.85 1213.55 1999.57 1287.31 0.381073
5 1334.80 553.36 1383.65 587.86 0.379870
4 1507.32 386.96 1544.01 401.33 0.377024
4 1429.17 1191.80 1477.83 1254.20 0.374648
4 1609.77 1271.28 1669.74 1338.14 0.373954
4 673.41 533.10 698.63 556.65 0.372970
4 617.15 615.47 639.33 639.41 0.372338
4 886.32 529.69 895.88 551.71 0.371965
4 1419.03 538.14 1442.23 558.16 0.368596
4 1662.64 1277.75 1733.12 1344.57 0.364527
4 1447.92 442.54 1477.35 455.59 0.359299
4 757.38 436.42 772.68 451.26 0.357796
4 710.95 491.29 729.00 510.90 0.351978
1 189.08 1263.48 209.60 1294.22 0.343829
4 1499.56 1267.64 1559.66 1334.65 0.341015
4 980.79 291.36 1012.81 311.04 0.340449
4 1716.45 1285.36 1783.86 1349.19 0.340329
2 1150.34 351.02 1224.85 405.38 0.338148
4 924.83 487.41 944.71 506.65 0.337912
4 1555.14 1264.54 1611.75 1338.60 0.336184
4 690.58 516.67 712.36 536.67 0.334089
4 556.69 686.77 580.49 713.00 0.323983
1 884.91 719.45 903.97 763.50 0.322804
4 851.69 1074.25 886.32 1104.27 0.321504
4 445.34 877.48 480.99 913.93 0.319221
2 774.42 903.05 790.09 927.05 0.318346
4 716.05 732.02 736.99 757.50 0.315352
4 950.51 507.85 967.52 527.88 0.315180
4 1769.12 1280.39 1845.40 1363.23 0.312555
1 838.06 791.88 849.47 815.47 0.312347
1 890.22 721.53 900.06 741.68 0.309418
4 913.96 275.05 926.25 287.15 0.309331
4 936.96 556.07 958.90 577.06 0.308866
4 802.84 374.48 815.89 389.83 0.303047
1 418.48 864.59 430.61 886.06 0.302502
4 594.73 636.56 622.42 663.00 0.301086
4 725.60 473.93 744.87 491.44 0.299877
4 564.89 832.92 588.53 855.89 0.294096
4 909.25 657.15 932.65 681.51 0.290289
1 381.85 905.61 393.54 928.43 0.286932
4 960.49 250.38 980.39 264.42 0.286090
4 736.34 458.01 755.80 478.72 0.285510
1 880.64 669.09 890.25 689.86 0.281020
4 910.75 636.57 934.44 660.01 0.280910
4 1543.57 416.61 1569.94 427.41 0.280121
4 485.73 475.96 510.58 492.48 0.277875
4 748.15 460.54 763.62 478.69 0.277856
4 917.85 617.44 942.19 640.74 0.277696
4 1597.65 1071.23 1611.73 1129.17 0.277036
1 863.54 754.31 874.41 774.72 0.276723
4 1309.80 839.74 1340.64 859.17 0.276688
4 653.05 599.57 669.95 618.22 0.275948
1 851.90 805.97 864.07 829.22 0.275062
6 1525.79 1043.49 1566.25 1080.35 0.273994
4 1447.78 538.59 1473.85 559.69 0.271041
3 894.84 1142.64 906.61 1161.14 0.270329
1 20.70 1442.80 42.68 1473.71 0.269507
4 580.06 661.86 603.34 686.79 0.265980
4 1452.31 1257.52 1506.98 1331.48 0.265962
4 1505.42 366.22 1542.47 400.75 0.264286
2 457.06 877.07 473.38 902.52 0.258960
3 528.47 725.82 546.23 753.10 0.257495
2 869.34 1116.60 931.60 1161.90 0.257331
4 1506.87 369.74 1524.41 381.65 0.256705
6 1571.51 1040.02 1611.64 1077.61 0.256325
4 994.94 200.91 1011.42 216.23 0.254643
4 923.88 600.19 945.10 617.27 0.254492
4 912.54 577.40 925.56 594.90 0.254024
3 444.51 887.68 476.04 915.43 0.252485
2 852.34 1344.77 872.35 1385.71 0.251905
4 830.22 341.63 842.63 356.53 0.251787
6 982.05 291.76 1012.92 310.01 0.248661
4 961.52 268.34 975.85 279.35 0.243732
4 611.90 431.02 631.11 443.31 0.239664
4 839.17 319.77 861.21 337.52 0.234448
4 909.31 639.22 936.12 674.92 0.233271
4 1399.24 236.86 1421.14 260.27 0.231612
4 943.32 435.90 958.91 454.67 0.230418
6 763.40 375.10 803.67 399.28 0.230127
3 188.35 1263.14 211.30 1294.69 0.230100
4 493.14 249.08 510.27 262.56 0.229974
4 1321.66 885.33 1354.33 909.14 0.227349
4 1420.74 467.42 1443.65 478.79 0.226216
3 808.64 1484.27 851.65 1499.87 0.226017
4 1008.13 349.67 1029.64 365.41 0.223729
1 942.54 669.21 951.61 688.12 0.223474
4 854.15 310.71 866.05 321.44 0.221615
3 887.25 736.28 909.48 764.88 0.220721
4 632.08 868.81 652.94 886.63 0.216831
4 981.87 192.32 993.45 201.67 0.214333
4 961.04 218.97 971.98 229.10 0.213441
4 716.60 512.66 729.05 527.99 0.213246
4 955.37 751.66 969.07 772.85 0.212091
2 614.45 674.00 624.90 693.75 0.211828
2 853.97 854.69 863.77 876.31 0.211341
2 954.24 748.71 966.40 772.74 0.210495
2 809.04 1484.16 852.16 1499.82 0.210452
5 1457.12 1262.60 1507.32 1331.44 0.210036
4 1427.55 443.01 1445.29 453.68 0.208632
1 852.14 1346.86 873.49 1386.96 0.208460
4 1517.11 423.69 1533.60 436.86 0.208154
4 963.03 456.59 971.53 469.80 0.207873
4 1355.87 466.25 1380.41 487.70 0.207816
2 888.67 1124.47 905.65 1160.33 0.207022
4 917.50 247.26 936.24 264.21 0.206672
4 538.49 433.96 552.36 443.20 0.205891
4 1335.70 937.96 1369.77 967.69 0.205735
4 573.31 435.46 607.29 445.10 0.205708
4 875.51 283.39 886.96 295.68 0.205566
4 951.13 371.92 964.67 383.13 0.203500
4 854.56 858.98 875.29 876.90 0.202206
4 998.88 198.28 1009.37 207.68 0.201229
4 861.69 678.39 873.27 690.50 0.201202
1 774.80 901.06 790.46 928.02 0.200965
