4 735.65 542.59 895.70 637.02 0.572469
4 763.88 435.32 895.80 515.23 0.539071
4 199.95 314.89 311.46 373.72 0.516000
4 339.93 199.91 453.37 245.66 0.476943
4 257.30 282.65 397.88 343.29 0.471435
4 250.19 663.46 473.75 764.07 0.466954
5 232.21 217.47 402.79 302.35 0.446535
4 571.00 28.63 635.76 58.85 0.428688
4 351.91 453.01 519.50 537.47 0.426234
4 301.96 520.67 500.55 613.95 0.424234
4 280.03 592.98 472.33 688.87 0.421026
4 396.39 326.54 543.47 385.66 0.412557
4 738.34 305.10 877.32 369.23 0.406476
4 391.35 361.03 540.99 427.92 0.397557
4 378.65 397.71 525.42 476.46 0.396802
4 456.87 253.82 582.52 314.15 0.388122
4 419.14 293.80 551.90 349.56 0.380092
4 464.10 539.04 499.97 610.82 0.379443
4 463.33 230.17 572.66 275.56 0.374067
5 549.39 47.27 617.72 93.33 0.372330
4 464.12 461.71 517.97 537.49 0.367112
4 526.54 99.60 605.61 131.64 0.364949
4 740.31 280.04 849.19 323.50 0.352298
4 735.23 87.97 796.25 117.90 0.346317
4 736.98 254.48 850.27 303.44 0.329988
4 731.92 167.83 820.69 205.69 0.329525
4 722.03 35.82 787.20 60.33 0.325569
4 554.91 46.75 619.51 80.81 0.320544
4 729.68 63.34 797.68 92.92 0.314929
4 741.41 230.90 843.87 271.67 0.305877
4 477.82 188.01 585.83 224.93 0.303109
4 478.82 202.09 584.97 249.15 0.301542
4 513.06 119.71 598.03 155.06 0.298081
4 740.05 189.58 834.54 225.81 0.289625
4 737.94 209.56 837.46 244.38 0.288824
4 492.13 169.54 587.82 203.99 0.287795
4 493.29 152.25 589.30 184.44 0.273427
4 718.51 13.66 778.34 42.10 0.270091
4 509.61 136.06 588.89 166.09 0.257108
4 464.08 627.15 471.67 681.11 0.239801
4 770.69 304.27 869.32 339.24 0.223092
6 793.01 0.32 895.68 260.04 0.208897
