4 483.40 119.05 563.31 164.83 0.568325
4 881.65 69.05 974.39 115.33 0.547038
4 1158.21 316.19 1208.75 397.38 0.538147
4 860.95 445.83 962.13 502.29 0.536646
4 860.89 450.68 895.77 503.42 0.536458
4 400.01 394.25 452.30 483.08 0.516385
4 605.40 409.45 712.78 461.62 0.510353
4 980.58 233.95 1030.42 303.56 0.495845
4 548.33 284.12 596.15 369.21 0.489490
4 1212.99 190.10 1274.67 272.14 0.477241
4 868.33 243.13 919.31 325.65 0.459345
4 810.98 246.04 860.63 329.24 0.453188
4 915.69 226.99 964.05 305.46 0.450552
4 969.13 693.91 1036.58 817.84 0.448679
4 751.76 253.96 795.61 340.05 0.448408
4 1223.07 524.09 1296.62 620.98 0.441427
4 948.15 568.13 1009.87 671.51 0.427548
4 1153.60 534.25 1232.50 640.63 0.426206
4 1287.17 516.39 1368.04 619.22 0.422064
4 1223.81 1019.91 1305.15 1061.19 0.405124
4 604.09 294.00 660.82 375.30 0.388276
10 672.72 657.04 719.95 713.84 0.380036
4 1095.94 549.11 1170.30 648.00 0.375823
4 881.61 77.62 895.82 113.40 0.355329
1 791.74 587.09 826.50 646.91 0.343731
4 595.27 609.39 651.36 719.73 0.335443
1 679.57 603.31 699.86 634.52 0.331687
4 526.36 596.82 582.27 721.52 0.313504
6 1791.41 699.58 1915.65 850.56 0.309190
6 1524.18 451.14 1610.63 523.93 0.306545
1 819.15 636.90 858.28 691.01 0.303940
4 401.11 600.54 432.82 653.24 0.299901
1 844.89 721.85 873.42 769.37 0.291382
4 1020.07 724.75 1036.17 816.28 0.283957
4 359.48 596.11 386.84 628.40 0.275565
4 1324.89 9.48 1391.89 39.86 0.268333
1 1246.14 691.07 1260.05 720.50 0.267353
2 1057.57 773.13 1119.52 810.88 0.262144
3 519.97 738.56 557.76 771.97 0.260262
4 1308.59 1047.81 1364.13 1073.04 0.255255
6 716.59 565.42 934.81 876.77 0.254122
2 248.41 610.78 262.77 633.86 0.249351
3 805.39 644.02 863.56 718.31 0.246620
4 1020.02 250.06 1031.62 300.56 0.240522
4 1443.56 16.87 1471.92 38.73 0.238653
5 735.56 586.66 786.41 689.64 0.238335
6 216.61 0.00 349.93 30.38 0.237453
3 739.31 693.04 774.25 719.24 0.225304
2 36.02 295.64 51.50 315.40 0.224293
1 1057.57 779.73 1079.03 810.39 0.223656
2 1366.81 9.34 1392.60 34.53 0.222353
5 400.59 595.39 440.17 660.93 0.220900
1 1247.55 897.65 1263.63 919.00 0.219708
6 603.48 299.97 661.44 375.01 0.219418
2 705.19 630.71 730.41 666.13 0.218982
1 1136.57 887.85 1156.27 935.94 0.218765
2 1323.59 8.37 1392.97 40.76 0.218667
4 745.63 649.60 784.03 688.92 0.216452
2 1805.33 188.12 1824.92 215.85 0.209293
3 519.37 725.88 578.35 771.82 0.206133
2 616.62 419.31 629.88 441.79 0.203586
3 895.32 741.99 952.06 817.82 0.201876
4 1749.53 827.33 1781.27 854.88 0.200876
