3 692.76 145.00 715.91 189.32 0.657106
4 1263.80 192.36 1341.79 250.25 0.565485
6 604.23 425.07 1164.22 647.89 0.544420
4 825.97 6.24 895.62 42.18 0.534724
4 1329.34 217.90 1359.79 270.24 0.531952
4 1184.10 159.56 1267.88 209.92 0.523794
4 1152.23 138.41 1232.65 184.65 0.506738
4 870.37 21.54 913.16 55.90 0.483156
6 1035.34 55.20 1218.69 182.76 0.479432
6 392.35 199.87 767.69 369.59 0.469874
6 556.88 273.38 976.58 459.92 0.452899
6 464.23 117.43 691.83 228.72 0.444679
6 912.53 31.70 1084.18 131.88 0.433841
5 491.47 52.76 620.29 115.41 0.404562
6 489.60 53.42 618.93 115.46 0.395330
6 380.67 0.33 578.01 97.13 0.385218
5 768.34 192.33 841.76 292.91 0.361546
4 772.34 0.00 870.53 18.31 0.318047
6 898.97 10.56 958.62 83.20 0.302353
5 639.55 122.44 691.46 190.82 0.273432
6 1109.24 637.43 1359.37 764.35 0.261122
6 380.65 0.40 520.66 67.45 0.249962
4 1039.70 91.67 1082.32 133.03 0.224845
10 372.78 75.15 443.41 163.14 0.207617
10 997.46 544.22 1058.41 575.28 0.205701
10 1143.12 689.69 1189.52 764.07 0.204201
