4 451.07 31.59 542.02 78.49 0.629722
4 1106.78 75.04 1204.95 124.73 0.562049
4 1307.92 235.51 1359.69 298.61 0.557162
4 1206.47 138.79 1318.74 198.11 0.527252
5 684.89 147.27 772.78 251.09 0.525911
4 1061.12 31.57 1144.94 74.09 0.515113
6 466.10 413.49 807.64 598.69 0.489428
6 375.74 0.20 609.80 59.72 0.462698
4 1027.73 6.47 1118.94 48.40 0.454229
4 1030.03 0.06 1099.00 15.35 0.415129
6 464.23 297.23 848.31 475.28 0.401916
5 774.11 318.31 845.43 444.94 0.385237
4 1339.53 288.83 1359.81 366.42 0.382171
3 1161.16 89.68 1246.82 156.78 0.375958
6 473.55 51.51 696.63 206.52 0.369204
1 683.03 406.57 742.26 486.88 0.306246
4 707.88 237.60 780.36 309.00 0.271678
7 1161.91 90.34 1245.38 157.51 0.271018
6 383.28 40.67 846.25 597.41 0.255793
2 1176.08 106.00 1207.86 135.32 0.232225
6 1232.01 0.09 1359.39 78.27 0.225263
4 759.27 306.05 795.34 352.41 0.215574
2 764.52 483.95 793.46 506.20 0.209590
