4 519.25 578.86 549.07 622.65 0.549139
4 440.53 444.90 464.23 475.56 0.508232
4 666.57 334.32 687.25 356.04 0.507915
4 656.83 600.87 687.80 653.98 0.492379
4 648.25 695.94 685.69 756.58 0.490433
4 591.53 326.23 608.19 351.18 0.488095
4 767.48 394.94 792.11 426.43 0.487162
4 639.40 289.38 656.28 310.47 0.478579
4 567.27 204.01 586.09 217.73 0.472191
4 468.96 275.45 495.54 294.98 0.471084
4 718.63 282.15 737.88 308.22 0.448921
4 374.87 361.42 409.31 394.11 0.441354
4 648.90 222.65 662.47 237.41 0.437645
5 460.03 431.92 497.57 532.52 0.421465
5 2.53 354.52 72.32 404.51 0.415676
4 675.05 192.22 687.56 204.61 0.401068
4 427.92 290.00 469.34 327.69 0.399647
4 87.30 500.32 124.88 531.69 0.396789
5 427.96 289.41 470.17 328.24 0.388285
4 100.40 391.23 131.77 411.36 0.384386
4 105.96 180.57 128.08 192.55 0.376883
4 627.88 187.19 637.54 200.01 0.369954
5 0.05 560.16 51.73 620.76 0.366472
4 653.09 171.67 666.94 184.68 0.358429
4 726.48 362.33 749.73 397.67 0.357077
4 604.75 167.57 617.65 177.09 0.355071
4 78.18 468.75 114.69 498.86 0.352543
6 404.97 213.06 424.63 249.31 0.351489
4 610.88 115.10 621.48 123.03 0.347586
4 615.46 154.20 625.94 164.31 0.345843
5 623.84 358.37 650.93 407.35 0.344464
5 616.40 130.87 630.68 151.12 0.333191
4 670.45 153.92 682.01 167.81 0.332833
6 104.68 418.33 132.67 467.41 0.330094
4 90.67 413.98 109.84 434.83 0.329414
4 611.49 91.14 622.60 100.28 0.328877
5 405.26 212.74 424.90 249.63 0.326256
4 70.60 395.92 97.12 419.29 0.320431
4 639.40 109.41 650.50 117.84 0.314246
4 691.88 137.18 703.33 146.00 0.313545
4 561.74 776.64 620.50 787.75 0.307456
4 569.92 81.60 580.33 89.19 0.302994
4 0.08 561.03 54.20 616.66 0.301578
4 624.09 357.88 651.30 406.83 0.300224
4 653.13 123.06 664.70 132.43 0.293634
4 52.68 536.52 101.99 572.08 0.285372
4 643.45 129.90 658.76 148.20 0.280436
4 579.51 90.15 589.72 100.65 0.276585
4 645.93 95.99 655.79 104.81 0.275150
5 103.92 420.27 132.84 467.19 0.273451
4 725.27 246.58 736.50 254.17 0.272986
4 246.25 401.59 265.80 414.96 0.269391
4 312.18 224.72 333.64 238.40 0.267720
6 22.30 262.45 126.93 319.35 0.266035
4 660.58 93.87 671.12 104.18 0.262472
4 107.98 335.59 136.65 355.29 0.260511
1 862.00 774.86 875.90 787.83 0.257155
6 342.82 31.67 368.60 44.75 0.254431
4 614.77 57.74 623.20 63.92 0.253486
4 591.55 118.37 599.21 125.97 0.249415
4 533.62 62.36 546.25 72.87 0.249281
4 134.67 335.75 161.06 353.15 0.247123
6 1203.43 244.35 1244.30 265.29 0.241882
4 225.24 244.49 236.91 256.69 0.241354
4 1135.06 718.61 1163.35 742.12 0.238649
4 442.77 44.95 452.99 53.45 0.235153
4 710.80 142.93 719.71 151.34 0.225266
4 400.79 135.81 411.74 146.71 0.221646
4 261.63 448.44 274.26 458.23 0.220619
4 529.62 68.42 539.45 75.28 0.217940
6 63.90 188.71 99.11 212.11 0.217226
4 249.06 444.81 274.44 465.60 0.216451
6 176.37 161.05 191.40 178.17 0.212491
6 1208.21 281.17 1234.82 304.64 0.211529
6 1037.30 517.44 1102.51 617.40 0.211467
6 521.47 49.86 536.52 60.48 0.209886
6 1013.31 219.45 1035.51 231.93 0.206760
4 231.31 401.98 280.81 421.95 0.205830
4 579.64 440.90 588.74 461.72 0.205563
4 460.88 51.14 471.84 57.45 0.204541
4 597.41 152.87 603.30 160.09 0.204389
4 0.14 139.23 35.72 152.76 0.203836
9 616.27 130.31 630.91 150.87 0.203101
