4 235.85 987.55 333.74 1049.60 0.551999
4 506.99 820.61 564.21 895.25 0.547252
4 435.28 953.20 519.11 1049.49 0.532282
4 628.00 795.42 675.65 851.78 0.497105
4 628.23 652.27 646.58 670.92 0.463215
4 631.45 693.62 659.13 723.33 0.457072
1 936.89 934.81 956.02 989.04 0.429978
4 805.78 814.33 856.44 863.72 0.417670
4 861.72 810.59 895.88 859.46 0.413249
4 921.34 842.61 1045.71 897.48 0.412324
4 1349.46 769.27 1399.80 789.21 0.409303
4 720.49 707.81 751.21 737.61 0.403082
4 1013.80 873.40 1149.45 924.95 0.401348
4 1103.18 787.58 1174.93 846.05 0.395276
4 597.09 599.28 610.34 611.40 0.390002
4 1051.90 792.18 1127.47 847.66 0.383556
4 616.11 594.78 628.52 605.11 0.380655
4 1184.24 738.47 1238.27 775.60 0.376178
4 1334.39 741.10 1371.77 767.54 0.372616
1 1076.10 751.37 1089.54 785.68 0.371991
4 720.75 768.08 816.84 812.58 0.371275
4 720.46 675.06 745.08 697.75 0.371267
4 1280.97 728.87 1314.76 750.57 0.368236
4 979.66 798.65 1051.16 844.79 0.368042
4 988.31 742.07 1074.99 771.27 0.367112
4 619.54 570.38 631.29 578.57 0.363885
4 861.92 810.20 929.37 861.00 0.363172
4 795.22 754.42 878.44 789.04 0.359938
4 504.15 954.38 518.97 1037.99 0.356220
6 36.32 604.43 91.61 629.93 0.352525
4 1259.26 780.38 1303.26 793.83 0.352159
1 1075.74 721.82 1092.86 750.95 0.347603
4 949.15 768.01 1052.70 806.41 0.344840
4 918.71 801.23 981.08 849.79 0.343340
6 774.76 660.42 831.81 697.50 0.343145
3 72.16 755.08 99.78 782.75 0.334284
10 112.13 582.90 342.44 719.31 0.332545
4 719.35 631.89 741.19 651.85 0.325163
3 71.04 751.86 121.22 783.01 0.323450
4 1015.20 873.54 1095.59 895.60 0.320683
1 77.80 736.59 96.67 770.95 0.317367
4 830.21 671.91 860.61 694.30 0.316969
4 946.21 699.62 990.30 728.20 0.315570
4 672.04 610.35 709.75 629.39 0.315255
3 903.39 937.75 966.86 990.01 0.304496
4 820.35 652.30 840.39 670.05 0.303381
1 1102.33 730.78 1116.87 762.95 0.293193
1 614.74 623.08 626.79 643.72 0.289440
6 705.87 577.64 731.74 592.67 0.284028
4 658.01 595.83 669.23 608.14 0.281114
1 169.49 720.36 186.65 741.16 0.275446
1 222.62 696.75 236.50 717.11 0.272740
4 192.09 595.95 207.24 607.78 0.270204
1 974.89 709.98 988.97 744.35 0.268029
4 269.60 595.95 282.85 606.67 0.265071
4 866.30 637.07 895.75 657.71 0.257432
1 759.74 693.65 771.50 723.62 0.251378
3 1092.89 720.69 1141.23 749.23 0.244548
4 785.67 623.57 803.76 640.62 0.242785
6 1168.92 789.49 1399.59 1049.41 0.242034
4 789.01 730.47 871.87 766.06 0.241770
4 933.37 618.06 968.94 633.59 0.234738
4 943.40 668.15 1000.40 692.28 0.233229
4 239.61 585.54 254.00 596.65 0.226476
4 633.34 693.76 656.65 707.42 0.225748
2 941.50 701.62 951.68 727.64 0.225127
4 1170.02 884.95 1187.53 918.34 0.224741
4 968.23 684.29 1000.33 703.39 0.221871
4 656.29 562.13 663.29 570.30 0.218182
1 842.11 614.30 849.55 628.32 0.217912
4 753.61 685.77 811.18 719.56 0.215889
2 860.37 647.98 870.56 664.02 0.213014
2 614.73 624.20 626.80 643.71 0.212258
3 297.45 656.25 322.79 679.05 0.209791
6 208.07 589.13 231.96 603.48 0.209457
4 684.65 594.19 700.03 606.11 0.204766
4 867.23 639.76 880.76 653.17 0.201581
2 222.09 696.94 235.34 717.38 0.201556
