4 449.34 375.75 530.26 444.24 0.533061
4 663.57 441.63 741.19 534.96 0.518466
1 1302.67 712.26 1359.62 799.81 0.504859
4 554.17 216.01 582.92 244.60 0.493146
4 614.78 244.59 649.32 276.01 0.481247
4 923.78 304.11 989.85 344.09 0.441773
1 1371.65 600.08 1399.61 667.71 0.426647
4 563.27 630.50 668.33 823.39 0.423233
4 691.77 549.60 804.57 716.03 0.411220
4 459.07 197.70 508.74 227.08 0.377156
1 435.33 1014.33 484.30 1049.33 0.325063
4 835.81 247.66 880.58 278.37 0.301643
4 785.73 207.02 804.67 236.13 0.296307
9 522.21 128.44 577.97 192.75 0.280456
4 504.11 375.92 534.66 439.89 0.274060
4 1246.95 333.42 1295.34 369.40 0.267111
4 818.44 235.32 855.60 266.10 0.263273
4 1116.73 365.76 1215.60 419.13 0.258741
9 579.02 84.09 604.86 110.58 0.257505
1 1286.27 798.95 1339.11 901.71 0.245087
4 634.40 303.47 669.23 341.90 0.237166
10 1250.23 614.36 1275.23 652.21 0.236951
6 0.30 300.38 145.75 537.09 0.228619
10 1321.46 669.11 1349.04 716.50 0.227663
4 1116.61 369.29 1173.27 411.59 0.221861
4 1218.46 211.76 1273.24 238.93 0.218445
2 578.25 694.26 647.23 737.67 0.214531
2 173.47 294.69 194.97 337.14 0.210613
10 1343.52 543.48 1362.52 570.79 0.208212
4 875.44 114.37 905.20 135.65 0.207651
4 595.05 97.49 606.06 110.64 0.204787
