4 707.23 311.33 751.18 332.46 0.581106
5 660.08 467.01 687.76 518.63 0.500916
4 659.88 466.63 687.55 518.47 0.455907
4 615.61 352.37 654.00 384.89 0.448660
5 193.03 219.95 236.44 239.47 0.439322
9 191.65 219.57 237.01 239.49 0.392671
5 526.30 320.23 571.26 348.43 0.367779
6 656.48 208.38 672.94 234.96 0.364411
1 639.22 413.30 649.19 435.46 0.356326
5 1101.66 229.54 1143.92 244.33 0.350452
4 668.40 68.55 680.86 84.22 0.336341
5 656.32 208.92 673.36 234.77 0.334899
9 955.58 223.22 1004.79 246.25 0.330587
4 526.18 319.77 570.98 347.31 0.327703
1 728.22 397.80 738.82 418.65 0.326711
4 657.61 30.27 670.57 44.58 0.325070
4 655.20 9.98 666.03 24.56 0.325045
9 1101.58 229.22 1145.74 244.88 0.323260
9 764.83 234.84 813.47 273.44 0.315418
1 642.62 282.17 651.45 299.94 0.309681
1 546.61 417.96 556.51 434.79 0.308895
5 626.63 83.95 639.68 107.55 0.299944
4 476.35 325.36 489.94 353.51 0.289505
4 631.67 119.41 642.58 133.35 0.287885
4 594.58 68.34 604.29 82.84 0.287247
7 559.52 354.91 578.62 380.49 0.286347
4 705.41 211.01 721.02 230.42 0.285564
6 626.20 81.84 639.52 107.79 0.283621
4 628.65 135.79 641.03 151.28 0.281386
2 653.96 254.26 664.13 270.80 0.270399
4 623.87 220.91 642.97 243.52 0.270011
6 623.24 180.84 646.10 207.02 0.264666
3 15.05 242.28 48.49 272.57 0.262432
2 679.91 163.73 688.05 180.02 0.260955
1 606.45 381.03 618.60 418.25 0.259562
2 641.75 282.04 651.43 300.77 0.250097
4 690.09 90.72 702.76 103.46 0.244247
2 626.79 276.34 636.84 298.26 0.243695
4 1353.27 215.50 1371.85 229.01 0.243459
1 482.44 255.08 494.30 282.95 0.242979
4 1369.81 228.08 1398.83 238.32 0.241539
3 745.87 259.00 761.79 278.16 0.240382
4 158.77 300.14 178.28 312.06 0.239327
4 905.01 967.35 919.64 981.19 0.239192
2 483.30 254.60 494.66 285.98 0.239036
4 674.36 50.38 685.38 60.91 0.238928
4 626.63 62.76 638.25 80.50 0.237391
4 629.62 154.02 643.48 162.57 0.235645
4 896.02 967.30 921.36 992.36 0.233361
9 1003.09 230.87 1046.81 247.22 0.226225
4 678.20 30.95 692.21 46.31 0.223908
4 626.99 61.97 637.90 72.42 0.221859
2 728.08 398.19 738.97 418.24 0.220119
4 627.25 18.75 638.21 32.79 0.217776
4 621.74 34.78 636.27 52.41 0.217371
4 687.66 66.40 698.39 80.61 0.216765
3 787.68 517.93 807.73 534.73 0.216579
4 144.91 176.31 162.48 191.22 0.216043
6 850.45 214.97 895.79 252.12 0.213503
2 716.57 251.15 726.12 269.78 0.213296
2 783.10 499.18 799.10 533.53 0.211292
4 617.20 111.16 627.39 122.84 0.211226
9 767.47 238.92 809.89 255.84 0.209290
2 676.17 101.23 684.36 126.87 0.206145
2 546.80 417.93 557.01 434.22 0.205527
4 141.79 196.53 152.19 207.26 0.204903
4 722.02 215.04 746.11 233.60 0.202564
