4 549.64 318.02 653.76 476.92 0.624083
4 962.66 915.57 1289.91 1049.41 0.585364
4 812.74 409.78 1050.90 509.82 0.579818
4 506.20 510.16 634.27 717.42 0.579564
4 182.29 5.09 285.15 105.78 0.571585
4 947.48 759.91 1280.13 894.87 0.569266
4 814.02 259.74 1004.85 357.10 0.561226
4 814.67 194.50 997.66 275.27 0.533638
3 841.77 36.61 888.16 83.23 0.532792
4 805.21 0.00 882.22 46.88 0.520765
4 963.56 622.75 1231.57 749.52 0.518745
4 843.20 514.89 895.85 617.66 0.518124
4 812.05 417.33 895.83 510.36 0.517883
4 622.77 5.11 688.32 99.25 0.515165
4 843.88 501.06 1118.27 618.97 0.503850
4 612.67 154.13 686.55 213.87 0.480858
1 766.59 8.36 783.14 55.73 0.470251
1 782.37 0.23 805.97 57.76 0.466406
4 414.12 0.24 490.48 79.73 0.445535
3 726.63 0.00 740.18 17.50 0.414117
2 362.74 518.16 422.07 600.55 0.363922
4 650.67 0.00 696.51 10.08 0.362926
4 0.25 0.03 93.04 68.79 0.290639
4 0.17 37.15 14.43 67.79 0.245491
2 371.72 526.87 395.39 584.45 0.237546
1 726.95 0.00 740.81 16.44 0.232159
3 166.12 50.61 224.45 107.69 0.201520
