4 1262.30 99.93 1289.46 113.28 0.471239
6 844.86 161.89 1005.79 221.81 0.399413
6 947.15 145.19 1135.51 207.37 0.391287
6 0.58 567.34 440.51 764.45 0.386650
4 1331.70 149.06 1359.81 165.02 0.373892
6 1265.93 117.94 1359.70 153.46 0.348010
4 1229.17 102.56 1256.12 118.11 0.335325
4 783.75 270.03 820.30 295.50 0.329284
6 844.85 160.35 895.64 216.53 0.328774
6 1258.72 152.54 1359.79 199.64 0.324055
6 283.65 280.63 621.02 424.52 0.323545
6 283.50 326.72 427.27 424.90 0.313698
5 818.98 244.36 863.43 296.85 0.300641
4 1322.90 18.65 1340.19 26.40 0.296948
4 1246.39 144.23 1271.55 160.16 0.293227
6 677.53 201.41 899.57 276.91 0.290810
6 464.13 294.06 620.26 413.75 0.285321
7 1301.64 298.32 1359.39 358.27 0.276393
4 867.00 182.57 895.72 216.32 0.276080
6 469.63 236.85 706.01 327.32 0.274597
4 1201.91 108.48 1222.33 123.57 0.274297
6 776.96 431.07 1231.51 764.38 0.271419
6 606.90 204.69 798.66 291.78 0.271084
5 1337.22 186.62 1359.89 217.34 0.268255
5 1285.97 85.03 1325.59 107.23 0.265496
5 1067.19 664.12 1175.41 764.73 0.258074
5 1129.15 629.88 1231.50 759.56 0.242399
5 845.10 178.79 874.45 210.65 0.236403
4 1267.84 143.03 1301.54 155.27 0.233306
5 295.52 292.27 347.55 335.35 0.229860
6 14.98 345.16 224.62 481.58 0.222535
6 1048.92 158.06 1135.09 206.89 0.222486
5 781.14 270.39 821.27 296.73 0.219658
6 1068.86 664.16 1174.98 764.37 0.217106
7 776.71 434.79 895.64 718.40 0.215053
6 1130.74 629.56 1231.15 760.56 0.209168
6 294.86 291.58 349.32 335.32 0.206559
6 1350.58 104.30 1359.85 122.72 0.204999
4 775.34 155.49 799.07 163.64 0.204819
