4 674.90 583.51 773.19 648.73 0.556392
4 1265.86 350.47 1353.84 398.38 0.531219
4 1011.87 418.24 1099.84 460.27 0.529761
4 1089.88 544.93 1191.13 608.68 0.529560
4 868.09 600.13 965.69 668.16 0.515514
4 1029.14 502.03 1112.97 555.67 0.514322
4 983.21 575.94 1079.02 634.78 0.511551
4 742.43 480.69 833.31 532.08 0.507767
4 1289.52 496.28 1382.10 548.02 0.506890
4 576.61 514.70 653.50 565.95 0.501983
4 1112.58 467.93 1207.35 530.45 0.497635
4 1024.17 869.09 1108.02 984.19 0.497537
4 1203.98 370.99 1263.86 413.70 0.492632
4 1195.00 520.85 1294.88 580.10 0.492164
4 1339.66 416.22 1399.52 474.47 0.478678
4 1189.50 820.35 1275.82 932.79 0.442202
4 875.06 734.60 944.00 839.03 0.427563
4 1292.69 790.31 1382.76 906.06 0.416561
4 1345.19 767.80 1399.72 877.55 0.416392
6 199.28 551.84 442.60 667.63 0.413326
4 1341.55 610.98 1394.70 705.04 0.412670
5 200.16 603.03 312.06 666.78 0.407264
1 561.84 867.43 582.65 928.18 0.403436
4 1149.74 660.52 1211.53 755.72 0.403017
4 1270.60 624.54 1329.38 721.10 0.395056
4 1073.67 682.68 1142.74 783.71 0.392553
3 936.43 419.57 1005.86 464.20 0.382706
1 1132.29 433.37 1157.36 467.13 0.376864
4 868.53 611.19 895.79 668.46 0.369237
4 943.81 727.22 1005.60 828.21 0.367619
4 1024.25 870.51 1079.23 895.77 0.366357
4 1213.52 638.21 1276.81 748.39 0.356350
5 306.91 555.81 442.94 633.05 0.348429
1 468.40 14.33 495.56 79.35 0.323235
4 0.02 687.98 19.99 711.95 0.294135
7 645.79 782.01 771.58 870.09 0.294106
4 0.02 656.30 30.22 711.77 0.290012
1 472.54 14.42 488.53 51.83 0.279090
4 1055.80 94.24 1085.87 112.43 0.278653
4 706.26 784.43 770.30 839.40 0.277351
1 1015.25 181.85 1026.91 201.68 0.276557
4 113.20 509.45 213.44 543.52 0.275887
4 985.53 290.68 1001.03 307.90 0.265959
3 936.23 426.63 970.84 464.34 0.261409
6 646.10 783.84 769.88 869.77 0.260468
4 1120.41 421.52 1155.77 442.65 0.255815
4 409.07 49.77 436.97 66.71 0.247979
4 959.07 391.08 987.70 413.90 0.230052
4 429.97 93.21 461.48 118.92 0.219732
4 397.71 538.61 446.65 565.51 0.210889
4 1387.21 468.71 1399.87 512.03 0.205414
4 276.82 234.01 318.15 263.54 0.203904
4 998.74 703.94 1073.77 825.74 0.202841
3 576.21 110.93 603.60 137.15 0.202124
