4 728.06 335.77 792.65 362.01 0.569191
6 1071.48 444.51 1359.91 540.88 0.517679
4 617.18 387.54 691.08 418.51 0.487077
6 707.32 442.64 1158.34 573.19 0.475529
6 567.55 265.41 789.89 336.72 0.463074
4 485.44 215.56 520.28 236.32 0.459248
5 505.94 187.32 553.21 214.06 0.446769
4 615.64 355.11 686.50 394.47 0.428737
4 757.87 384.92 836.05 422.03 0.428202
1 857.27 394.37 871.58 427.18 0.415446
4 586.40 370.56 647.21 404.07 0.406239
6 1109.51 631.37 1359.64 764.49 0.401677
1 841.68 336.76 852.37 363.75 0.400299
4 694.71 185.94 721.28 198.56 0.393654
4 730.93 184.34 763.24 199.35 0.381070
6 618.71 193.99 779.44 261.35 0.369411
4 676.74 255.99 718.98 268.84 0.349770
6 505.26 186.98 552.82 212.85 0.347193
4 816.84 295.46 831.78 311.10 0.338386
6 509.37 152.50 574.89 190.21 0.334220
9 1052.27 108.65 1225.94 144.21 0.303037
4 357.67 187.26 380.55 209.13 0.266619
4 721.14 262.51 765.14 280.61 0.263315
6 492.70 176.61 533.73 198.20 0.257062
4 648.26 133.28 670.49 146.04 0.250315
4 423.34 249.90 450.36 283.34 0.249714
6 770.49 263.77 803.61 314.64 0.249401
6 638.45 192.80 740.02 227.48 0.233501
4 495.06 207.60 514.58 217.67 0.220225
2 895.94 409.68 917.66 438.32 0.215592
6 676.90 256.27 803.74 314.27 0.215217
6 790.70 179.99 1002.55 432.39 0.211577
2 793.56 220.70 801.54 241.12 0.204930
