4 632.99 269.14 659.30 296.30 0.512287
4 737.36 371.94 769.65 407.34 0.509053
4 581.97 220.79 607.89 242.60 0.507759
4 504.65 136.06 531.10 158.28 0.505772
4 738.79 316.78 768.39 345.13 0.504726
4 784.39 125.14 809.96 135.46 0.488358
4 794.03 569.19 828.28 635.23 0.478043
4 596.76 200.22 623.92 225.53 0.469671
4 701.10 584.83 736.11 640.81 0.438788
4 442.01 468.87 479.35 492.12 0.433026
4 267.34 153.32 291.24 171.14 0.427078
4 299.82 161.91 322.67 177.66 0.420397
4 304.59 178.94 327.12 194.46 0.411364
6 732.71 23.45 801.70 47.73 0.383560
4 79.09 634.18 121.09 650.84 0.336444
4 596.15 134.35 620.07 158.65 0.322299
4 777.77 56.00 799.67 66.98 0.318538
4 551.08 121.25 567.62 135.31 0.298215
4 852.49 39.63 872.60 49.43 0.264502
4 565.48 19.63 582.53 32.32 0.258561
4 836.25 41.79 846.64 50.45 0.250323
4 878.85 43.76 893.68 53.05 0.248446
6 734.72 111.99 760.78 135.05 0.235057
4 811.71 39.65 825.87 48.43 0.233269
4 937.51 589.46 958.59 607.31 0.231378
4 853.13 54.29 862.61 63.97 0.228322
4 363.32 133.01 384.73 156.38 0.223954
4 859.06 125.68 881.20 135.92 0.222162
2 882.50 120.10 892.11 136.51 0.216213
9 578.08 123.98 620.62 159.10 0.215838
4 962.29 656.69 979.08 674.35 0.214670
4 557.35 484.75 577.22 520.32 0.209358
4 935.26 115.49 964.11 135.51 0.206568
9 846.22 33.89 865.10 45.65 0.204958
4 322.46 440.10 341.13 464.16 0.204208
5 557.78 486.27 576.23 520.77 0.201234
4 950.29 620.89 968.86 639.01 0.201071
