4 332.30 300.50 387.76 327.14 0.519357
4 828.36 109.69 851.59 137.47 0.475006
4 811.77 51.81 832.52 81.20 0.471461
4 766.77 0.17 782.92 17.64 0.448023
4 694.78 601.97 729.97 678.62 0.423770
4 624.14 598.39 662.87 673.40 0.415700
4 611.38 708.78 657.60 787.68 0.411082
4 631.04 515.10 666.78 576.56 0.401087
1 265.77 735.87 283.96 765.11 0.389912
4 809.83 152.00 833.39 191.20 0.381863
1 213.47 769.64 230.36 787.82 0.368425
2 571.32 363.64 582.10 385.15 0.349055
1 1155.41 326.46 1166.87 345.19 0.340441
2 517.21 458.24 529.77 480.05 0.335927
4 801.28 120.59 811.84 136.81 0.333002
4 692.15 509.12 724.54 577.76 0.331644
1 721.42 234.93 733.18 254.12 0.327244
2 545.48 424.36 556.39 441.91 0.312355
2 982.19 306.67 996.87 328.79 0.305101
2 534.83 463.33 546.18 482.90 0.300027
2 544.56 454.88 554.74 476.06 0.293428
1 581.80 432.94 589.42 449.76 0.290093
2 100.10 765.59 117.93 787.66 0.290042
2 583.12 273.17 592.78 289.00 0.283721
2 1057.09 516.17 1068.08 533.99 0.276656
6 0.26 140.51 130.39 528.13 0.269419
2 624.57 256.11 633.89 274.97 0.265653
6 514.69 169.41 587.55 244.25 0.262411
2 1006.35 290.37 1020.14 310.41 0.260976
2 763.18 223.94 771.63 241.68 0.258746
2 721.38 235.45 731.96 254.59 0.254813
4 74.03 310.78 102.55 319.87 0.253869
4 780.60 33.81 788.80 44.86 0.249789
2 789.49 237.17 800.85 267.75 0.246439
2 1082.95 622.43 1101.43 655.59 0.245953
2 561.97 362.75 572.51 380.21 0.242138
2 284.62 269.19 294.63 291.41 0.238645
2 1355.75 318.46 1366.93 337.28 0.232543
2 312.33 392.70 322.77 417.71 0.222902
4 807.25 32.54 815.63 44.85 0.219860
2 581.43 432.62 589.53 450.03 0.217483
2 648.60 96.34 655.76 112.73 0.216152
4 789.70 103.20 800.08 110.62 0.213185
4 838.21 469.20 857.58 488.18 0.212701
2 1155.45 326.79 1166.66 344.81 0.209854
6 1126.60 132.06 1156.30 145.80 0.206830
6 1059.42 132.69 1073.87 144.94 0.205334
2 668.66 203.30 676.43 219.69 0.204328
7 293.65 408.82 331.43 440.70 0.204209
2 849.80 450.00 858.08 474.32 0.200125
