4 810.89 544.06 851.06 570.81 0.515868
4 212.47 584.94 258.47 604.36 0.437850
4 262.21 606.76 312.10 625.62 0.435131
4 990.08 592.11 1030.91 611.71 0.423061
4 450.05 466.06 494.43 487.54 0.407238
4 637.30 70.62 652.27 94.09 0.398285
4 476.35 406.07 514.35 424.70 0.397586
4 618.37 433.63 636.85 467.05 0.394895
4 877.16 572.45 922.10 595.18 0.387692
4 938.38 589.91 975.68 609.67 0.372420
4 513.58 153.97 542.87 165.99 0.362542
4 221.89 679.32 268.34 700.47 0.353268
4 413.52 628.47 459.08 648.52 0.352173
4 882.71 592.37 923.76 612.22 0.351677
4 306.72 631.96 348.86 650.71 0.351662
4 492.18 276.67 533.73 307.01 0.351420
4 858.56 669.98 895.48 695.52 0.351178
4 280.07 456.90 306.82 483.26 0.345738
4 197.61 657.25 241.55 678.29 0.345292
4 510.80 133.01 550.36 166.17 0.343851
4 126.03 659.21 174.75 680.93 0.342294
4 284.69 678.08 329.67 697.66 0.336497
4 1122.34 635.00 1177.78 677.61 0.335348
4 505.26 189.54 539.88 221.44 0.332064
4 160.44 678.52 206.40 698.15 0.331178
4 783.22 680.93 824.40 719.68 0.328616
4 344.49 677.59 385.78 696.48 0.327888
6 788.55 241.50 830.78 298.32 0.326025
4 416.15 452.62 450.54 470.96 0.325661
4 1312.20 567.89 1353.87 588.23 0.325514
4 945.99 573.25 984.04 593.30 0.324115
4 466.60 437.27 496.33 454.66 0.323170
4 252.44 657.37 294.97 675.35 0.318716
4 354.41 630.31 394.98 650.81 0.312127
4 403.70 673.16 445.56 692.09 0.310337
4 307.49 655.97 344.20 673.81 0.306041
4 409.09 652.77 453.08 671.83 0.298418
4 354.15 654.86 395.45 672.85 0.297481
4 1045.06 589.94 1083.19 609.44 0.294707
4 314.23 448.77 337.00 463.89 0.293028
4 504.84 243.38 539.67 272.58 0.288264
5 640.62 415.01 657.81 447.19 0.287584
4 876.88 573.72 895.80 596.20 0.287213
4 643.26 12.45 659.70 36.79 0.285032
9 204.17 419.92 329.45 462.13 0.284845
9 700.32 418.51 791.87 460.39 0.279755
4 706.77 909.09 730.49 960.39 0.279084
4 1047.06 570.11 1097.03 590.61 0.277457
4 255.90 504.25 277.97 536.07 0.268474
4 1088.07 586.68 1131.97 608.61 0.257188
5 618.90 433.67 636.35 466.76 0.256704
5 757.61 846.65 781.31 898.86 0.250042
2 492.79 752.11 504.58 768.65 0.247237
4 1130.48 657.88 1176.92 677.72 0.246953
4 886.19 614.30 926.94 635.16 0.244046
1 594.09 480.67 602.83 499.07 0.242116
4 881.66 594.15 895.85 613.34 0.242071
4 793.76 268.31 826.11 297.11 0.239444
4 515.98 99.88 542.55 118.70 0.237500
3 0.39 500.49 67.96 548.88 0.235344
4 429.62 720.51 462.04 732.19 0.234190
4 652.15 157.69 669.99 184.00 0.234108
4 702.51 828.06 725.71 876.96 0.230154
4 620.52 327.73 637.51 358.70 0.228814
4 519.23 13.87 549.27 47.25 0.225721
6 0.53 791.59 447.42 1049.06 0.225349
4 1235.67 632.89 1294.53 655.52 0.222681
4 517.53 133.36 549.58 149.09 0.222061
5 702.64 828.92 725.39 876.61 0.220705
6 600.30 361.03 618.05 391.26 0.218949
4 1124.81 634.02 1166.48 655.16 0.216297
4 885.65 615.16 895.86 635.81 0.215911
4 585.41 183.14 611.08 201.13 0.214305
2 376.34 451.42 388.53 465.24 0.212903
6 640.68 415.16 657.86 447.25 0.212791
1 336.35 455.50 346.21 470.30 0.212772
2 472.74 746.74 488.46 766.89 0.211832
4 1044.21 569.77 1131.75 609.47 0.208576
4 519.14 81.80 548.45 102.31 0.206706
4 351.65 717.68 389.76 740.58 0.201602
