4 835.62 1032.00 868.76 1049.80 0.412434
4 42.73 994.08 67.35 1028.43 0.383834
4 792.46 683.38 821.91 704.93 0.372908
4 109.15 986.54 132.08 1022.20 0.356086
4 791.81 902.02 816.72 928.25 0.354895
4 783.49 869.33 810.36 890.82 0.334628
4 761.29 855.06 790.61 877.14 0.330051
4 798.65 924.70 826.25 954.74 0.329020
4 87.13 982.81 109.65 1018.51 0.327574
4 745.27 818.25 775.82 841.13 0.327541
4 68.98 986.21 88.27 1015.37 0.326316
4 776.68 642.98 806.66 664.28 0.322344
4 709.53 744.49 739.15 767.31 0.320548
4 740.12 806.09 767.95 830.18 0.311907
5 593.98 622.19 626.69 640.72 0.311827
4 693.71 712.66 726.12 734.08 0.310905
4 555.94 631.40 587.35 653.94 0.309516
4 757.84 837.60 787.13 860.83 0.307978
4 727.88 782.70 755.61 807.28 0.305821
4 808.08 708.24 832.10 722.92 0.302516
4 701.80 731.61 730.58 750.28 0.302043
4 715.86 759.72 744.77 783.92 0.301486
4 1222.38 909.78 1291.86 947.78 0.291547
4 161.01 570.87 188.19 586.61 0.287397
4 907.40 1033.48 934.62 1049.75 0.285045
4 210.96 622.69 225.68 635.24 0.282443
2 539.80 545.71 595.14 617.03 0.278952
4 174.95 607.69 192.11 620.77 0.275246
4 845.88 1002.33 863.50 1019.51 0.243629
6 777.67 702.84 842.25 750.60 0.239913
6 186.22 94.22 294.22 210.55 0.230801
2 485.15 1017.82 506.34 1044.89 0.228019
2 247.10 823.17 301.84 889.76 0.226795
4 39.40 651.95 68.61 668.93 0.226739
6 504.07 154.40 627.87 327.82 0.226332
4 440.27 927.47 468.56 950.02 0.224263
5 610.35 634.59 657.96 655.36 0.218809
4 641.73 454.46 658.57 468.07 0.217653
4 238.76 886.97 256.03 904.92 0.216914
4 683.32 684.69 711.05 704.02 0.213578
4 75.28 684.65 98.72 698.74 0.210772
2 547.67 597.00 561.40 621.21 0.210675
2 341.03 879.16 362.87 895.58 0.207718
4 573.13 653.38 591.56 667.16 0.207069
4 190.50 254.87 214.30 269.58 0.204809
4 185.08 622.66 202.55 639.46 0.203040
4 585.34 786.49 627.26 820.17 0.200752
4 583.90 369.92 597.85 383.04 0.200639
