1 350.38 701.82 367.17 749.88 0.561865
6 398.44 676.20 573.19 764.45 0.544494
7 581.94 554.58 648.94 609.50 0.405989
4 422.33 530.79 472.40 552.72 0.370713
4 176.50 632.95 219.63 674.03 0.369532
4 0.04 719.48 44.08 764.26 0.363501
5 334.59 541.83 384.83 585.48 0.362435
4 229.98 712.57 344.19 761.44 0.357566
4 0.14 697.64 64.47 749.45 0.357140
4 302.95 683.98 396.90 735.43 0.356685
4 6.62 676.15 75.87 707.81 0.348590
4 256.64 605.61 323.89 641.92 0.344880
7 741.93 477.13 767.07 504.06 0.330314
4 190.06 614.55 288.34 652.12 0.330179
4 293.42 586.34 333.62 613.26 0.309020
4 957.18 483.72 966.64 495.35 0.307395
4 1277.48 416.24 1310.39 424.12 0.303916
4 230.30 741.61 321.22 764.46 0.301241
4 469.87 521.58 509.99 545.42 0.291020
6 686.02 467.76 730.59 495.88 0.289348
4 343.55 671.53 416.99 712.42 0.268505
5 564.06 479.31 602.40 500.81 0.263454
4 1173.57 413.86 1204.51 423.07 0.256947
6 564.27 480.18 602.77 501.10 0.255838
5 634.16 556.70 664.87 592.21 0.255570
1 478.18 604.28 489.97 634.48 0.249812
4 1249.33 413.70 1278.09 423.57 0.249422
4 326.13 548.93 345.22 568.24 0.249402
4 390.97 632.62 455.32 668.48 0.242587
6 535.62 524.60 601.60 561.99 0.241004
6 510.08 552.51 561.19 592.23 0.238761
4 242.88 588.04 319.27 615.99 0.237123
2 579.13 496.58 603.61 523.60 0.229148
4 348.77 654.72 429.00 681.00 0.228524
4 515.01 502.95 537.74 523.47 0.227456
9 675.11 457.14 717.96 478.24 0.223883
6 620.95 531.19 682.69 560.80 0.222775
6 663.48 477.37 701.67 507.65 0.221876
4 469.56 590.73 508.70 622.99 0.219885
9 599.58 447.13 726.22 490.24 0.215622
6 600.31 447.15 673.97 483.24 0.214753
2 748.82 483.36 761.63 503.32 0.212261
2 499.47 592.46 511.34 619.66 0.208938
2 580.23 504.05 590.76 522.65 0.208582
4 469.75 503.42 491.66 522.39 0.204668
9 467.35 477.12 525.90 503.85 0.203858
4 725.18 459.54 739.70 472.00 0.200491
