3 1840.53 632.57 1875.66 669.97 0.754156
4 289.91 720.98 487.19 851.48 0.610679
4 1702.37 558.43 1863.53 623.81 0.593406
4 1368.05 1182.42 1715.51 1382.66 0.574947
4 1229.65 619.92 1316.45 693.69 0.567452
4 1125.69 618.24 1217.17 696.07 0.565173
4 1490.52 591.87 1654.88 669.43 0.564596
5 555.02 543.57 666.76 619.76 0.545144
4 1976.33 773.67 1999.82 835.27 0.543421
4 0.43 453.29 100.15 490.30 0.529902
4 200.62 502.59 333.86 551.87 0.528824
2 1858.34 613.06 1884.70 662.32 0.525903
4 638.62 561.12 752.46 623.77 0.525659
4 1024.75 581.25 1074.81 644.42 0.524035
4 728.11 571.24 823.51 630.82 0.518886
4 814.26 600.95 882.37 673.01 0.518133
4 361.43 522.99 459.57 576.61 0.501716
4 58.89 402.49 165.34 436.12 0.500614
4 0.00 488.75 61.62 532.81 0.495934
4 906.54 585.09 976.15 653.02 0.490734
1 365.27 406.16 384.21 444.45 0.454572
6 75.79 218.43 98.60 241.38 0.440045
4 224.81 461.73 341.01 503.88 0.438334
4 291.34 354.47 376.69 388.93 0.433516
4 416.48 532.37 529.28 591.61 0.432341
4 159.44 327.92 235.31 349.86 0.425930
4 1980.11 521.81 1999.86 553.98 0.421944
4 638.83 604.03 707.53 623.07 0.410977
4 1742.63 603.67 1863.20 622.81 0.410663
4 138.98 343.60 217.05 366.32 0.409396
4 255.75 266.39 297.62 283.45 0.394462
4 105.73 364.95 194.42 390.59 0.394020
1 337.29 417.01 358.45 460.88 0.376429
4 88.37 383.55 182.92 412.11 0.375806
4 220.68 441.07 341.81 473.95 0.372800
4 557.41 604.07 616.86 619.02 0.366544
4 311.24 335.19 382.10 359.74 0.365360
5 215.17 402.82 360.46 460.76 0.363134
6 471.72 436.91 592.33 522.00 0.359426
4 0.17 526.80 13.74 559.57 0.341033
4 217.64 301.30 249.64 327.72 0.336589
4 343.49 286.98 380.48 309.96 0.332393
4 318.05 314.88 386.29 340.09 0.314396
4 327.06 210.43 345.72 220.85 0.311253
4 1975.50 504.09 1999.67 551.59 0.306749
4 716.32 563.03 754.00 607.63 0.302216
1 1858.21 612.44 1885.41 662.15 0.302150
4 106.51 226.84 132.43 236.46 0.298896
4 341.10 216.40 357.97 227.76 0.298568
4 48.73 200.82 63.82 214.28 0.294236
4 282.70 223.33 308.86 235.31 0.288795
1 1396.97 604.64 1414.30 626.59 0.262958
4 348.62 273.26 374.60 290.77 0.262944
4 343.23 258.25 372.13 278.74 0.242423
3 975.40 193.84 1004.30 237.88 0.231192
2 1465.73 1238.68 1533.04 1313.68 0.228353
4 348.33 283.40 376.19 296.75 0.224837
3 342.55 257.49 364.43 273.51 0.223572
4 1463.62 603.95 1496.17 621.95 0.216548
4 1509.58 553.34 1548.90 581.17 0.216204
6 108.90 200.30 134.02 215.84 0.215612
4 350.27 268.24 373.50 280.79 0.208017
4 1490.89 590.62 1560.39 633.23 0.205592
