4 874.96 205.31 923.89 267.65 0.582839
4 330.47 990.35 453.09 1140.56 0.554957
4 805.23 128.27 861.31 168.51 0.546037
4 1449.01 147.97 1484.96 187.25 0.541413
4 697.86 440.25 786.01 542.40 0.535509
1 313.18 917.13 355.01 971.51 0.525036
4 1238.33 199.12 1282.10 260.65 0.503476
4 109.92 1288.51 305.14 1499.13 0.500400
4 848.56 58.55 888.13 98.64 0.497876
4 913.40 148.65 958.39 199.31 0.496457
4 803.68 49.29 852.42 91.66 0.496426
4 1305.41 3.55 1341.98 45.46 0.472612
4 1454.94 231.04 1494.12 284.64 0.471638
4 1310.39 218.91 1357.20 277.72 0.466840
4 1019.43 0.00 1053.12 27.19 0.458220
4 1239.99 76.81 1277.12 123.39 0.443319
4 876.70 206.92 895.84 264.98 0.442938
4 1303.39 75.16 1345.02 120.51 0.433521
4 1459.26 362.17 1508.67 428.20 0.432535
1 999.18 104.61 1013.26 139.18 0.411682
1 1016.91 110.98 1030.49 141.66 0.410204
1 1496.06 217.38 1513.71 258.60 0.401011
4 1445.58 41.55 1478.21 77.11 0.399671
4 1464.52 438.82 1534.58 509.37 0.391445
10 1525.44 1072.47 1660.97 1334.28 0.383670
1 1517.20 255.51 1539.32 293.80 0.382827
1 1452.78 205.75 1478.43 240.80 0.380804
4 1216.20 359.28 1276.79 447.56 0.375668
4 1447.90 16.45 1474.31 43.84 0.366712
10 1222.02 1110.68 1311.87 1336.49 0.363932
4 867.68 0.39 910.16 22.58 0.357666
1 1415.04 226.07 1430.42 253.99 0.346858
1 419.70 647.96 454.75 693.11 0.345650
4 1448.74 0.14 1475.38 17.11 0.333853
1 1409.48 223.61 1431.76 266.63 0.329865
1 1522.08 284.92 1542.44 339.09 0.328464
4 716.23 652.36 751.96 720.20 0.301712
1 970.79 48.19 986.30 74.66 0.300860
3 1569.68 207.33 1604.14 280.39 0.296377
2 1571.39 209.32 1597.01 243.16 0.293552
3 760.65 336.16 797.78 360.22 0.289961
1 1435.47 249.42 1455.34 293.35 0.287198
4 914.17 10.59 941.24 43.32 0.265825
3 1522.69 277.82 1543.12 305.48 0.261980
6 1445.49 1.08 1478.70 77.70 0.257515
6 716.11 1.09 778.91 225.61 0.255046
4 970.73 49.40 987.48 73.60 0.248792
3 1522.90 280.38 1544.06 339.25 0.248182
10 1543.39 1125.19 1611.73 1330.05 0.244048
1 63.61 1045.97 104.00 1096.68 0.240781
3 1406.89 241.66 1426.59 268.75 0.238382
4 1598.42 266.06 1611.85 345.78 0.234764
4 765.86 0.00 780.41 24.17 0.227661
4 1222.27 1111.06 1312.50 1335.76 0.226313
6 1525.69 1071.56 1660.29 1334.97 0.218034
4 1313.94 74.08 1339.25 97.20 0.217050
4 763.62 121.45 804.48 168.03 0.217049
4 775.94 120.54 801.21 149.48 0.214880
9 0.35 816.26 295.43 1265.89 0.206446
4 930.16 20.38 941.40 42.15 0.206097
