4 794.84 201.22 963.66 300.42 0.638411
4 571.04 245.47 745.93 353.56 0.597803
4 781.71 112.54 944.69 209.35 0.593146
4 1041.32 47.81 1205.77 151.35 0.588092
4 1016.29 149.77 1179.84 244.87 0.561210
4 781.82 154.15 895.59 209.70 0.505496
5 541.67 158.70 731.73 271.76 0.499021
4 164.82 745.80 333.66 943.70 0.436620
1 298.32 422.47 372.88 664.04 0.376976
4 1261.39 504.62 1392.57 611.80 0.306874
10 351.76 44.06 406.68 97.96 0.246326
10 298.30 422.54 374.51 664.83 0.218056
9 382.52 481.65 1398.44 1046.36 0.205997
