4 548.05 65.54 571.43 90.74 0.549876
4 481.46 384.53 510.24 427.89 0.457121
4 532.22 406.05 561.13 452.25 0.431214
4 677.04 712.65 721.53 781.14 0.413947
4 615.45 214.33 640.27 250.84 0.405648
4 526.83 186.20 547.00 228.36 0.362907
5 526.73 186.31 546.59 229.23 0.344958
7 493.80 418.21 564.10 565.00 0.339096
5 592.84 477.09 629.84 540.79 0.324472
4 590.68 214.16 611.28 251.39 0.323378
5 503.31 327.18 529.27 369.37 0.318459
4 584.90 709.30 627.27 777.42 0.310472
4 257.11 499.87 291.14 527.54 0.303512
5 601.38 637.70 693.80 787.52 0.293375
4 504.06 326.84 529.36 369.53 0.292393
4 254.73 295.10 291.49 312.76 0.287398
6 671.51 29.13 773.97 136.31 0.283344
4 618.92 567.04 659.87 629.13 0.282554
5 584.74 709.31 625.90 777.67 0.281251
6 494.84 421.01 564.09 562.36 0.277289
4 551.95 478.06 589.03 533.53 0.261097
4 927.50 202.02 945.70 232.77 0.259768
6 568.31 531.80 622.24 623.89 0.254283
4 408.70 125.38 433.44 146.64 0.238177
4 918.93 346.66 965.03 375.81 0.234120
4 260.18 0.00 293.08 11.29 0.232536
4 1004.76 432.13 1034.57 465.66 0.229641
4 720.00 315.61 734.52 327.20 0.222447
3 117.57 309.78 161.15 367.41 0.214718
4 481.36 58.57 499.93 71.72 0.213364
4 416.44 138.91 443.91 154.79 0.212756
6 601.53 637.37 693.97 787.38 0.206940
4 894.17 305.89 911.61 324.30 0.200559
