4 1414.93 271.66 1718.03 484.19 0.671134
4 1104.33 807.69 1344.28 1073.96 0.666669
4 1842.62 128.05 1999.50 362.86 0.642332
4 1761.07 690.74 1999.44 955.53 0.613866
4 1079.94 807.52 1342.75 895.61 0.603643
4 1507.97 438.84 1611.77 612.26 0.576500
6 1281.50 136.10 1571.25 353.90 0.573142
4 972.30 0.13 1110.21 66.26 0.551234
5 1077.82 0.11 1341.78 141.97 0.550070
5 1199.46 26.88 1440.00 206.83 0.532858
4 880.72 617.71 1225.11 857.18 0.511639
4 1104.20 617.60 1224.58 792.58 0.503495
4 1667.52 0.16 1820.38 137.71 0.484921
4 611.38 610.77 679.59 704.63 0.434481
1 535.73 401.29 608.13 490.86 0.431134
3 551.86 145.13 588.12 200.57 0.419721
2 534.43 403.48 608.08 494.70 0.407688
4 1101.43 1212.74 1611.35 1498.90 0.390348
7 722.94 190.18 823.79 322.46 0.384494
4 716.13 703.92 736.62 770.97 0.379404
1 774.10 413.25 796.80 447.35 0.370480
4 1507.98 353.36 1847.37 611.57 0.357271
10 661.92 693.97 736.37 773.40 0.350455
3 384.36 129.20 424.73 201.69 0.341190
7 437.22 282.26 575.72 370.76 0.324665
7 548.38 125.53 650.73 202.78 0.318136
3 722.80 394.88 772.76 469.83 0.315699
3 772.75 941.63 841.20 1011.70 0.314645
10 1201.09 230.60 1243.01 292.15 0.305090
2 484.92 925.05 528.48 991.54 0.289991
2 442.21 287.08 549.69 364.97 0.279149
1 555.23 121.05 582.99 171.88 0.275172
3 383.95 128.14 482.46 202.43 0.274543
3 676.13 469.37 771.45 550.15 0.271959
3 808.75 1049.29 851.01 1098.99 0.265297
1 484.76 920.06 584.04 992.55 0.259516
3 717.18 394.08 832.84 506.56 0.252339
1 629.86 495.73 664.95 550.35 0.245561
6 660.83 693.31 734.42 775.08 0.245556
7 526.93 487.79 590.34 558.97 0.240760
2 570.79 780.61 633.26 833.92 0.229082
7 483.46 303.37 575.44 373.63 0.227464
7 586.88 137.76 650.10 190.02 0.227450
1 1332.10 286.94 1376.56 322.90 0.224442
7 429.08 147.70 482.54 191.73 0.221211
10 785.15 1004.57 820.47 1050.39 0.220672
10 1303.89 334.45 1346.43 389.44 0.218110
3 716.34 442.93 783.77 505.06 0.215940
3 773.80 411.19 833.08 457.76 0.214128
2 498.61 289.48 545.59 336.42 0.207886
2 534.64 456.89 569.97 495.81 0.203771
