9 428.25 87.25 577.26 173.76 0.687113
3 911.65 390.41 968.75 423.62 0.675905
4 301.01 208.38 419.88 258.91 0.644968
4 0.27 623.43 144.28 766.84 0.629753
4 572.07 156.63 657.14 196.34 0.622085
3 512.41 317.15 535.01 358.01 0.543549
4 810.01 90.54 857.45 122.11 0.529720
2 586.77 719.79 629.20 804.79 0.524452
2 26.20 381.60 64.50 445.21 0.512819
2 549.48 281.85 575.23 331.71 0.512564
4 0.03 434.71 28.18 485.78 0.509084
2 994.00 398.98 1020.58 457.73 0.503109
1 928.40 369.68 957.05 430.68 0.498760
1 721.10 598.73 769.75 657.63 0.484284
6 775.24 154.54 895.57 287.02 0.482732
2 921.55 275.08 938.68 322.56 0.482507
1 26.02 381.17 65.67 445.47 0.477106
1 587.19 719.11 630.39 804.30 0.472901
2 721.25 598.04 770.91 657.87 0.461603
1 549.51 281.48 574.60 331.94 0.460027
1 467.38 829.24 509.99 895.52 0.450495
1 993.96 399.62 1020.32 457.97 0.445715
3 245.42 778.05 362.07 861.89 0.439750
4 1180.09 53.46 1235.05 76.47 0.419901
1 921.12 274.18 939.45 321.68 0.418003
2 548.25 188.04 563.98 225.44 0.407410
4 0.04 587.36 22.59 635.28 0.397666
2 930.31 370.21 957.27 426.81 0.396526
4 536.45 121.07 596.09 163.18 0.389133
6 775.84 71.99 1002.30 286.62 0.385479
2 560.13 189.30 576.47 225.41 0.370932
1 776.11 133.57 787.97 159.26 0.365065
4 953.05 32.47 978.82 56.10 0.364317
4 584.09 131.85 643.60 161.58 0.362123
5 665.12 23.43 699.59 56.88 0.358802
2 511.51 304.01 534.47 351.38 0.355659
2 936.24 156.66 948.96 188.43 0.345054
2 436.74 829.04 512.94 942.98 0.344504
1 430.57 853.83 469.35 943.22 0.343308
4 1177.13 86.98 1255.58 119.37 0.343166
4 1122.36 71.39 1161.79 94.79 0.336223
4 575.39 102.35 612.77 126.90 0.329831
5 953.81 32.65 977.93 55.11 0.324509
6 776.61 226.42 872.08 287.06 0.323611
3 751.29 611.74 784.75 662.79 0.322463
3 823.31 632.45 875.47 688.84 0.312561
4 879.62 120.46 895.93 149.35 0.303928
4 597.27 107.73 650.57 136.03 0.301093
2 911.39 171.96 926.37 216.67 0.290979
4 1167.95 83.55 1200.42 106.83 0.279353
2 430.25 854.39 462.60 895.81 0.278729
2 867.69 36.39 879.81 64.83 0.275308
2 588.48 194.81 602.20 228.63 0.271162
2 799.62 615.95 823.94 639.40 0.267573
2 775.97 133.54 788.69 159.01 0.265597
4 637.96 112.90 692.66 141.56 0.264275
5 434.25 153.83 525.30 174.10 0.263509
4 870.08 22.96 894.11 41.58 0.263281
2 1017.63 44.77 1027.53 67.32 0.260267
9 438.63 79.67 508.13 112.02 0.251796
6 401.55 50.95 586.28 127.86 0.250867
4 810.30 205.62 851.75 234.13 0.249275
5 627.52 78.88 679.67 112.56 0.248917
4 1134.23 0.10 1154.21 13.68 0.246176
4 869.76 37.29 895.80 64.20 0.244398
9 820.33 6.21 878.71 41.39 0.243896
4 913.74 155.37 940.26 169.65 0.243540
2 953.12 170.46 964.87 193.94 0.242784
4 1351.86 230.90 1390.10 261.22 0.238676
2 800.80 616.30 847.37 687.18 0.236492
2 587.69 178.06 605.20 225.49 0.233242
4 1070.91 136.60 1125.64 164.49 0.232744
3 696.84 795.74 735.31 849.88 0.230003
4 1224.64 33.43 1250.09 53.85 0.227342
7 1010.56 147.53 1057.51 187.04 0.225657
3 504.22 305.89 566.45 365.70 0.224186
9 818.91 17.00 845.77 39.07 0.222177
4 628.49 79.12 679.30 111.13 0.221079
4 698.19 35.09 712.23 53.13 0.218885
2 1061.67 61.09 1071.83 84.38 0.218132
4 651.62 93.68 695.84 117.25 0.216712
2 879.94 200.74 894.55 222.71 0.215701
2 1101.97 28.29 1113.52 51.67 0.212898
3 489.67 315.14 535.76 368.36 0.212353
4 774.54 70.95 822.49 98.85 0.210757
4 691.76 96.64 741.90 123.14 0.208629
2 875.85 201.86 896.58 272.26 0.203223
