4 657.97 109.54 673.03 128.12 0.524820
4 602.63 183.18 621.67 210.65 0.523151
6 349.71 267.77 409.42 377.84 0.455902
4 648.34 1015.26 686.19 1049.77 0.442323
4 857.15 182.12 877.93 207.36 0.421480
5 349.09 268.15 409.57 378.19 0.397935
4 808.83 717.58 840.48 758.64 0.384368
4 362.65 43.70 381.34 63.50 0.347091
4 694.86 415.85 715.49 456.67 0.333367
4 869.48 876.52 895.56 895.46 0.328562
4 756.65 21.40 767.42 35.02 0.309586
4 784.43 17.64 795.14 30.22 0.281478
4 1070.77 386.86 1096.24 407.01 0.273717
4 742.25 66.30 762.66 82.91 0.262530
4 784.59 15.48 804.12 33.10 0.252414
2 824.80 998.01 840.82 1020.77 0.231445
2 46.21 141.09 59.56 162.07 0.231342
6 970.65 8.92 1019.96 60.94 0.228074
4 1203.90 946.31 1222.86 969.96 0.227496
4 1138.00 20.37 1159.32 33.24 0.227489
9 824.71 1.24 870.27 34.94 0.218577
4 694.27 991.90 706.53 1008.57 0.214983
2 670.82 0.21 678.67 11.45 0.205640
5 518.89 479.29 569.05 537.21 0.202636
6 384.40 0.34 541.46 99.04 0.201021
