4 1039.77 543.82 1209.35 630.78 0.675368
6 832.51 345.87 990.77 448.50 0.617370
5 940.72 466.67 1110.05 568.59 0.599495
4 98.32 359.19 169.93 454.97 0.593155
4 775.50 341.99 878.89 401.79 0.581848
5 798.62 177.27 877.98 227.35 0.549745
4 253.85 0.58 285.37 32.66 0.546697
4 1157.23 111.59 1215.01 139.10 0.511529
4 199.83 291.32 262.39 373.17 0.499630
1 691.62 269.81 711.55 315.09 0.468154
1 748.17 484.31 770.54 536.76 0.456676
4 592.89 318.37 667.00 392.22 0.437802
1 722.99 481.21 747.12 529.10 0.435687
4 1050.12 172.93 1117.57 227.15 0.435394
4 993.62 183.50 1065.34 235.17 0.432939
4 398.06 37.50 463.73 69.71 0.425393
3 683.20 198.84 706.81 234.50 0.410305
1 749.72 330.76 767.49 370.32 0.407620
1 710.56 170.08 730.76 207.96 0.403475
6 831.33 351.59 895.93 448.24 0.399570
1 1114.62 285.96 1133.29 316.79 0.381238
1 728.06 236.08 741.68 263.05 0.375423
1 604.97 142.68 618.08 176.84 0.374480
1 618.99 128.23 631.90 158.56 0.367200
1 579.92 122.35 594.41 156.81 0.366697
1 762.00 297.59 779.15 329.18 0.360530
6 576.19 221.06 641.44 323.60 0.358940
5 721.83 259.93 758.17 321.96 0.348229
1 1045.36 145.29 1061.69 180.81 0.347728
6 692.36 143.71 725.06 185.37 0.346503
4 702.12 235.02 740.66 278.67 0.343412
4 409.38 82.98 442.77 125.79 0.333048
1 556.81 121.88 567.54 153.57 0.323130
4 941.17 195.09 1009.25 243.55 0.319522
4 0.03 177.53 24.65 209.18 0.314819
7 189.82 853.66 260.43 927.91 0.312544
3 1113.86 302.15 1131.60 321.35 0.310199
1 835.12 419.58 854.70 456.86 0.307746
4 813.00 142.93 837.83 171.39 0.304279
2 579.55 122.73 594.34 157.50 0.299719
4 518.39 142.20 569.20 203.83 0.298411
1 1306.24 244.10 1324.88 278.81 0.296210
2 618.46 128.02 631.90 157.72 0.291789
1 384.72 62.16 397.22 93.38 0.291094
4 953.24 132.37 985.69 153.55 0.289215
4 576.62 173.87 601.40 203.56 0.288868
2 686.18 197.46 705.23 229.06 0.282169
1 684.30 155.45 696.22 192.32 0.282167
2 556.45 119.43 568.10 154.70 0.277330
4 401.32 12.56 441.14 39.53 0.276709
1 647.36 326.06 667.88 365.05 0.274044
4 721.13 260.10 759.41 321.33 0.270225
7 586.91 79.46 625.76 110.77 0.262224
4 876.82 208.40 914.76 239.16 0.260313
4 876.11 209.94 895.77 239.06 0.251644
4 0.06 201.57 11.12 230.17 0.246107
2 538.30 77.72 552.71 120.93 0.239619
4 809.64 240.17 846.47 271.40 0.238179
2 683.19 154.99 695.82 191.72 0.236758
4 866.34 127.84 897.81 147.66 0.229653
7 784.82 274.76 812.23 305.48 0.229029
9 955.74 111.17 1084.63 150.68 0.228723
7 1065.50 122.94 1092.16 146.19 0.228460
4 830.78 326.85 895.93 358.00 0.226415
2 337.10 0.97 351.69 24.99 0.222306
4 826.10 239.74 847.16 267.82 0.221849
7 635.42 145.72 670.01 172.70 0.221677
4 1186.22 270.86 1220.97 304.41 0.221229
9 439.49 120.92 456.03 154.72 0.220053
4 470.93 161.29 496.12 176.98 0.219083
4 0.36 129.07 47.39 172.75 0.215712
2 547.72 61.28 561.02 92.41 0.209564
9 410.12 120.56 426.35 156.83 0.209263
7 756.15 227.70 778.89 251.99 0.207770
7 813.05 142.94 838.02 171.89 0.203750
4 1112.97 107.75 1135.87 134.11 0.202382
