4 1476.27 485.61 1539.62 610.37 0.518436
4 269.19 89.82 333.64 196.25 0.517850
4 1126.90 446.61 1178.25 570.42 0.513812
4 752.02 499.76 814.39 625.62 0.502163
4 489.47 99.28 546.99 225.28 0.498324
4 833.64 487.15 885.49 599.20 0.490562
4 375.33 512.76 440.11 640.49 0.466731
4 617.52 506.61 677.24 631.87 0.461999
4 1173.61 83.99 1227.29 209.64 0.447006
4 418.48 88.43 480.95 214.18 0.439391
4 1506.67 95.63 1566.16 214.58 0.430913
4 1440.27 86.20 1497.72 212.22 0.424453
4 695.21 104.85 754.80 232.69 0.422951
4 844.72 101.29 896.96 245.39 0.393476
4 766.70 103.12 827.00 238.19 0.386763
3 185.12 119.00 208.77 152.73 0.384491
4 1385.03 673.07 1461.02 703.91 0.384330
4 1755.60 117.22 1810.02 230.00 0.373956
4 1495.26 671.68 1596.60 705.12 0.360706
1 1630.75 521.95 1656.75 567.17 0.349921
4 491.90 182.15 545.70 225.27 0.338611
4 770.26 745.18 861.04 780.20 0.337974
4 423.34 182.18 478.92 214.63 0.328526
4 274.41 181.96 325.72 195.72 0.301655
7 473.19 678.36 601.85 723.92 0.285216
4 403.54 681.81 478.29 707.55 0.281280
1 1630.21 519.06 1644.04 540.08 0.278493
10 1271.50 573.19 1315.92 624.42 0.259469
1 214.55 358.32 250.14 401.91 0.253926
4 769.70 182.22 825.69 237.01 0.252547
4 1860.42 600.76 1915.57 696.44 0.252100
10 714.72 920.08 868.12 1020.81 0.250352
2 1339.93 548.11 1355.82 564.56 0.249819
4 1652.32 30.53 1679.27 57.76 0.248840
2 1393.71 697.89 1416.97 720.18 0.242562
4 917.99 686.11 988.51 706.15 0.235880
4 716.11 182.42 751.70 232.19 0.230795
4 1041.75 671.32 1136.21 704.89 0.221870
6 470.89 678.24 602.55 723.61 0.220960
10 780.02 819.21 862.71 892.41 0.220281
4 470.92 698.66 541.50 724.47 0.217488
4 1440.42 181.99 1495.34 212.16 0.215158
3 1571.07 545.39 1603.26 564.69 0.212289
4 1258.54 512.36 1327.26 649.38 0.211823
7 1257.67 513.87 1328.87 650.40 0.211466
2 542.53 700.02 558.13 721.04 0.209776
4 162.69 691.05 211.18 705.42 0.209055
4 1616.69 69.91 1637.35 90.76 0.208264
2 446.31 672.76 458.30 692.85 0.207705
10 1571.87 548.77 1610.63 597.69 0.200869
