4 312.29 65.58 350.66 103.70 0.576319
4 416.59 8.39 445.57 35.06 0.568251
4 306.72 0.00 339.22 22.09 0.538914
4 861.40 700.80 953.39 764.67 0.518494
5 160.41 326.42 242.89 436.52 0.513319
4 806.69 286.43 915.59 345.78 0.510676
4 258.53 200.26 314.31 257.65 0.502766
4 160.88 325.92 242.33 437.29 0.494856
4 704.01 301.05 772.89 374.24 0.493974
4 762.44 459.49 849.61 569.96 0.493941
3 241.49 86.16 256.68 114.07 0.482894
4 934.42 112.67 1024.27 150.22 0.482800
4 860.84 701.48 895.77 764.43 0.476286
5 859.24 32.28 979.20 86.77 0.459295
4 0.38 602.49 124.09 764.61 0.446808
4 973.94 180.70 1083.43 226.88 0.443726
4 869.76 404.49 900.85 444.52 0.442115
4 732.86 375.74 810.11 461.25 0.437965
4 658.33 151.22 694.76 191.87 0.431119
4 1022.66 259.27 1105.05 338.26 0.428651
4 216.27 268.07 283.20 346.02 0.426131
4 1099.60 265.61 1201.00 355.13 0.403703
3 981.89 709.88 1032.90 761.05 0.402616
4 87.84 499.07 169.95 588.22 0.400717
6 628.29 7.57 778.97 76.11 0.392584
4 113.96 462.77 193.88 521.01 0.391505
3 1322.22 657.46 1359.77 719.56 0.372238
4 883.59 79.93 954.87 109.71 0.364099
4 638.73 93.10 669.14 136.37 0.356681
3 1103.88 211.29 1142.68 238.84 0.352149
4 858.25 32.99 895.80 60.32 0.349699
4 627.78 69.66 693.42 104.65 0.325048
1 1253.69 488.34 1280.01 524.28 0.321048
5 597.88 50.92 648.46 89.90 0.318246
3 1152.61 462.66 1203.16 501.60 0.311722
7 1015.37 440.66 1083.02 518.52 0.303475
3 1028.96 136.23 1060.37 158.31 0.299730
3 1094.29 410.33 1150.51 454.41 0.298268
1 1118.64 208.09 1136.24 235.56 0.270166
4 951.50 745.97 984.09 764.86 0.268272
4 825.87 598.44 898.43 679.28 0.263185
4 714.27 86.05 777.13 133.78 0.262840
2 1039.00 398.15 1066.49 431.67 0.262371
3 1124.96 337.25 1172.87 373.44 0.260621
2 1187.12 396.65 1213.05 432.12 0.257366
3 1079.18 444.59 1103.06 478.53 0.257232
3 990.89 157.97 1011.84 183.74 0.254107
4 162.53 515.03 206.87 572.05 0.244685
3 1130.38 440.37 1180.89 479.65 0.243951
7 1039.72 476.62 1087.97 538.80 0.240890
2 1251.71 520.62 1289.41 551.77 0.240787
3 1169.42 181.55 1199.60 206.73 0.237653
4 1225.75 216.40 1260.21 239.55 0.237064
4 493.33 360.20 515.34 429.59 0.231079
1 881.41 12.06 891.28 33.64 0.229850
1 826.30 13.68 836.06 39.21 0.227048
3 1051.48 156.27 1090.47 180.47 0.226803
4 717.39 85.85 758.49 113.99 0.216924
3 1086.36 477.72 1116.05 522.82 0.216127
1 817.40 14.02 825.33 34.22 0.213782
3 1080.39 169.16 1095.79 199.15 0.212496
3 1227.29 442.53 1269.44 480.62 0.207451
4 858.90 37.33 875.88 57.47 0.206920
3 1034.63 311.65 1124.33 367.54 0.205119
2 1255.33 341.06 1282.99 372.54 0.203333
