3 490.02 253.98 507.01 288.57 0.546921
1 603.38 414.30 644.53 518.99 0.532728
6 262.22 316.78 377.11 417.48 0.454322
2 486.50 231.73 508.14 278.80 0.443263
2 633.42 249.36 656.90 304.62 0.426111
2 719.81 418.43 755.61 516.78 0.418826
2 681.05 239.95 708.46 301.59 0.418640
2 804.02 449.92 841.05 539.05 0.397214
2 750.03 431.66 786.51 519.45 0.374065
7 706.11 340.74 808.38 430.94 0.368607
2 771.18 409.69 804.75 503.24 0.365672
1 327.02 343.15 370.47 390.82 0.364889
1 845.75 217.32 864.13 246.00 0.361435
2 699.36 233.96 713.13 294.61 0.357525
7 659.91 162.62 687.21 187.34 0.338345
3 472.64 170.71 488.05 193.99 0.336447
3 513.46 184.02 527.41 205.21 0.324117
2 826.90 431.48 848.28 517.72 0.320914
3 630.18 212.96 669.40 250.34 0.314380
3 654.45 258.16 687.22 296.88 0.307128
3 498.67 203.20 522.53 233.48 0.303671
7 617.30 204.86 669.38 249.80 0.302677
4 632.03 72.18 644.83 79.70 0.289348
3 641.26 270.63 675.70 296.42 0.289146
4 549.08 67.55 558.20 74.64 0.280456
2 566.43 114.75 576.62 137.33 0.278038
3 616.96 204.59 652.99 236.84 0.275187
7 468.39 318.58 490.36 359.43 0.266278
2 718.79 405.77 848.61 538.37 0.249160
2 748.85 178.88 769.09 221.67 0.246420
2 655.82 252.91 672.72 277.86 0.243055
7 798.51 232.52 870.40 288.18 0.239649
2 557.98 118.69 565.38 135.45 0.230555
2 502.03 191.46 518.92 222.70 0.223310
7 374.51 354.05 485.08 456.88 0.216120
2 558.04 114.56 577.09 138.82 0.210742
7 712.94 368.58 757.63 422.70 0.209804
3 652.46 216.69 669.38 250.51 0.203288
