2 269.55 269.11 318.40 362.71 0.614926
2 521.57 340.85 563.40 456.11 0.597264
1 521.42 340.77 563.09 456.18 0.595384
3 404.41 177.16 438.70 208.00 0.591430
2 196.10 166.96 223.71 230.99 0.590672
1 195.72 166.85 223.56 231.07 0.589620
1 666.55 340.29 707.61 474.51 0.587808
2 399.80 213.74 427.51 297.03 0.587284
2 146.33 217.13 175.86 299.07 0.572971
2 349.21 198.53 382.17 278.24 0.538488
2 305.14 149.68 332.49 209.71 0.531840
2 331.99 259.89 369.14 350.04 0.522720
2 515.70 234.54 553.73 319.43 0.518805
2 851.29 145.88 879.28 213.58 0.497843
2 332.97 69.26 345.45 101.14 0.497336
2 313.44 224.58 338.96 307.70 0.493095
2 530.76 95.23 545.04 140.97 0.491871
2 644.43 86.39 657.70 124.96 0.482179
2 110.25 171.81 129.09 201.33 0.466673
2 606.01 64.68 616.85 101.87 0.458835
2 938.03 187.16 959.65 255.39 0.458625
2 77.56 166.25 106.48 197.07 0.456223
2 891.70 146.51 921.79 202.75 0.453415
2 224.24 61.29 233.56 85.78 0.453145
2 173.95 63.05 185.18 93.09 0.443091
2 570.09 90.89 587.77 118.31 0.426909
2 510.63 197.75 549.17 276.87 0.417929
2 401.52 53.26 413.63 78.44 0.408523
2 584.02 47.34 592.20 70.42 0.392118
2 310.21 76.99 321.90 115.59 0.391161
2 817.87 121.66 838.14 178.69 0.383457
2 378.15 41.00 387.33 66.57 0.378865
2 127.75 57.69 144.49 85.19 0.360431
3 610.20 40.82 630.05 55.01 0.358677
2 524.00 17.43 545.92 49.96 0.353671
2 780.29 132.27 803.56 175.47 0.352078
2 654.75 65.74 663.99 88.02 0.352048
2 134.70 127.11 146.30 144.08 0.351984
2 873.11 93.31 890.29 116.33 0.351745
2 516.33 168.48 539.78 203.21 0.349236
2 391.12 144.09 412.92 201.81 0.348339
2 715.95 63.16 729.08 94.52 0.339746
2 901.27 107.78 916.96 148.67 0.337206
2 498.61 147.18 519.89 204.30 0.335516
2 761.46 133.14 785.58 177.85 0.332596
2 808.42 106.42 823.77 141.82 0.325194
2 247.60 25.88 270.96 55.99 0.316741
2 397.44 127.43 417.96 197.49 0.310387
2 691.66 48.75 705.46 77.11 0.309699
2 922.33 111.67 957.16 155.59 0.303445
2 509.35 52.25 520.39 67.69 0.294464
2 924.36 86.37 940.16 121.88 0.288313
4 657.90 45.74 686.93 60.77 0.287675
2 87.78 117.24 109.03 141.36 0.283709
2 804.31 86.55 817.82 113.10 0.282913
2 743.17 36.28 753.98 57.89 0.275728
2 87.28 112.92 146.56 145.21 0.269516
2 577.00 37.27 583.70 56.60 0.269020
4 578.33 34.13 601.43 47.69 0.266615
2 757.82 89.03 768.86 112.54 0.256066
2 176.91 45.83 189.57 70.36 0.249581
2 752.07 104.88 783.34 133.06 0.246676
6 888.06 55.06 959.66 122.39 0.244594
2 108.28 61.42 120.22 75.33 0.243815
2 157.30 21.71 180.68 67.42 0.232198
2 105.76 115.89 121.11 141.00 0.230511
2 127.88 58.23 137.53 74.14 0.230073
2 749.79 104.92 767.61 173.76 0.228746
3 793.71 65.02 826.60 92.42 0.222630
4 634.53 39.84 660.48 53.90 0.214205
2 501.24 147.36 517.35 174.32 0.213127
4 778.19 48.62 794.20 56.18 0.212509
3 134.66 70.22 144.82 86.04 0.200468
