3 172.06 571.73 216.32 606.97 0.627732
4 933.41 391.73 1007.19 439.23 0.582628
5 301.57 231.44 350.55 285.22 0.574153
4 916.24 338.71 1004.21 374.46 0.566117
4 1111.94 502.09 1185.29 563.20 0.528126
4 254.54 483.22 372.06 543.33 0.511617
4 196.47 396.62 309.42 442.20 0.504359
4 239.85 364.98 335.14 404.39 0.491569
5 829.11 199.84 883.08 265.04 0.477130
4 0.47 397.66 105.47 439.14 0.451467
7 237.99 296.23 288.55 318.35 0.449483
4 113.92 277.52 179.87 308.02 0.449159
6 584.51 120.74 623.31 158.58 0.440252
4 75.40 308.92 170.52 342.57 0.430067
4 260.54 549.21 339.50 634.57 0.420607
4 242.61 265.10 293.79 295.35 0.411170
7 1044.36 327.40 1111.89 365.08 0.404133
7 119.87 421.97 191.61 459.39 0.403252
4 480.89 242.15 516.06 273.70 0.385569
4 1185.52 326.02 1257.00 363.15 0.377853
4 0.22 308.64 55.30 342.53 0.376094
4 654.84 119.74 676.46 135.16 0.355496
7 181.75 334.56 254.52 366.13 0.351865
4 148.65 637.96 228.30 729.56 0.344377
4 541.98 243.05 572.86 273.81 0.341926
3 521.41 328.95 552.54 348.85 0.338474
4 664.07 135.72 697.20 151.47 0.338183
3 0.14 457.71 61.50 505.71 0.331591
4 341.61 248.61 381.10 285.17 0.328740
3 685.77 325.23 729.72 348.24 0.319423
4 474.31 528.57 515.87 561.77 0.316870
4 652.81 73.04 663.73 85.66 0.312880
3 709.89 326.49 730.15 343.26 0.302950
2 433.33 215.80 468.86 267.68 0.302403
4 591.60 243.59 619.15 272.97 0.300423
