4 458.14 36.97 482.44 69.43 0.508005
4 648.62 52.69 672.86 86.52 0.495851
4 613.36 38.85 636.73 71.94 0.473442
4 160.02 472.77 254.77 531.64 0.466106
4 550.52 34.65 577.99 71.11 0.464659
4 824.93 148.79 856.74 185.24 0.457080
5 678.60 146.47 713.68 198.53 0.427733
4 734.91 522.12 783.24 606.64 0.414268
1 945.36 457.52 964.13 489.93 0.402840
4 1102.07 227.63 1149.24 270.99 0.379996
3 949.32 471.61 962.45 491.48 0.375582
4 1098.60 186.49 1116.44 223.44 0.371442
5 792.37 517.15 842.88 608.10 0.369275
4 812.85 229.50 851.76 284.90 0.362539
2 61.59 499.33 83.09 523.48 0.348478
2 339.60 727.75 371.97 770.27 0.339168
4 1200.08 375.14 1252.14 411.65 0.327792
4 688.75 541.47 726.26 622.65 0.321270
4 101.51 978.67 154.93 1014.64 0.300855
