4 1147.51 877.28 1262.79 990.80 0.496394
4 903.80 529.29 951.84 571.07 0.488043
4 1375.02 979.25 1531.47 1079.30 0.469431
4 1021.66 597.47 1085.36 650.43 0.427979
4 963.12 446.83 1000.97 482.08 0.425480
4 858.96 398.77 888.82 426.86 0.394882
4 961.31 401.37 989.06 426.36 0.379519
4 856.11 363.77 879.58 384.34 0.371068
4 782.69 268.19 798.91 282.48 0.369488
5 898.69 284.46 928.02 317.97 0.335879
4 949.20 351.92 975.60 373.13 0.317780
4 914.75 394.18 943.50 418.51 0.315142
6 733.94 225.21 937.67 268.31 0.300345
