4 139.95 24.95 207.57 95.77 0.530935
4 0.05 162.33 49.73 251.59 0.475188
2 583.41 502.49 600.94 537.25 0.463775
2 714.12 243.84 726.44 272.93 0.457050
2 818.69 482.54 832.07 511.09 0.437649
2 824.97 671.99 840.09 703.53 0.435624
2 506.32 596.21 518.59 622.39 0.427669
4 71.81 242.17 185.51 336.10 0.383212
6 71.29 107.60 233.09 336.51 0.367750
2 684.59 202.78 701.04 225.60 0.366306
2 395.47 98.31 407.53 123.75 0.348831
2 679.90 152.05 694.93 172.11 0.343328
2 756.92 771.60 772.95 787.39 0.338916
2 433.27 167.54 445.27 189.39 0.337087
2 674.87 33.61 693.92 55.97 0.334578
2 741.82 770.60 758.83 787.79 0.326149
2 678.02 116.47 696.56 147.51 0.325131
2 593.07 0.03 602.95 13.24 0.310622
2 615.91 22.43 635.21 41.80 0.304959
2 613.87 21.84 650.45 43.98 0.304714
