4 952.06 456.15 985.09 492.12 0.536801
1 1082.49 1142.80 1121.23 1216.60 0.455634
4 844.56 484.76 916.81 526.32 0.435457
4 935.51 418.39 966.97 454.04 0.411671
4 978.49 421.92 1011.31 451.28 0.388646
4 896.32 447.76 918.96 469.73 0.379549
6 776.12 1036.21 925.29 1426.20 0.372300
4 906.53 293.99 925.81 312.06 0.363261
5 1139.63 687.18 1208.81 773.90 0.352549
5 826.00 566.18 910.73 619.22 0.343960
1 1648.42 1399.65 1694.43 1476.96 0.341628
4 1294.03 1046.22 1445.66 1229.19 0.335518
4 976.83 384.76 1003.37 410.92 0.330025
1 933.78 1090.18 958.54 1153.14 0.329212
4 827.09 450.40 857.83 491.08 0.328505
4 824.18 318.55 844.23 341.41 0.314932
4 885.70 236.31 902.53 252.34 0.314431
4 954.99 322.87 979.49 344.15 0.313945
1 1070.03 636.46 1090.42 677.35 0.304530
1 1572.89 1365.49 1619.10 1437.48 0.300447
