4 641.68 595.85 665.22 647.98 0.433163
4 1326.86 297.76 1354.86 347.87 0.369570
4 796.62 66.83 841.50 100.99 0.368933
4 668.02 0.41 686.27 22.69 0.361794
4 794.15 203.89 829.63 253.81 0.360076
4 457.99 390.19 482.56 440.59 0.358123
4 530.22 624.78 555.59 684.03 0.356279
4 454.49 269.04 502.04 311.36 0.349384
4 551.51 337.56 574.93 377.37 0.346520
4 1058.12 162.44 1082.95 192.30 0.345726
4 461.36 315.44 491.20 357.32 0.337412
4 836.42 332.62 862.05 381.85 0.335675
4 1189.56 290.18 1217.03 339.74 0.330271
4 794.91 31.17 834.67 64.87 0.323220
4 452.74 546.37 487.91 602.65 0.319577
4 1250.87 295.53 1277.11 342.59 0.316106
4 1055.68 209.95 1090.03 263.09 0.312623
