4 276.48 510.86 363.43 539.77 0.544051
4 92.88 386.88 167.29 427.26 0.530129
9 390.83 283.38 431.64 321.45 0.527611
4 95.89 451.20 178.82 501.09 0.520394
4 112.88 520.24 183.23 539.47 0.449605
1 168.22 392.64 182.54 416.04 0.443296
4 240.15 427.71 296.13 484.16 0.441729
4 194.39 356.63 255.03 399.06 0.439928
2 274.59 266.95 676.34 514.50 0.431972
4 76.99 489.38 167.77 539.38 0.375385
4 631.49 222.09 668.57 242.40 0.374161
5 730.49 153.31 767.43 178.70 0.370308
4 709.56 238.47 760.50 264.54 0.339947
2 0.98 103.50 222.12 433.36 0.302341
4 647.45 261.90 705.70 292.35 0.301401
