5 290.15 217.71 330.41 237.32 0.558234
4 368.54 276.58 418.21 296.17 0.540413
4 896.79 265.03 949.31 284.05 0.537282
4 208.80 303.09 264.72 326.45 0.531546
4 112.81 227.29 155.53 245.78 0.530269
4 183.88 226.15 226.26 242.91 0.514991
4 496.62 268.52 537.78 287.69 0.502745
4 238.71 222.56 279.85 239.58 0.497762
4 2.92 232.36 50.73 252.48 0.491079
4 610.28 206.00 647.84 223.51 0.467075
4 748.74 203.64 786.36 218.58 0.464695
4 808.33 200.29 843.95 216.31 0.448966
4 605.58 277.25 652.71 298.53 0.445397
4 341.05 218.52 381.50 235.11 0.435499
4 850.16 201.74 884.07 214.87 0.434440
4 706.11 205.82 741.52 219.13 0.425197
4 894.21 197.86 930.89 214.40 0.424152
4 437.28 215.95 474.55 232.01 0.416147
4 658.88 207.93 696.34 221.51 0.411779
4 651.42 273.81 699.50 296.32 0.400430
4 489.97 211.37 524.99 227.82 0.396841
4 383.12 218.89 417.61 233.37 0.389628
1 58.15 299.70 67.51 318.89 0.384558
4 940.66 200.52 959.57 213.15 0.376848
4 540.82 204.08 572.09 216.13 0.349675
4 540.30 211.49 572.95 226.66 0.346640
