4 638.57 108.70 658.05 142.45 0.423743
4 649.93 146.83 673.37 185.05 0.412209
4 671.51 607.18 736.95 639.44 0.397328
4 39.74 750.50 104.81 786.00 0.360143
4 1348.09 698.79 1377.60 716.95 0.356823
4 676.54 454.15 733.74 479.57 0.356696
4 558.55 637.06 596.11 664.43 0.352021
4 530.57 693.42 586.45 722.46 0.349190
4 688.38 644.11 732.01 670.48 0.346813
4 517.09 767.26 580.13 787.53 0.345232
4 672.45 573.89 729.11 600.55 0.342417
4 515.50 727.73 578.18 755.44 0.329100
4 533.33 663.57 593.11 692.13 0.318335
4 542.60 485.01 601.84 513.04 0.314710
4 670.64 548.19 728.19 578.30 0.306639
4 671.83 521.58 728.44 548.01 0.304405
