4 483.40 119.05 563.31 164.83 0.568325
4 860.95 445.83 962.13 502.29 0.536646
4 1158.05 315.82 1208.98 397.38 0.529943
4 605.40 409.45 712.78 461.62 0.510353
4 881.85 68.53 974.20 114.77 0.496310
4 980.98 234.22 1030.98 303.78 0.491901
4 1212.97 189.80 1274.24 271.96 0.475844
4 548.37 283.91 595.30 368.96 0.463537
4 868.33 243.13 919.31 325.65 0.459345
4 810.98 246.04 860.63 329.24 0.453188
4 1223.07 524.09 1296.62 620.98 0.441427
4 751.60 253.66 795.79 338.48 0.435392
4 1287.17 516.39 1368.04 619.22 0.422064
4 399.93 394.30 450.94 482.88 0.419780
4 916.18 227.32 963.37 305.68 0.405252
4 1223.81 1019.91 1305.15 1061.19 0.405124
4 948.86 568.46 1009.79 671.45 0.391181
4 604.09 294.00 660.82 375.30 0.388276
4 969.58 693.60 1036.73 818.24 0.378033
4 1154.16 534.62 1233.28 640.13 0.369670
4 595.55 609.84 650.97 720.44 0.325889
4 526.36 596.82 582.27 721.52 0.313504
