3 692.76 145.00 715.91 189.32 0.657106
4 1263.99 191.95 1341.69 250.07 0.538360
6 602.86 425.25 1163.88 647.88 0.535075
4 1183.85 160.20 1267.43 209.34 0.502388
4 1329.53 217.24 1359.76 270.37 0.495487
4 870.37 21.54 913.16 55.90 0.483156
4 826.21 7.21 902.03 41.71 0.478646
4 1152.14 138.31 1232.25 184.73 0.464237
6 391.50 199.89 767.40 368.60 0.450438
6 557.43 272.83 976.35 461.67 0.443952
6 1035.45 54.95 1218.01 182.64 0.432763
6 913.18 30.88 1084.06 131.45 0.397835
6 489.60 53.42 618.93 115.46 0.395330
6 380.67 0.33 578.01 97.13 0.385218
6 407.76 113.35 690.56 228.94 0.375385
