1 1129.33 579.73 1174.81 660.69 0.491325
3 1360.07 780.13 1399.70 834.86 0.479004
2 1289.47 717.55 1348.46 817.18 0.458995
4 1082.67 998.35 1272.22 1049.44 0.447269
1 735.82 557.69 768.85 633.71 0.417567
4 76.25 450.74 148.80 510.19 0.412783
2 594.15 642.18 634.53 729.73 0.387551
2 753.99 642.79 793.21 729.68 0.381343
4 0.35 401.10 148.75 510.48 0.378109
2 1251.08 751.23 1287.08 815.69 0.377097
2 822.79 609.50 868.10 692.78 0.362257
3 1292.43 361.76 1348.17 398.90 0.350261
2 800.50 578.37 833.03 653.22 0.332041
3 1304.89 443.08 1383.90 496.13 0.320337
2 629.71 651.39 660.67 712.58 0.311761
3 1194.07 283.65 1218.91 314.38 0.309265
2 478.73 484.53 506.90 556.48 0.301253
