5 1167.59 118.40 1350.87 226.00 0.592762
4 805.14 416.39 1020.55 524.55 0.533382
4 248.22 373.40 439.38 468.54 0.531178
4 0.52 508.76 234.02 650.17 0.524342
4 133.69 439.65 344.03 551.25 0.505620
4 649.29 635.33 912.63 764.22 0.436184
4 876.33 327.58 1058.43 418.82 0.389552
4 0.21 354.46 129.51 490.19 0.383396
4 152.19 275.37 308.31 380.54 0.377921
4 611.77 178.73 734.14 246.34 0.369014
4 895.73 298.30 1064.29 361.90 0.342844
4 1154.61 150.66 1177.60 179.38 0.342787
4 922.10 267.44 1086.54 329.34 0.341390
4 638.04 162.91 754.13 217.38 0.338342
4 819.00 50.67 906.38 96.11 0.337670
4 937.14 231.38 1087.44 288.56 0.325546
4 728.46 115.94 829.27 164.19 0.319199
4 677.01 144.69 784.87 199.33 0.318451
4 931.08 0.00 972.04 18.79 0.317615
4 704.72 131.18 807.64 181.72 0.311313
4 879.52 15.99 956.88 53.96 0.309622
4 273.03 231.96 351.04 277.34 0.301834
