4 810.75 544.29 851.12 571.14 0.462747
4 262.63 606.53 313.03 625.58 0.433540
4 212.22 585.21 258.26 603.83 0.424456
4 450.05 466.06 494.43 487.54 0.407238
4 989.57 592.58 1030.10 611.41 0.352084
4 280.07 456.90 306.82 483.26 0.345738
4 636.88 69.64 652.41 94.59 0.340724
4 414.27 628.71 459.50 648.25 0.340067
4 306.95 632.02 347.76 650.63 0.335487
4 284.87 678.10 329.16 697.62 0.328904
4 476.33 404.84 513.48 424.71 0.326388
4 416.15 452.62 450.54 470.96 0.325661
4 1312.20 567.89 1353.87 588.23 0.325514
4 197.74 656.48 240.98 678.07 0.324767
4 221.00 679.09 267.80 700.39 0.324681
4 466.60 437.27 496.33 454.66 0.323170
4 877.59 572.60 922.02 592.34 0.321631
4 343.38 677.31 385.79 696.41 0.320830
4 125.68 659.29 175.17 680.67 0.318771
4 252.44 657.37 294.97 675.35 0.318716
4 938.64 589.23 974.95 609.53 0.316426
4 881.74 590.64 923.97 612.57 0.312052
