5 610.05 327.74 765.79 419.43 0.511981
4 5.41 505.61 155.73 581.48 0.498637
4 651.65 316.61 744.06 344.18 0.464053
4 42.36 463.32 187.15 526.25 0.454008
4 135.29 210.25 178.98 265.93 0.441836
4 267.00 702.47 462.81 764.09 0.441189
4 320.17 640.16 479.59 716.70 0.437183
1 599.76 328.26 614.27 361.25 0.434181
4 372.67 520.57 518.65 585.93 0.428064
4 441.03 358.93 557.37 407.23 0.419106
4 97.55 422.95 227.72 484.11 0.415003
4 291.31 232.92 384.42 279.65 0.414466
4 134.84 392.14 256.10 446.89 0.411302
4 408.92 429.63 534.06 481.06 0.408125
4 166.61 360.68 284.68 412.25 0.407668
4 393.13 469.97 532.11 530.00 0.401734
5 612.38 57.85 680.29 102.61 0.385832
7 678.04 116.58 755.36 182.20 0.383535
4 438.11 397.73 554.17 445.99 0.381430
4 347.82 583.19 493.50 653.02 0.381337
5 429.09 90.24 471.47 140.31 0.374963
4 203.61 333.10 294.17 381.49 0.370553
4 489.61 60.76 542.90 84.97 0.364227
4 384.32 192.81 455.86 229.48 0.352304
4 479.54 322.60 585.44 368.60 0.351299
4 387.26 157.15 447.36 185.92 0.349654
4 345.09 204.77 428.69 245.15 0.342078
4 483.75 295.52 597.59 337.42 0.333861
6 700.15 28.08 774.22 102.72 0.324250
4 499.33 278.69 594.44 311.08 0.324005
5 581.18 105.02 661.64 156.95 0.322382
4 519.54 237.67 604.42 274.77 0.317827
4 213.60 300.64 336.86 350.50 0.315948
4 362.63 164.47 439.16 198.89 0.308758
4 147.31 300.20 183.56 343.43 0.304702
