4 573.55 1009.97 593.93 1049.09 0.413479
4 449.55 766.67 482.46 787.84 0.391049
4 385.33 1018.81 421.48 1043.84 0.380139
4 402.11 984.09 436.52 1012.93 0.378330
4 134.57 622.30 158.67 641.31 0.377800
4 507.16 945.57 550.98 977.17 0.374997
4 635.38 610.25 657.86 626.52 0.362149
4 790.87 666.54 806.67 692.99 0.360789
4 800.16 713.46 816.50 742.57 0.358343
4 529.18 671.80 557.68 690.62 0.345824
4 911.78 162.77 927.74 188.11 0.345354
4 831.28 515.07 844.97 535.38 0.345204
4 827.72 480.70 839.91 502.45 0.340151
4 792.32 236.58 809.31 246.57 0.336854
4 564.55 932.59 593.23 961.67 0.323539
4 623.64 643.21 646.49 661.68 0.320617
4 650.38 581.50 669.82 602.96 0.314561
4 465.34 651.91 495.22 670.29 0.305834
