4 1414.93 271.66 1718.03 484.19 0.671134
4 1842.62 128.05 1999.50 362.86 0.642332
4 1761.07 690.74 1999.44 955.53 0.613866
4 987.72 808.30 1344.14 1089.09 0.508757
5 1078.71 0.10 1340.67 142.45 0.494626
6 1281.77 137.90 1570.20 356.97 0.489167
5 1199.61 28.08 1439.77 206.48 0.486193
4 1667.52 0.16 1820.38 137.71 0.484921
4 973.38 0.35 1099.72 65.90 0.476226
4 880.98 617.39 1225.16 858.03 0.471385
4 611.38 610.77 679.59 704.63 0.434481
1 535.73 401.29 608.13 490.86 0.431134
4 1166.07 1208.53 1710.58 1498.55 0.385929
3 384.36 129.20 424.73 201.69 0.341190
4 1510.66 354.75 1848.21 610.19 0.340070
7 548.38 125.53 650.73 202.78 0.318136
7 741.22 224.73 823.63 323.22 0.308582
3 550.63 142.34 590.33 201.30 0.301815
