9 428.29 87.19 577.61 173.26 0.660937
4 300.88 208.69 419.86 259.28 0.643378
4 0.27 623.43 144.28 766.84 0.629753
3 911.50 393.18 969.27 427.91 0.623785
4 809.63 90.09 858.03 121.48 0.511226
1 721.10 598.73 769.75 657.63 0.484284
4 0.02 435.02 28.85 485.33 0.480811
1 26.02 381.17 65.67 445.47 0.477106
1 587.19 719.11 630.39 804.30 0.472901
1 549.51 281.48 574.60 331.94 0.460027
1 993.96 399.62 1020.32 457.97 0.445715
4 571.21 156.66 656.61 195.64 0.442033
3 245.42 778.05 362.07 861.89 0.439750
1 921.12 274.18 939.45 321.68 0.418003
1 466.41 828.99 513.43 922.54 0.404814
2 930.31 370.21 957.27 426.81 0.396526
6 775.84 71.99 1002.30 286.62 0.385479
3 497.13 316.00 534.81 363.19 0.377067
2 511.51 304.01 534.47 351.38 0.355659
1 430.57 853.83 469.35 943.22 0.343308
2 547.49 187.03 561.66 224.27 0.333528
5 953.81 32.65 977.93 55.11 0.324509
2 558.55 188.14 575.66 225.93 0.323040
5 665.74 23.30 698.69 56.06 0.315594
4 1177.73 86.08 1254.45 110.79 0.312808
4 536.94 120.54 596.24 162.87 0.311071
4 576.10 102.17 611.83 128.00 0.300273
