4 1039.58 544.59 1208.27 631.14 0.643388
6 832.51 345.87 990.77 448.50 0.617370
5 940.94 466.50 1109.74 568.18 0.568148
4 775.78 340.44 878.05 400.54 0.535361
5 798.25 177.08 877.09 226.98 0.505432
4 252.99 0.45 284.81 32.64 0.503862
4 200.46 290.93 262.72 372.72 0.476180
4 98.55 357.86 170.11 455.11 0.472457
4 1157.18 111.03 1211.79 138.44 0.436503
4 397.61 37.47 462.34 69.10 0.413060
1 748.68 484.88 771.38 535.84 0.385023
1 723.06 480.38 747.66 529.87 0.361745
1 691.57 270.07 710.56 315.24 0.360101
4 1050.97 172.63 1114.90 226.57 0.339714
1 749.75 330.42 767.81 370.07 0.333149
4 993.02 183.48 1065.44 234.93 0.324489
1 604.48 141.34 617.99 176.85 0.313716
6 570.23 221.70 642.56 324.78 0.308077
4 703.50 233.78 741.30 276.99 0.305865
4 592.72 319.42 660.99 392.56 0.303796
