5 1010.10 901.36 1074.28 1001.80 0.485221
7 1108.51 771.89 1136.02 826.05 0.435268
3 876.76 877.00 916.73 910.72 0.434968
4 1097.43 553.75 1137.92 589.31 0.427856
3 913.57 837.75 940.65 861.92 0.415673
3 1170.71 589.45 1186.06 617.43 0.386194
7 1139.92 868.46 1175.13 944.26 0.377430
1 868.38 850.45 888.87 897.02 0.373197
4 861.63 936.44 960.60 1003.36 0.350789
4 1080.30 508.63 1100.14 528.38 0.348484
3 1516.03 1028.91 1559.72 1064.83 0.311180
4 1037.33 794.66 1066.36 827.89 0.306789
3 895.11 919.20 943.97 940.96 0.303792
4 1494.34 937.88 1538.84 985.35 0.302059
4 1198.32 266.30 1213.22 282.53 0.300527
