3 490.02 253.98 507.01 288.57 0.546921
1 603.38 414.30 644.53 518.99 0.532728
6 262.22 316.78 377.11 417.48 0.454322
2 486.87 231.38 508.20 277.10 0.437495
2 633.42 249.36 656.90 304.62 0.426111
2 719.81 418.43 755.61 516.78 0.418826
2 681.05 239.95 708.46 301.59 0.418640
2 804.27 449.64 840.02 539.06 0.383852
2 750.03 431.66 786.51 519.45 0.374065
2 771.18 409.69 804.75 503.24 0.365672
1 845.75 217.32 864.13 246.00 0.361435
2 699.36 233.96 713.13 294.61 0.357525
7 706.27 340.53 808.64 430.48 0.354499
2 826.51 431.01 848.53 516.66 0.315914
3 630.18 212.96 669.40 250.34 0.314380
3 654.45 258.16 687.22 296.88 0.307128
1 327.67 343.31 369.77 393.08 0.304543
