4 708.68 470.71 780.61 506.63 0.439706
4 169.75 111.83 184.61 126.15 0.429337
5 314.92 187.19 360.71 225.70 0.414902
4 86.10 125.26 102.98 142.39 0.398691
2 409.18 114.99 633.74 195.95 0.383811
3 48.57 398.76 61.29 417.15 0.383763
4 33.32 278.49 63.70 311.35 0.380998
4 48.10 242.97 75.41 272.49 0.371756
4 0.08 298.45 25.57 330.03 0.371709
3 232.89 237.90 243.19 252.12 0.369166
4 249.41 302.42 265.98 328.61 0.362532
4 540.01 371.18 603.95 405.86 0.357811
4 595.49 399.89 658.59 450.67 0.357086
9 473.66 121.99 498.05 142.81 0.356851
4 638.46 423.41 699.84 471.58 0.350784
4 422.80 432.37 494.02 477.29 0.343055
4 561.36 389.77 625.18 428.44 0.341301
4 513.36 333.91 582.22 369.57 0.338144
4 217.42 345.19 236.95 377.44 0.336646
4 345.06 163.56 381.79 180.79 0.331153
4 258.58 376.09 287.22 418.63 0.331064
4 102.73 81.88 115.31 96.16 0.331011
1 898.52 223.98 906.40 242.04 0.329901
4 383.91 165.15 409.57 187.65 0.329197
3 192.81 241.63 202.22 253.38 0.329082
3 177.23 236.72 186.20 249.40 0.327385
4 310.60 150.92 347.25 166.24 0.320813
4 708.90 91.11 725.46 104.10 0.308059
4 88.81 79.14 98.55 92.44 0.304860
4 360.42 143.80 393.56 161.18 0.304411
4 398.22 190.66 432.58 207.64 0.303470
1 53.13 311.45 64.26 336.55 0.301011
4 392.97 391.75 459.69 429.70 0.299932
4 735.02 79.19 757.80 94.78 0.297154
4 397.06 408.20 469.89 458.65 0.296459
4 501.65 316.92 563.81 348.98 0.293342
1 880.69 256.05 891.34 272.86 0.290678
4 0.09 110.20 17.14 127.65 0.289162
4 83.55 99.21 96.45 115.62 0.286541
6 289.55 45.88 333.61 88.63 0.285785
4 377.17 363.12 442.62 402.97 0.281934
4 370.43 347.03 430.94 378.95 0.277332
4 307.57 178.23 347.30 197.45 0.273831
4 196.41 54.85 205.78 69.88 0.271256
4 357.71 312.06 416.03 343.43 0.266082
3 56.73 346.12 66.96 365.04 0.263063
4 135.41 113.26 143.54 127.63 0.261564
4 109.91 29.44 120.65 39.37 0.255726
4 231.23 117.96 252.14 130.66 0.254879
1 115.90 200.34 126.16 219.06 0.239754
9 117.47 0.91 167.31 15.83 0.239025
4 322.26 213.86 369.43 237.76 0.238109
4 53.52 34.31 64.34 44.01 0.235296
5 303.16 128.94 325.79 149.43 0.232554
4 442.35 229.75 489.06 250.76 0.230678
4 70.98 210.27 92.04 231.36 0.229273
4 343.81 268.78 397.92 291.90 0.224243
4 498.84 299.23 545.72 327.57 0.223271
4 99.19 17.55 108.79 26.40 0.221506
2 768.80 28.28 959.21 118.25 0.220625
4 490.07 285.55 537.74 311.95 0.220426
4 689.68 97.24 705.86 108.10 0.217152
4 359.37 297.52 414.32 318.32 0.213626
4 334.52 230.83 382.58 258.35 0.212402
4 458.33 251.27 504.63 276.04 0.209800
4 463.74 262.32 511.87 291.39 0.208097
