4 952.06 456.15 985.09 492.12 0.536801
1 1082.49 1142.80 1121.23 1216.60 0.455634
4 844.56 484.76 916.81 526.32 0.435457
4 935.51 418.39 966.97 454.04 0.411671
4 978.49 421.92 1011.31 451.28 0.388646
4 896.32 447.76 918.96 469.73 0.379549
6 776.12 1036.21 925.29 1426.20 0.372300
4 906.53 293.99 925.81 312.06 0.363261
5 1139.63 687.18 1208.81 773.90 0.352549
5 826.00 566.18 910.73 619.22 0.343960
1 1648.42 1399.65 1694.43 1476.96 0.341628
4 1294.03 1046.22 1445.66 1229.19 0.335518
4 976.83 384.76 1003.37 410.92 0.330025
1 933.78 1090.18 958.54 1153.14 0.329212
4 827.09 450.40 857.83 491.08 0.328505
4 824.18 318.55 844.23 341.41 0.314932
4 885.70 236.31 902.53 252.34 0.314431
4 954.99 322.87 979.49 344.15 0.313945
1 1070.03 636.46 1090.42 677.35 0.304530
1 1572.89 1365.49 1619.10 1437.48 0.300447
4 895.49 410.46 919.91 444.40 0.296312
4 822.60 399.44 841.05 420.34 0.287897
7 1284.93 980.06 1349.45 1040.37 0.284882
3 1099.77 588.99 1125.08 624.13 0.282015
2 1290.46 1457.49 1333.67 1498.63 0.278067
3 1184.85 859.63 1210.35 897.81 0.273503
4 914.35 233.21 929.32 249.48 0.272530
6 1059.35 533.79 1122.58 614.12 0.270858
4 1012.91 411.39 1031.73 429.40 0.265951
4 833.74 339.90 869.79 368.30 0.263255
4 1019.51 435.02 1046.00 453.96 0.262756
4 1071.85 498.93 1093.60 520.26 0.260314
1 1593.52 1336.31 1638.51 1398.15 0.258731
6 1069.05 534.10 1101.92 581.74 0.254762
4 748.00 287.13 766.85 301.58 0.253124
4 833.55 292.22 852.55 309.43 0.236595
2 1002.27 634.14 1019.75 677.18 0.235215
3 1042.56 1392.63 1099.16 1463.71 0.229983
2 1165.70 872.62 1186.48 924.26 0.226576
2 963.66 634.09 980.56 677.90 0.223632
7 777.03 1297.78 924.46 1425.29 0.223619
4 507.72 260.42 540.45 279.78 0.222068
2 469.95 1379.55 505.17 1422.60 0.220779
6 794.35 280.73 825.42 308.26 0.219746
7 945.46 726.73 1011.84 819.76 0.218732
2 1010.36 707.06 1027.41 749.61 0.213236
7 1222.35 855.03 1272.21 904.16 0.209849
2 1573.31 1334.13 1696.12 1479.24 0.209004
3 1011.30 985.60 1057.64 1035.96 0.207244
4 1020.07 440.38 1054.68 477.22 0.206381
3 1278.65 1440.90 1302.00 1497.19 0.203826
