4 656.83 600.87 687.80 653.98 0.492379
4 519.33 579.06 547.36 622.70 0.491714
4 667.95 334.15 686.98 356.17 0.491671
4 648.25 695.94 685.69 756.58 0.490433
4 441.91 444.89 463.03 475.51 0.483054
4 591.41 326.10 609.30 351.34 0.478948
4 767.91 394.77 792.61 426.58 0.471866
4 468.96 275.45 495.54 294.98 0.471084
4 639.29 289.36 656.49 310.44 0.462977
4 718.63 282.15 737.88 308.22 0.448921
4 374.87 361.42 409.31 394.11 0.441354
4 566.87 203.24 585.65 217.82 0.438150
4 649.13 223.03 663.57 237.55 0.437234
4 675.05 192.22 687.56 204.61 0.401068
4 427.92 290.00 469.34 327.69 0.399647
5 459.63 431.57 498.65 532.48 0.396913
4 87.17 500.12 125.15 531.62 0.377269
4 100.33 391.18 131.92 411.47 0.361317
4 653.09 171.67 666.94 184.68 0.358429
4 726.48 362.33 749.73 397.67 0.357077
4 78.18 468.75 114.69 498.86 0.352543
4 105.50 180.41 128.37 192.14 0.351039
4 670.45 153.92 682.01 167.81 0.332833
5 405.26 212.74 424.90 249.63 0.326256
4 90.61 413.19 110.55 434.89 0.317811
4 605.02 166.41 617.33 176.63 0.313342
4 611.63 90.99 622.54 99.81 0.309589
4 71.13 395.22 97.48 417.91 0.308871
4 561.74 776.64 620.50 787.75 0.307456
5 2.23 354.54 72.56 404.41 0.303438
4 569.92 81.60 580.33 89.19 0.302994
4 627.74 186.62 637.78 201.70 0.302773
4 0.08 561.03 54.20 616.66 0.301578
4 624.09 357.88 651.30 406.83 0.300224
4 639.79 109.06 650.53 117.80 0.298934
4 615.16 154.38 626.06 165.56 0.295003
4 611.13 115.31 622.03 123.25 0.292795
4 691.65 134.10 703.89 145.79 0.282721
4 654.45 122.09 665.57 132.05 0.276722
5 103.92 420.27 132.84 467.19 0.273451
4 725.27 246.58 736.50 254.17 0.272986
4 646.74 95.98 655.86 104.66 0.271737
4 246.25 401.59 265.80 414.96 0.269391
4 312.18 224.72 333.64 238.40 0.267720
1 862.00 774.86 875.90 787.83 0.257155
4 643.55 129.50 660.15 148.84 0.252975
4 533.62 62.36 546.25 72.87 0.249281
4 579.90 90.25 589.89 100.17 0.248925
4 661.74 97.03 671.32 104.97 0.241160
4 1135.06 718.61 1163.35 742.12 0.238649
4 52.11 536.35 101.78 571.04 0.237526
4 442.87 45.85 452.99 54.07 0.231869
6 21.54 261.11 126.01 312.27 0.231164
4 710.80 142.93 719.71 151.34 0.225266
4 400.79 135.81 411.74 146.71 0.221646
6 1203.40 243.80 1245.30 265.79 0.213959
4 591.62 117.82 599.51 127.17 0.213670
6 1208.21 281.17 1234.82 304.64 0.211529
6 1037.30 517.44 1102.51 617.40 0.211467
4 248.67 446.66 274.85 465.78 0.210598
4 579.64 440.90 588.74 461.72 0.205563
4 460.88 51.14 471.84 57.45 0.204541
4 132.96 336.23 161.58 353.49 0.203523
9 616.27 130.31 630.91 150.87 0.203101
