4 810.75 544.29 851.12 571.14 0.462747
4 262.63 606.53 313.03 625.58 0.433540
4 212.22 585.21 258.26 603.83 0.424456
4 450.05 466.06 494.43 487.54 0.407238
4 989.57 592.58 1030.10 611.41 0.352084
4 280.07 456.90 306.82 483.26 0.345738
4 636.88 69.64 652.41 94.59 0.340724
4 414.27 628.71 459.50 648.25 0.340067
4 306.95 632.02 347.76 650.63 0.335487
4 284.87 678.10 329.16 697.62 0.328904
4 476.33 404.84 513.48 424.71 0.326388
4 416.15 452.62 450.54 470.96 0.325661
4 1312.20 567.89 1353.87 588.23 0.325514
4 197.74 656.48 240.98 678.07 0.324767
4 221.00 679.09 267.80 700.39 0.324681
4 466.60 437.27 496.33 454.66 0.323170
4 877.59 572.60 922.02 592.34 0.321631
4 343.38 677.31 385.79 696.41 0.320830
4 125.68 659.29 175.17 680.67 0.318771
4 252.44 657.37 294.97 675.35 0.318716
4 938.64 589.23 974.95 609.53 0.316426
4 881.74 590.64 923.97 612.57 0.312052
4 403.98 673.44 446.20 691.18 0.298641
4 410.56 654.80 452.22 671.63 0.296641
4 356.79 654.97 395.10 672.02 0.295274
4 308.56 656.32 345.36 673.53 0.293346
4 314.23 448.77 337.00 463.89 0.293028
4 1124.63 634.16 1177.15 678.17 0.288162
4 643.26 12.45 659.70 36.79 0.285032
9 204.17 419.92 329.45 462.13 0.284845
4 159.98 677.55 206.85 698.27 0.284100
4 706.77 909.09 730.49 960.39 0.279084
4 1047.06 570.11 1097.03 590.61 0.277457
4 353.79 629.63 395.08 650.69 0.276972
4 945.69 573.22 983.39 591.98 0.275858
4 255.90 504.25 277.97 536.07 0.268474
4 493.07 275.23 534.05 306.78 0.259254
4 1088.07 586.68 1131.97 608.61 0.257188
5 618.90 433.67 636.35 466.76 0.256704
4 783.70 680.81 824.32 718.83 0.254137
4 1130.48 657.88 1176.92 677.72 0.246953
6 790.34 241.77 829.96 297.51 0.238442
4 652.15 157.69 669.99 184.00 0.234108
4 702.51 828.06 725.71 876.96 0.230154
4 511.15 146.00 541.89 165.64 0.228875
4 1043.98 591.16 1081.16 609.44 0.228129
4 519.23 13.87 549.27 47.25 0.225721
4 428.15 721.24 463.30 738.79 0.224829
4 517.53 133.36 549.58 149.09 0.222061
4 1236.30 633.99 1297.43 655.83 0.217145
4 1124.81 634.02 1166.48 655.16 0.216297
4 585.41 183.14 611.08 201.13 0.214305
4 516.66 99.87 542.31 118.29 0.213029
6 640.68 415.16 657.86 447.25 0.212791
3 1.93 501.70 68.89 548.03 0.212020
5 757.44 846.49 780.93 898.00 0.209298
4 794.97 271.15 827.28 297.64 0.205193
