4 791.36 901.72 817.86 927.86 0.321847
4 761.38 855.44 789.82 878.08 0.314628
4 709.24 745.05 739.09 766.63 0.296256
4 1222.38 909.78 1291.86 947.78 0.291547
4 775.84 642.63 805.93 663.97 0.290123
4 740.74 805.27 767.42 829.20 0.290025
4 792.29 683.40 821.28 705.09 0.288905
4 715.89 759.09 744.03 783.47 0.275217
4 836.76 1032.15 867.67 1049.82 0.274498
4 727.39 781.56 755.36 807.76 0.272905
4 43.01 993.43 66.45 1028.46 0.266519
4 69.70 985.79 87.99 1015.26 0.265252
4 694.03 712.67 725.24 734.10 0.260325
4 87.36 984.22 109.03 1017.20 0.253162
4 108.82 987.03 132.14 1021.30 0.252927
4 556.49 632.13 585.48 651.63 0.251512
4 746.72 819.11 776.77 841.35 0.250103
5 593.35 621.95 626.57 639.37 0.246206
4 783.36 869.63 809.90 893.06 0.239716
2 247.10 823.17 301.84 889.76 0.226795
6 185.96 88.38 293.35 211.22 0.226365
4 440.27 927.47 468.56 950.02 0.224263
4 907.18 1032.96 935.16 1049.76 0.218076
4 809.11 709.75 829.56 722.00 0.215376
4 75.28 684.65 98.72 698.74 0.210772
4 208.49 620.41 226.10 635.32 0.205808
4 185.08 622.66 202.55 639.46 0.203040
4 585.34 786.49 627.26 820.17 0.200752
