4 947.35 720.07 972.57 754.05 0.525968
4 743.31 721.77 767.78 757.18 0.521280
4 1040.77 516.13 1066.06 542.87 0.490621
4 1067.51 574.69 1095.03 603.95 0.478566
4 992.60 482.98 1017.97 512.26 0.467398
4 807.83 194.79 823.15 213.71 0.431062
4 714.35 165.20 727.13 180.41 0.399876
4 720.68 209.77 733.42 229.13 0.394270
4 876.18 307.27 891.15 326.56 0.391605
4 831.66 211.27 843.40 228.38 0.382766
4 676.75 487.88 691.32 509.95 0.362020
5 707.40 579.16 754.78 658.51 0.360826
4 452.19 670.89 491.43 707.39 0.352341
6 692.07 393.88 722.80 469.74 0.349640
4 697.67 536.57 714.76 565.47 0.327949
4 645.67 6.95 656.48 18.77 0.326339
4 773.88 133.59 784.28 146.21 0.315868
4 731.30 549.15 748.09 577.85 0.293500
4 714.50 527.32 732.29 556.42 0.285816
6 636.50 293.42 659.46 359.24 0.276774
4 674.97 445.44 688.98 468.65 0.269793
4 1252.00 0.25 1300.56 24.89 0.256911
4 633.22 113.02 645.40 126.90 0.251186
4 243.16 747.41 257.36 763.67 0.242320
4 662.88 429.54 677.10 454.17 0.241609
6 1100.22 613.59 1154.83 673.63 0.236472
4 1120.76 711.47 1159.06 750.56 0.224785
6 686.63 351.09 709.86 401.64 0.221848
4 677.36 417.05 692.18 440.75 0.219848
4 635.88 244.31 647.28 260.68 0.216703
4 635.53 267.62 647.92 284.65 0.214789
4 671.40 393.27 684.84 414.02 0.208529
4 660.11 270.75 673.36 291.18 0.207101
4 691.98 444.52 709.38 469.30 0.204762
4 640.63 218.87 651.66 234.07 0.204208
4 628.11 227.77 639.30 242.28 0.203805
4 649.45 170.55 660.42 185.38 0.203473
6 677.64 288.67 699.57 333.68 0.201890
