4 874.96 205.31 923.89 267.65 0.582839
4 330.47 990.35 453.09 1140.56 0.554957
4 805.23 128.27 861.31 168.51 0.546037
4 1449.01 147.97 1484.96 187.25 0.541413
4 697.86 440.25 786.01 542.40 0.535509
4 1238.33 199.12 1282.10 260.65 0.503476
4 848.56 58.55 888.13 98.64 0.497876
4 803.68 49.29 852.42 91.66 0.496426
4 913.64 148.99 959.07 198.96 0.483548
4 1305.41 3.55 1341.98 45.46 0.472612
4 1454.94 231.04 1494.12 284.64 0.471638
1 313.95 917.40 355.90 972.20 0.469123
4 1310.39 218.91 1357.20 277.72 0.466840
4 1239.99 76.81 1277.12 123.39 0.443319
4 1303.39 75.16 1345.02 120.51 0.433521
4 109.93 1288.20 305.16 1499.10 0.430727
4 1019.05 0.10 1051.42 25.41 0.421664
4 1460.85 362.13 1508.59 427.39 0.399271
4 1465.09 439.90 1536.40 508.79 0.370340
4 867.68 0.39 910.16 22.58 0.357666
1 1409.48 223.61 1431.76 266.63 0.329865
1 1519.82 255.04 1543.69 298.10 0.321323
3 1569.68 207.33 1604.14 280.39 0.296377
1 1015.85 111.17 1031.58 139.49 0.286565
1 420.17 647.68 451.00 695.57 0.286186
1 1496.71 215.61 1514.46 259.87 0.282215
1 998.07 104.56 1013.29 140.27 0.281546
4 1229.10 365.19 1275.91 445.12 0.276048
1 1439.75 248.14 1457.06 287.76 0.275313
1 1455.72 205.40 1479.63 236.84 0.267840
3 1522.69 277.82 1543.12 305.48 0.261980
6 1445.49 1.08 1478.70 77.70 0.257515
4 970.73 49.40 987.48 73.60 0.248792
3 1522.90 280.38 1544.06 339.25 0.248182
4 1450.26 0.36 1472.56 19.75 0.246771
4 1446.51 49.34 1477.61 77.15 0.244371
4 915.41 11.71 943.14 44.28 0.241598
4 1222.27 1111.06 1312.50 1335.76 0.226313
6 1525.69 1071.56 1660.29 1334.97 0.218034
4 763.62 121.45 804.48 168.03 0.217049
9 0.35 816.26 295.43 1265.89 0.206446
3 1407.20 246.70 1425.80 267.86 0.204193
