3 172.06 571.73 216.32 606.97 0.627732
4 933.41 391.73 1007.19 439.23 0.582628
5 301.57 231.44 350.55 285.22 0.574153
4 916.24 338.71 1004.21 374.46 0.566117
4 1111.94 502.09 1185.29 563.20 0.528126
4 254.54 483.22 372.06 543.33 0.511617
4 196.47 396.62 309.42 442.20 0.504359
4 239.85 364.98 335.14 404.39 0.491569
5 829.11 199.84 883.08 265.04 0.477130
4 0.47 397.66 105.47 439.14 0.451467
7 237.99 296.23 288.55 318.35 0.449483
4 113.92 277.52 179.87 308.02 0.449159
6 584.51 120.74 623.31 158.58 0.440252
4 75.40 308.92 170.52 342.57 0.430067
4 260.54 549.21 339.50 634.57 0.420607
4 242.61 265.10 293.79 295.35 0.411170
7 1044.36 327.40 1111.89 365.08 0.404133
7 119.87 421.97 191.61 459.39 0.403252
4 480.89 242.15 516.06 273.70 0.385569
4 1185.52 326.02 1257.00 363.15 0.377853
4 0.22 308.64 55.30 342.53 0.376094
4 654.84 119.74 676.46 135.16 0.355496
7 181.75 334.56 254.52 366.13 0.351865
4 148.65 637.96 228.30 729.56 0.344377
4 541.98 243.05 572.86 273.81 0.341926
3 521.41 328.95 552.54 348.85 0.338474
4 664.07 135.72 697.20 151.47 0.338183
3 0.14 457.71 61.50 505.71 0.331591
4 341.61 248.61 381.10 285.17 0.328740
3 685.77 325.23 729.72 348.24 0.319423
4 474.31 528.57 515.87 561.77 0.316870
4 652.81 73.04 663.73 85.66 0.312880
3 709.89 326.49 730.15 343.26 0.302950
2 433.33 215.80 468.86 267.68 0.302403
4 591.60 243.59 619.15 272.97 0.300423
3 112.74 324.13 146.35 351.67 0.298384
1 977.91 318.33 989.31 341.23 0.289936
1 906.34 227.36 917.41 252.08 0.283331
1 334.44 274.91 345.79 304.01 0.281401
4 555.34 220.14 582.19 248.36 0.279230
4 520.25 169.39 546.86 190.44 0.276064
4 680.02 102.66 689.50 113.67 0.274902
1 178.10 560.51 196.50 596.00 0.274621
1 797.63 206.29 806.66 227.66 0.271436
4 862.35 181.82 884.81 205.39 0.268376
1 892.23 219.60 904.09 244.32 0.260776
1 713.07 314.31 723.16 335.27 0.260197
4 61.55 288.25 98.47 308.89 0.259864
4 591.83 222.23 619.70 250.42 0.257258
4 553.13 203.95 577.64 228.27 0.249043
4 789.63 141.30 811.33 158.88 0.248473
4 804.47 152.66 819.30 164.39 0.245746
4 745.46 93.11 759.26 105.14 0.244876
2 218.27 270.01 233.62 302.29 0.241459
4 490.44 140.59 529.48 157.22 0.237779
1 812.28 195.96 821.33 215.17 0.237635
4 565.57 176.47 588.11 198.65 0.237547
4 827.56 139.43 843.07 158.35 0.236981
4 564.51 189.91 585.89 213.42 0.235223
1 531.00 320.70 543.93 344.67 0.235032
1 637.08 139.88 645.31 156.68 0.233940
3 215.29 283.86 230.07 303.59 0.231797
4 599.75 202.43 623.45 228.96 0.231204
1 696.17 320.54 706.54 341.81 0.219538
3 1044.75 340.29 1070.89 363.29 0.217044
9 831.55 158.57 844.31 185.92 0.215721
4 850.10 43.56 872.38 55.20 0.214874
4 558.48 129.61 575.31 144.59 0.214214
2 190.99 333.41 209.30 357.48 0.214157
4 61.83 240.06 95.62 266.59 0.211936
9 469.77 83.90 506.97 109.89 0.208288
4 614.25 42.04 630.34 51.74 0.208143
4 525.49 141.71 563.47 164.19 0.207060
4 605.61 183.30 623.77 203.85 0.206153
6 1131.95 262.14 1159.11 301.69 0.205584
