4 10.05 408.93 154.23 529.31 0.649824
4 814.21 157.39 903.05 200.62 0.384094
6 881.65 248.76 1069.58 360.63 0.375855
5 1286.73 282.06 1359.70 390.68 0.362841
6 531.75 28.37 624.68 92.94 0.323467
6 1207.81 435.77 1359.42 633.27 0.318079
4 831.72 10.21 888.31 34.45 0.302699
6 845.94 182.21 894.31 263.39 0.295854
6 1100.60 439.13 1225.91 596.09 0.295830
7 1116.30 239.67 1240.33 390.00 0.289213
4 849.20 37.81 904.81 63.59 0.287475
6 267.04 82.47 548.28 292.97 0.279932
5 222.62 511.09 470.83 616.85 0.276468
5 241.19 671.93 394.89 764.22 0.276238
6 911.63 421.30 1003.86 563.52 0.273386
6 668.54 647.11 938.58 764.27 0.264590
6 413.23 82.39 546.40 163.34 0.260274
6 1003.98 427.44 1104.64 570.90 0.255165
4 286.54 586.25 420.52 690.84 0.250855
6 671.02 399.15 938.73 763.88 0.250332
6 87.51 97.72 685.27 762.58 0.246075
7 142.06 598.44 294.36 680.69 0.237751
6 267.94 213.86 395.78 293.00 0.236864
6 813.12 406.20 899.79 543.94 0.236817
4 534.91 46.57 565.23 67.09 0.228387
6 762.96 174.40 825.32 257.39 0.225283
5 381.95 457.42 500.62 549.09 0.220916
4 860.41 0.51 903.88 22.41 0.216394
6 319.55 377.82 522.59 495.17 0.214880
6 719.79 399.28 804.29 534.74 0.213774
6 1320.20 446.11 1359.79 542.31 0.203441
