4 237.08 987.96 333.98 1049.45 0.533670
4 506.90 820.38 563.87 895.37 0.510584
4 436.33 952.98 519.41 1049.35 0.505835
4 627.72 795.10 675.84 851.62 0.495473
4 628.23 652.27 646.58 670.92 0.463215
4 631.13 693.28 658.97 722.84 0.454800
4 921.45 842.30 1045.21 897.92 0.400500
4 805.33 814.08 856.37 864.58 0.388488
4 1349.66 768.35 1399.61 788.81 0.386737
4 596.42 598.76 609.37 611.10 0.378645
4 1013.68 873.61 1150.84 924.51 0.377592
4 1184.24 738.47 1238.27 775.60 0.376178
1 936.39 933.60 955.32 989.48 0.374716
4 1053.31 792.61 1127.27 847.03 0.373283
4 719.80 707.87 751.47 737.86 0.373256
4 720.46 675.06 745.08 697.75 0.371267
4 719.81 768.65 817.18 812.18 0.369731
4 1102.95 787.04 1174.56 845.49 0.369520
4 616.38 595.42 628.63 605.06 0.369071
4 861.92 810.20 929.37 861.00 0.363172
4 988.05 740.62 1074.85 771.26 0.354920
4 979.73 798.63 1051.10 844.13 0.344956
4 918.71 801.23 981.08 849.79 0.343340
4 1335.38 742.38 1371.80 765.73 0.335159
4 794.85 755.01 878.86 788.75 0.332198
4 949.00 767.69 1052.19 806.00 0.331397
4 1279.42 729.42 1313.72 750.94 0.328587
1 1075.46 751.19 1089.62 786.05 0.324589
3 71.04 751.86 121.22 783.01 0.323450
6 768.68 659.72 832.84 696.82 0.322579
1 77.80 736.59 96.67 770.95 0.317367
4 946.21 699.62 990.30 728.20 0.315570
4 1260.85 781.29 1301.90 794.80 0.303721
6 37.02 601.78 104.69 629.46 0.288105
4 719.51 632.16 741.22 651.69 0.284661
4 619.18 570.08 629.58 577.78 0.281221
4 658.01 595.83 669.23 608.14 0.281114
4 671.99 610.58 709.70 629.30 0.274336
10 103.45 595.19 275.26 719.28 0.269078
1 974.89 709.98 988.97 744.35 0.268029
4 819.06 651.33 839.76 670.11 0.257273
4 829.86 672.15 860.15 694.69 0.252558
1 1102.18 730.84 1117.04 762.53 0.248238
3 1093.44 719.36 1140.67 749.54 0.244008
4 785.67 623.57 803.76 640.62 0.242785
4 789.01 730.47 871.87 766.06 0.241770
1 1076.01 720.09 1092.74 750.67 0.229918
4 864.90 636.33 916.74 659.05 0.221431
4 753.61 685.77 811.18 719.56 0.215889
2 614.73 624.20 626.80 643.71 0.212258
4 967.70 683.70 999.40 701.30 0.209028
4 941.96 668.70 986.48 692.32 0.208945
2 222.09 696.94 235.34 717.38 0.201556
