4 320.72 336.33 414.28 387.66 0.549533
4 789.49 546.87 924.48 620.11 0.524800
4 847.23 480.77 985.39 545.97 0.520166
4 732.45 591.77 897.14 679.79 0.508565
4 649.88 643.68 781.55 729.27 0.460517
5 353.52 514.07 473.92 651.75 0.446323
4 973.53 27.86 996.15 43.83 0.433000
4 752.04 123.14 806.05 150.37 0.427027
4 976.13 327.40 1073.90 367.30 0.416935
4 960.59 344.93 1066.13 393.91 0.414711
4 797.04 98.30 851.06 125.40 0.393932
6 353.23 328.74 689.40 651.51 0.364947
6 0.34 397.94 235.53 648.69 0.356230
4 1194.56 68.17 1255.32 86.48 0.353972
4 0.15 69.07 35.40 91.14 0.333838
4 784.54 112.56 837.65 138.16 0.331662
4 901.74 394.69 1016.27 456.90 0.324278
6 441.80 682.04 769.33 764.45 0.313794
6 946.10 254.77 1161.67 361.56 0.301059
3 29.38 79.32 82.92 120.36 0.275900
6 1147.57 128.98 1306.24 217.78 0.266052
4 1151.89 45.58 1171.95 68.34 0.261197
6 1202.26 73.29 1349.13 151.32 0.257287
4 618.55 0.26 658.64 10.87 0.257221
7 873.76 415.19 989.89 496.17 0.253274
5 719.62 119.45 753.92 150.81 0.249574
4 1024.01 235.61 1066.34 262.94 0.247387
4 183.71 379.68 268.75 441.03 0.245153
4 83.36 70.95 114.20 84.70 0.244882
6 329.99 221.73 488.64 365.86 0.242338
3 282.04 236.62 316.94 263.69 0.241182
6 1034.14 159.77 1248.96 261.07 0.240054
4 483.23 259.58 582.31 311.51 0.239591
4 163.96 324.68 211.34 364.33 0.239429
5 1034.36 187.70 1077.18 235.19 0.225843
6 74.66 277.11 228.58 367.83 0.225800
5 1264.97 110.04 1302.30 152.55 0.225014
6 1024.15 234.75 1168.59 286.89 0.222722
4 460.58 556.39 498.36 595.77 0.222418
6 642.03 144.66 797.00 215.10 0.217985
6 365.92 172.20 495.62 249.16 0.213688
5 1080.34 7.12 1101.79 28.07 0.213092
1 46.78 67.85 61.04 110.08 0.212956
3 575.25 246.42 633.51 279.37 0.208199
6 1167.39 38.87 1282.74 78.96 0.207876
2 530.15 227.48 549.66 250.35 0.203716
6 0.19 326.51 144.04 461.67 0.203406
