4 706.98 310.24 750.01 331.81 0.530076
4 659.88 466.63 687.55 518.47 0.455907
5 193.03 219.95 236.44 239.47 0.439322
4 615.82 352.06 653.79 385.11 0.341818
4 668.40 68.55 680.86 84.22 0.336341
5 656.32 208.92 673.36 234.77 0.334899
9 955.58 223.22 1004.79 246.25 0.330587
4 526.18 319.77 570.98 347.31 0.327703
4 655.20 9.98 666.03 24.56 0.325045
9 1101.58 229.22 1145.74 244.88 0.323260
4 657.17 30.13 669.44 44.68 0.313000
5 626.63 83.95 639.68 107.55 0.299944
7 559.52 354.91 578.62 380.49 0.286347
4 705.41 211.01 721.02 230.42 0.285564
4 630.78 118.54 642.57 134.37 0.285385
4 628.65 135.79 641.03 151.28 0.281386
6 623.39 180.26 646.15 206.32 0.261807
2 641.75 282.04 651.43 300.77 0.250097
4 622.50 219.81 644.25 243.67 0.247287
1 482.44 255.08 494.30 282.95 0.242979
4 674.36 50.38 685.38 60.91 0.238928
4 626.63 62.76 638.25 80.50 0.237391
4 595.08 69.13 604.16 83.09 0.234517
4 896.02 967.30 921.36 992.36 0.233361
9 1003.09 230.87 1046.81 247.22 0.226225
4 678.20 30.95 692.21 46.31 0.223908
2 728.08 398.19 738.97 418.24 0.220119
4 621.74 34.78 636.27 52.41 0.217371
4 687.66 66.40 698.39 80.61 0.216765
3 787.68 517.93 807.73 534.73 0.216579
2 626.66 275.81 637.28 298.94 0.216562
4 627.35 153.95 644.29 164.76 0.215553
2 654.33 254.16 664.51 271.02 0.215263
9 767.47 238.92 809.89 255.84 0.209290
4 1350.93 214.68 1372.15 229.81 0.206248
2 546.80 417.93 557.01 434.22 0.205527
4 627.68 19.55 638.12 34.14 0.202585
