4 1039.58 544.59 1208.27 631.14 0.643388
6 832.51 345.87 990.77 448.50 0.617370
5 940.94 466.50 1109.74 568.18 0.568148
4 775.78 340.44 878.05 400.54 0.535361
5 798.25 177.08 877.09 226.98 0.505432
4 252.99 0.45 284.81 32.64 0.503862
4 200.46 290.93 262.72 372.72 0.476180
4 98.55 357.86 170.11 455.11 0.472457
4 1157.18 111.03 1211.79 138.44 0.436503
4 397.61 37.47 462.34 69.10 0.413060
1 748.68 484.88 771.38 535.84 0.385023
1 723.06 480.38 747.66 529.87 0.361745
1 691.57 270.07 710.56 315.24 0.360101
4 1050.97 172.63 1114.90 226.57 0.339714
1 749.75 330.42 767.81 370.07 0.333149
4 993.02 183.48 1065.44 234.93 0.324489
1 604.48 141.34 617.99 176.85 0.313716
6 570.23 221.70 642.56 324.78 0.308077
4 703.50 233.78 741.30 276.99 0.305865
4 592.72 319.42 660.99 392.56 0.303796
2 579.55 122.73 594.34 157.50 0.299719
1 710.82 171.26 730.59 208.07 0.298734
4 940.76 195.51 1012.57 243.53 0.294419
2 618.46 128.02 631.90 157.72 0.291789
4 953.24 132.37 985.69 153.55 0.289215
1 760.39 296.99 779.28 329.02 0.287446
1 1046.30 143.90 1062.32 179.53 0.286027
2 686.18 197.46 705.23 229.06 0.282169
1 1114.07 284.73 1133.58 317.21 0.281238
1 727.94 235.42 741.96 264.09 0.280368
2 556.45 119.43 568.10 154.70 0.277330
4 401.32 12.56 441.14 39.53 0.276709
4 408.92 82.90 445.31 124.71 0.274088
1 647.25 325.40 667.60 364.59 0.271082
4 721.13 260.10 759.41 321.33 0.270225
4 876.82 208.40 914.76 239.16 0.260313
4 576.69 172.81 601.36 203.78 0.241012
4 0.18 178.88 24.94 207.12 0.236961
2 683.19 154.99 695.82 191.72 0.236758
2 537.93 77.83 552.74 120.14 0.230048
1 386.05 61.74 398.20 93.19 0.225973
4 826.10 239.74 847.16 267.82 0.221849
4 1189.78 269.58 1220.11 302.35 0.214584
2 547.72 61.28 561.02 92.41 0.209564
3 1113.45 300.78 1132.75 325.29 0.205080
7 813.05 142.94 838.02 171.89 0.203750
4 1112.97 107.75 1135.87 134.11 0.202382
