1 719.50 479.38 768.50 539.49 0.500784
3 524.92 176.33 541.71 206.15 0.461718
1 214.90 432.94 261.81 488.31 0.407528
1 510.17 196.28 527.68 239.66 0.398511
2 443.22 221.41 460.60 275.26 0.380979
2 104.98 453.82 144.78 506.59 0.380782
2 343.97 287.85 359.26 336.20 0.380656
2 85.08 465.31 119.58 530.87 0.373134
2 201.67 357.35 222.35 408.51 0.371313
2 211.91 324.32 230.93 368.00 0.359412
7 326.70 334.65 366.40 417.62 0.358012
2 273.08 270.67 292.13 317.60 0.345796
2 73.99 437.97 98.04 520.63 0.345219
1 248.51 265.36 267.51 318.54 0.345015
2 412.86 202.52 427.34 249.26 0.333937
2 242.67 327.44 255.60 367.34 0.321789
2 226.51 284.75 251.94 329.44 0.320580
2 416.28 127.41 425.27 148.08 0.317363
2 399.21 208.12 416.12 257.53 0.312102
7 372.13 251.58 439.41 327.78 0.307020
2 462.83 192.08 477.56 232.63 0.304404
7 562.15 418.13 630.08 539.12 0.302661
2 486.30 153.83 501.07 188.44 0.301086
2 471.59 144.40 483.52 185.63 0.299893
2 295.45 306.62 319.27 364.33 0.293289
2 450.01 199.06 467.30 237.54 0.283195
2 277.53 319.20 295.21 365.79 0.279710
2 568.29 494.27 618.44 539.52 0.275321
6 598.34 15.83 614.05 27.54 0.272249
2 503.06 175.00 518.43 212.93 0.270322
2 73.70 33.40 568.85 535.43 0.270005
7 372.15 280.84 408.85 327.72 0.268560
2 233.65 386.04 268.98 418.51 0.268283
2 73.85 437.40 144.39 530.95 0.256823
2 502.56 126.33 512.92 156.23 0.234410
7 393.16 255.31 439.46 296.44 0.233893
1 514.07 466.30 544.28 495.30 0.232622
2 443.80 123.96 451.32 146.13 0.232216
2 258.61 357.91 291.85 404.49 0.226831
2 417.40 150.68 426.39 176.14 0.219748
