4 916.24 338.71 1004.21 374.46 0.952308
4 933.41 391.73 1007.19 439.23 0.941782
4 916.00 338.65 1003.83 374.65 0.941292
4 197.03 397.33 309.40 441.66 0.924352
3 172.06 571.73 216.32 606.97 0.920312
4 933.88 391.97 1006.76 439.84 0.918333
4 1111.94 502.09 1185.29 563.20 0.915960
4 239.92 364.96 335.68 404.66 0.912638
3 171.08 571.43 216.28 606.86 0.903425
4 254.58 483.20 372.19 543.66 0.902507
4 196.47 396.62 309.42 442.20 0.900168
4 254.54 483.22 372.06 543.33 0.897853
4 239.85 364.98 335.14 404.39 0.891739
4 1112.21 501.52 1184.63 563.37 0.863846
4 74.99 309.61 170.14 342.10 0.858067
4 113.26 277.90 180.71 308.68 0.850779
4 0.24 398.73 105.53 439.74 0.850724
3 520.93 329.91 552.91 349.24 0.841532
4 0.47 397.66 105.47 439.14 0.836948
4 75.40 308.92 170.52 342.57 0.830454
4 113.92 277.52 179.87 308.02 0.815444
5 301.57 231.44 350.55 285.22 0.806438
4 1185.52 326.02 1257.00 363.15 0.793196
4 480.82 241.79 516.25 273.87 0.768519
4 242.61 265.10 293.79 295.35 0.762417
4 0.10 309.82 56.53 342.19 0.757561
4 242.58 264.28 294.25 295.71 0.755434
5 301.63 231.48 350.96 285.12 0.750090
5 829.11 199.84 883.08 265.04 0.741621
5 829.55 200.18 883.01 264.82 0.738878
4 480.89 242.15 516.06 273.70 0.716274
7 237.99 296.23 288.55 318.35 0.710477
4 260.54 549.21 339.50 634.57 0.706801
3 685.36 328.93 711.15 348.49 0.703958
4 664.28 136.09 696.37 151.34 0.697897
3 521.41 328.95 552.54 348.85 0.696564
7 119.87 421.97 191.61 459.39 0.689047
3 685.77 325.23 729.72 348.24 0.686815
7 238.23 296.33 288.91 318.47 0.678524
7 181.61 335.33 255.32 366.06 0.670410
4 664.07 135.72 697.20 151.47 0.663597
4 474.31 528.57 515.87 561.77 0.657315
4 654.84 119.74 676.46 135.16 0.656941
4 541.63 242.99 573.12 273.79 0.653965
4 0.22 308.64 55.30 342.53 0.634949
4 261.15 548.99 339.49 634.41 0.632493
4 340.94 248.49 380.99 285.60 0.630266
4 541.98 243.05 572.86 273.81 0.630017
6 584.51 120.74 623.31 158.58 0.621750
3 120.36 424.48 191.17 458.93 0.613685
7 1044.36 327.40 1111.89 365.08 0.611138
7 1044.63 328.31 1111.12 365.20 0.592739
3 709.89 326.49 730.15 343.26 0.587262
7 181.75 334.56 254.52 366.13 0.586751
3 113.24 325.26 147.43 350.37 0.582368
1 976.51 318.81 989.02 342.84 0.582058
4 592.02 244.00 619.70 272.76 0.568894
4 341.61 248.61 381.10 285.17 0.567263
4 654.84 119.96 677.64 135.19 0.555559
4 62.33 279.29 99.03 308.68 0.547918
1 906.39 227.49 917.62 252.36 0.547694
4 1183.91 326.38 1257.17 363.33 0.541071
1 797.64 205.29 806.96 228.13 0.538585
4 653.34 72.86 663.35 85.79 0.537852
4 591.60 243.59 619.15 272.97 0.522910
4 520.87 169.84 547.68 189.37 0.518097
3 112.74 324.13 146.35 351.67 0.509344
4 491.22 141.05 531.16 156.90 0.502201
4 652.81 73.04 663.73 85.66 0.481381
1 977.91 318.33 989.31 341.23 0.481027
4 520.25 169.39 546.86 190.44 0.479296
4 490.44 140.59 529.48 157.22 0.471886
4 148.65 637.96 228.30 729.56 0.471422
4 555.34 220.14 582.19 248.36 0.464317
4 591.52 222.86 619.75 248.66 0.451443
4 61.55 288.25 98.47 308.89 0.448786
1 906.34 227.36 917.41 252.08 0.445502
1 893.31 220.87 903.24 243.96 0.438119
4 680.20 102.87 689.38 113.76 0.419301
4 591.83 222.23 619.70 250.42 0.414921
3 0.14 457.71 61.50 505.71 0.411799
4 745.44 93.34 758.59 105.25 0.408241
4 555.57 219.88 582.69 247.88 0.403937
1 797.63 206.29 806.66 227.66 0.402935
4 862.34 182.58 884.72 204.92 0.402300
4 680.02 102.66 689.50 113.67 0.401236
3 497.06 199.27 517.31 218.26 0.398638
1 892.23 219.60 904.09 244.32 0.396266
5 827.39 138.85 845.61 158.80 0.394269
4 525.49 141.71 563.47 164.19 0.390043
3 0.17 457.73 61.19 505.98 0.388899
1 713.07 314.31 723.16 335.27 0.388588
4 553.13 203.95 577.64 228.27 0.386974
4 862.35 181.82 884.81 205.39 0.386876
1 530.64 320.03 544.85 345.28 0.386598
4 789.63 141.30 811.33 158.88 0.386566
4 565.85 176.36 587.69 197.07 0.385853
1 714.11 313.70 722.71 330.22 0.384275
4 148.91 639.03 229.18 730.53 0.377165
1 334.67 275.05 345.64 304.28 0.376034
4 804.47 152.66 819.30 164.39 0.374702
1 695.46 320.61 706.07 342.13 0.374692
4 526.39 141.61 563.75 161.81 0.371796
4 531.19 113.38 566.24 125.87 0.370797
4 745.46 93.11 759.26 105.14 0.367452
1 334.44 274.91 345.79 304.01 0.366692
4 474.73 528.98 515.62 562.41 0.363656
4 789.75 141.38 810.84 159.11 0.363333
4 565.57 176.47 588.11 198.65 0.356708
4 606.83 167.09 626.84 183.13 0.354623
9 584.80 120.54 623.11 158.56 0.353892
3 967.43 330.04 991.34 344.41 0.353166
4 850.10 43.56 872.38 55.20 0.350959
4 564.51 189.91 585.89 213.42 0.341248
1 637.36 140.51 644.79 156.85 0.339464
3 710.04 326.99 730.35 342.67 0.336395
2 433.33 215.80 468.86 267.68 0.333463
4 553.93 204.80 577.47 228.53 0.331863
4 599.75 202.43 623.45 228.96 0.331225
1 812.28 195.96 821.33 215.17 0.327004
4 540.60 152.65 558.94 167.12 0.324476
1 486.15 186.49 495.26 205.49 0.323047
4 559.51 129.71 574.99 143.88 0.321776
4 614.25 42.04 630.34 51.74 0.320178
1 531.00 320.70 543.93 344.67 0.319502
4 606.89 184.17 624.48 201.80 0.314422
4 850.51 42.61 872.29 55.37 0.313879
3 215.29 283.86 230.07 303.59 0.313097
4 203.60 274.84 234.83 294.71 0.312371
1 177.90 560.91 194.88 596.90 0.309306
4 558.48 129.61 575.31 144.59 0.308763
1 178.10 560.51 196.50 596.00 0.308221
1 637.08 139.88 645.31 156.68 0.304722
1 812.14 196.44 821.02 214.93 0.297993
4 61.83 240.06 95.62 266.59 0.296736
4 827.56 139.43 843.07 158.35 0.296709
4 613.68 40.58 631.00 52.19 0.293231
1 352.31 277.09 361.67 298.56 0.292752
4 599.14 202.86 623.34 227.21 0.291709
1 696.17 320.54 706.54 341.81 0.290641
3 1044.75 340.29 1070.89 363.29 0.288507
4 62.23 243.13 95.56 267.26 0.287394
2 433.54 216.30 468.97 267.60 0.286654
2 218.27 270.01 233.62 302.29 0.280810
4 605.61 183.30 623.77 203.85 0.275787
2 190.99 333.41 209.30 357.48 0.274760
4 658.58 35.98 668.22 43.54 0.272323
1 538.38 184.99 545.34 202.89 0.256460
4 564.06 190.81 585.41 213.18 0.250792
4 578.40 108.77 594.07 123.06 0.247528
3 1044.87 339.14 1076.16 363.35 0.240233
2 191.82 333.50 208.77 353.88 0.235259
2 120.80 322.92 133.39 346.97 0.220052
4 804.90 151.50 818.54 164.88 0.216600
1 887.00 225.40 894.01 245.82 0.212222
3 931.79 271.66 955.24 292.30 0.203517
3 931.29 274.64 941.48 291.72 0.191203
1 151.74 419.53 169.60 454.29 0.179052
2 888.21 220.46 917.90 252.68 0.174337
2 463.93 224.96 468.69 247.46 0.163718
6 0.12 579.71 74.19 641.32 0.161645
2 218.99 269.10 233.22 301.52 0.151457
6 1131.95 262.14 1159.11 301.69 0.102724
9 470.11 81.99 507.10 109.55 0.063352
9 469.77 83.90 506.97 109.89 0.063032
9 831.55 158.57 844.31 185.92 0.026773
9 735.07 155.59 746.10 179.67 0.019092
9 831.56 159.57 844.27 186.36 0.018249
