4 160.02 472.77 254.77 531.64 0.827193
4 159.56 472.83 255.12 531.27 0.773216
4 824.56 148.46 856.83 185.48 0.763592
4 458.26 36.87 483.68 70.11 0.755987
4 824.93 148.79 856.74 185.24 0.744315
4 458.14 36.97 482.44 69.43 0.742311
4 649.36 53.41 672.54 86.43 0.738154
4 648.62 52.69 672.86 86.52 0.729447
4 734.91 522.12 783.24 606.64 0.719617
4 1101.37 228.21 1148.48 269.52 0.712032
1 945.36 457.52 964.13 489.93 0.707074
4 613.36 38.85 636.73 71.94 0.706860
4 613.82 38.83 636.68 72.05 0.696736
4 1102.07 227.63 1149.24 270.99 0.694051
4 812.39 229.14 852.16 284.69 0.693011
4 550.52 34.65 577.99 71.11 0.692251
3 949.32 471.61 962.45 491.48 0.678428
4 550.38 34.23 577.96 71.45 0.677202
5 792.37 517.15 842.88 608.10 0.611860
4 1200.08 375.14 1252.14 411.65 0.611010
4 734.80 522.34 783.35 606.45 0.609864
4 521.70 44.91 535.48 65.99 0.600018
1 505.62 166.23 519.78 193.35 0.595986
4 812.85 229.50 851.76 284.90 0.577227
5 678.60 146.47 713.68 198.53 0.574639
2 61.59 499.33 83.09 523.48 0.560448
4 1200.41 375.86 1252.98 416.58 0.558919
6 679.25 145.25 714.27 198.15 0.545134
4 101.51 978.67 154.93 1014.64 0.529985
1 498.91 132.15 512.61 157.71 0.509440
1 62.35 499.30 83.69 523.01 0.505998
4 791.84 516.80 842.91 608.45 0.501844
2 339.60 727.75 371.97 770.27 0.501626
4 1098.49 186.05 1117.01 222.96 0.464431
4 688.75 541.47 726.26 622.65 0.453580
1 353.95 740.14 372.03 767.80 0.448620
4 1098.60 186.49 1116.44 223.44 0.447837
3 56.61 505.83 96.60 527.17 0.428733
2 506.20 167.93 520.07 192.59 0.426700
1 354.08 739.37 372.33 766.60 0.422389
1 339.91 728.31 355.45 757.47 0.416931
1 948.01 458.47 963.08 479.90 0.406106
1 130.83 878.94 180.36 899.23 0.404801
1 499.51 131.80 512.86 156.61 0.401246
6 688.91 542.05 725.78 623.01 0.395583
2 340.09 728.34 355.87 756.38 0.348740
4 522.57 44.34 535.56 65.69 0.340676
3 335.69 744.97 355.43 774.36 0.320442
3 57.04 509.95 76.00 526.98 0.268138
3 56.22 503.51 96.26 527.29 0.257055
1 605.14 335.09 616.94 345.33 0.250312
2 337.59 728.00 371.47 770.32 0.241183
4 732.96 0.08 744.14 9.83 0.238338
2 0.08 641.18 13.47 666.60 0.223354
2 347.55 728.28 357.32 750.88 0.221378
4 564.62 594.68 589.13 608.74 0.219147
2 347.45 758.39 356.62 775.66 0.202809
4 102.21 979.63 154.46 1016.33 0.198399
3 946.41 469.73 962.74 490.78 0.191806
4 1199.56 344.48 1215.13 366.79 0.180751
7 12.75 641.34 58.08 670.78 0.143235
7 411.15 180.30 427.84 206.90 0.087972
