4 1147.38 877.83 1263.00 990.57 0.940746
4 1374.93 978.73 1530.91 1079.65 0.938637
4 1022.18 597.23 1084.67 650.41 0.923145
4 1147.51 877.28 1262.79 990.80 0.921130
4 1375.02 979.25 1531.47 1079.30 0.919431
4 904.04 529.30 951.32 570.58 0.902854
4 903.80 529.29 951.84 571.07 0.891210
4 1021.66 597.47 1085.36 650.43 0.860868
4 509.62 212.25 539.94 221.61 0.829979
6 733.94 225.21 937.67 268.31 0.817679
4 963.12 446.83 1000.97 482.08 0.795695
4 184.81 217.86 228.12 227.62 0.740604
4 858.96 398.77 888.82 426.86 0.740205
4 855.51 363.04 879.60 384.93 0.731890
4 858.60 399.20 888.65 427.04 0.730286
4 781.46 268.00 799.09 282.48 0.724523
4 962.46 447.01 1001.56 482.29 0.723608
4 961.31 401.37 989.06 426.36 0.692379
4 856.11 363.77 879.58 384.34 0.690680
4 782.69 268.19 798.91 282.48 0.668712
4 962.22 401.54 989.24 426.51 0.660296
4 760.83 256.42 781.22 267.16 0.659234
6 734.35 225.01 936.26 267.45 0.597686
4 914.75 394.18 943.50 418.51 0.580910
4 949.20 351.92 975.60 373.13 0.567152
4 914.05 394.64 943.74 418.75 0.539270
4 793.16 249.92 809.92 262.28 0.519417
4 289.98 216.28 325.75 224.70 0.510506
4 911.29 377.19 937.50 399.60 0.510337
4 837.63 249.04 852.73 261.36 0.504910
4 839.77 286.21 854.56 297.26 0.494299
6 898.95 285.06 927.70 318.16 0.492192
5 898.69 284.46 928.02 317.97 0.483702
4 910.18 378.21 937.52 400.11 0.473961
4 950.23 352.07 975.79 373.07 0.462026
4 1149.78 877.69 1229.17 895.65 0.454709
4 484.78 213.08 507.81 221.56 0.453336
4 510.77 212.37 538.78 221.22 0.448417
4 835.14 272.12 848.73 285.27 0.436308
4 925.90 340.96 946.84 358.36 0.433293
4 899.49 360.60 924.16 382.28 0.417931
4 911.36 318.27 929.82 333.21 0.412693
4 899.47 361.95 923.07 381.96 0.402435
4 184.43 217.63 227.54 228.01 0.397816
4 926.57 339.71 945.59 357.76 0.390908
4 839.83 284.96 853.81 297.32 0.388265
4 955.90 373.88 968.35 390.25 0.382024
4 883.26 325.00 901.05 344.57 0.354196
4 749.24 277.75 764.62 287.72 0.352665
4 1000.50 208.56 1025.23 217.70 0.348681
4 954.60 240.14 972.04 251.61 0.343820
4 911.30 319.54 930.29 333.08 0.333471
4 834.64 271.92 850.82 286.87 0.323866
4 1279.69 213.32 1299.80 221.57 0.308884
4 757.04 327.44 774.13 337.79 0.288701
4 881.34 308.76 900.35 325.59 0.284363
4 759.95 327.34 773.58 338.20 0.268486
1 1129.38 488.61 1137.80 506.59 0.265076
4 872.82 298.02 889.51 313.21 0.251579
4 858.32 268.87 872.96 281.97 0.246795
4 859.36 268.51 873.25 282.26 0.244357
1 753.42 290.75 759.68 304.27 0.242980
6 744.42 246.87 781.54 268.41 0.219361
4 987.38 241.14 1009.12 254.57 0.217029
4 884.75 327.64 895.84 345.79 0.213587
4 868.06 286.35 882.61 300.32 0.203836
4 881.73 309.52 901.07 326.22 0.198462
1 956.37 374.79 968.81 397.34 0.197636
4 939.42 323.51 952.94 336.19 0.193765
6 820.05 247.51 853.18 262.10 0.180423
6 880.96 234.54 895.93 268.53 0.173006
6 1847.22 296.70 1919.76 329.29 0.131548
4 1291.62 316.23 1305.45 327.89 0.116238
9 792.22 194.63 813.17 205.92 0.103352
9 367.24 197.64 406.25 208.31 0.101672
6 819.49 246.64 832.00 263.59 0.099357
9 1634.24 289.85 1770.72 322.85 0.097248
9 1752.01 284.04 1877.02 318.88 0.089928
4 1787.18 323.10 1822.82 338.64 0.077027
9 1425.29 287.03 1505.92 317.47 0.075135
9 822.18 195.23 842.67 204.84 0.069058
9 1251.63 213.78 1303.21 242.50 0.048649
9 1619.19 321.89 1675.29 343.31 0.036156
9 855.45 219.89 870.02 227.99 0.029106
