2 354.05 832.04 389.76 879.61 0.862461
2 353.22 830.97 389.81 879.57 0.796917
2 970.00 172.85 988.97 218.02 0.703079
2 968.29 172.29 989.12 217.84 0.699995
2 904.06 170.17 925.30 213.46 0.686645
2 904.42 169.72 924.90 213.60 0.685062
2 772.70 93.73 791.38 131.60 0.671693
2 645.39 109.00 660.99 137.13 0.623505
2 736.00 91.17 752.00 134.11 0.623046
2 773.07 93.29 790.80 132.06 0.619835
2 645.83 108.77 660.94 138.00 0.607380
2 794.54 102.05 808.16 144.89 0.593364
2 735.91 91.09 752.62 134.11 0.585200
2 626.63 91.35 646.86 136.02 0.574106
2 541.42 230.55 571.03 284.85 0.573122
2 1336.38 45.29 1359.35 79.13 0.548018
2 626.52 91.02 646.82 136.42 0.541785
2 794.54 101.66 808.27 144.83 0.537584
2 542.56 229.08 569.83 283.24 0.534923
2 161.84 408.97 190.71 462.88 0.512422
2 398.66 189.83 420.62 233.38 0.511486
2 162.09 408.31 191.26 462.89 0.498489
2 399.34 85.58 417.42 122.08 0.487660
2 923.90 40.57 946.03 73.61 0.474185
2 376.07 188.10 395.27 222.39 0.466237
2 130.39 395.85 165.57 445.53 0.465168
2 399.44 189.33 418.04 230.45 0.463427
2 129.75 396.86 165.19 448.45 0.461935
2 398.94 86.05 418.15 124.26 0.434722
2 1311.41 108.20 1350.53 160.34 0.430591
2 924.40 40.19 945.80 72.24 0.427810
2 1298.56 14.86 1324.25 53.66 0.421111
2 377.59 188.17 395.16 220.34 0.402590
2 518.41 989.44 545.75 1026.91 0.391209
2 331.92 17.09 347.93 59.14 0.388755
2 416.78 226.20 445.65 280.78 0.386619
2 331.69 16.76 348.28 59.06 0.368734
2 1336.57 45.69 1360.07 80.49 0.345906
2 1297.69 13.67 1328.89 54.68 0.339722
2 0.18 928.13 60.69 972.51 0.326543
2 51.46 358.04 88.22 418.77 0.325845
2 1326.88 0.00 1349.47 21.75 0.285941
2 1310.94 108.22 1350.41 163.29 0.285846
2 80.66 367.16 120.64 429.32 0.279153
2 415.11 225.13 445.75 281.87 0.260381
2 0.16 926.43 59.58 974.58 0.260068
2 370.12 236.30 398.25 278.42 0.244061
3 1292.56 124.44 1345.72 181.71 0.237329
2 1330.74 0.00 1352.59 20.05 0.236723
2 371.90 295.18 398.06 350.88 0.232046
2 1292.75 154.08 1337.73 182.56 0.226816
2 392.25 301.57 421.99 357.18 0.221299
2 50.04 356.22 195.87 467.47 0.194943
2 371.59 295.64 399.57 350.57 0.190420
2 370.75 230.89 401.24 278.31 0.183115
2 50.71 356.24 91.97 423.13 0.180483
2 1316.95 45.69 1360.25 93.77 0.166717
2 79.08 367.54 119.34 429.73 0.147316
2 517.63 989.40 562.35 1027.79 0.144562
2 382.07 264.77 442.99 333.70 0.135940
2 49.91 354.19 199.05 465.40 0.107571
2 382.59 264.89 442.90 332.50 0.106118
2 367.43 187.05 453.43 361.79 0.048553
