2 818.71 482.53 831.38 510.18 0.784111
2 824.97 671.99 840.09 703.53 0.779034
2 818.69 482.54 832.07 511.09 0.765816
2 675.57 33.19 694.48 56.05 0.762719
4 139.02 25.12 207.87 95.62 0.755943
2 583.41 502.49 600.94 537.25 0.755611
2 714.01 243.99 725.75 272.99 0.749357
2 506.32 596.21 518.59 622.39 0.747255
2 714.12 243.84 726.44 272.93 0.730810
4 139.95 24.95 207.57 95.77 0.729831
2 825.03 672.34 840.36 703.48 0.707092
2 684.59 202.78 701.04 225.60 0.661622
2 756.59 772.25 773.20 787.65 0.660759
2 507.48 597.46 518.20 621.29 0.653616
2 756.92 771.60 772.95 787.39 0.648680
2 685.21 202.33 699.82 225.36 0.645473
2 741.22 771.49 757.71 787.81 0.625867
2 679.90 152.05 694.93 172.11 0.620889
4 0.07 162.56 50.28 251.56 0.614798
2 741.82 770.60 758.83 787.79 0.614469
2 582.77 502.41 600.10 536.13 0.613421
2 592.85 0.00 602.14 12.71 0.613062
2 670.12 2.08 681.22 23.21 0.600750
2 674.87 33.61 693.92 55.97 0.598308
2 680.41 152.56 692.69 173.01 0.596094
2 395.65 98.62 407.17 123.40 0.549436
2 615.91 22.43 635.21 41.80 0.545800
2 433.27 167.54 445.27 189.39 0.533749
2 677.66 116.42 696.38 147.33 0.533584
4 71.81 242.17 185.51 336.10 0.529011
2 593.07 0.03 602.95 13.24 0.520964
2 583.86 169.56 620.13 198.42 0.518669
2 637.56 23.69 650.92 43.34 0.517125
2 678.02 116.47 696.56 147.51 0.512878
2 619.07 22.71 633.09 40.08 0.510588
2 395.47 98.31 407.53 123.75 0.504643
2 604.06 169.93 617.62 182.77 0.486030
2 604.05 169.59 616.59 183.74 0.471615
2 584.30 169.36 619.94 197.63 0.461266
4 0.05 162.33 49.73 251.59 0.452158
2 636.79 23.75 650.44 42.99 0.442275
2 844.71 628.14 853.64 646.26 0.428239
2 851.50 670.45 860.70 694.52 0.399866
4 352.23 252.14 391.40 290.59 0.394377
4 71.88 241.83 185.53 335.17 0.381738
2 433.75 169.37 445.32 189.40 0.379354
2 669.66 2.09 682.15 22.88 0.374987
2 349.86 265.37 362.02 291.56 0.373611
6 125.15 108.24 232.54 286.23 0.371465
2 616.47 22.33 651.54 43.74 0.355225
2 304.95 328.91 316.58 355.21 0.331362
6 71.29 107.60 233.09 336.51 0.324839
2 856.49 653.58 868.10 672.21 0.322123
2 417.30 52.17 428.43 74.83 0.299004
2 856.17 654.14 868.75 672.93 0.290975
2 286.33 688.15 299.71 710.70 0.268754
2 416.68 48.28 428.30 74.56 0.257116
2 111.40 280.76 127.51 297.85 0.254579
2 779.35 181.72 788.88 197.46 0.246488
6 352.63 251.21 391.78 291.39 0.239375
2 592.43 179.25 605.66 198.22 0.238907
2 274.44 317.17 318.67 355.64 0.210849
2 374.81 24.72 389.92 52.80 0.208168
2 292.24 327.81 307.46 354.34 0.197960
2 776.26 181.64 783.51 198.77 0.191273
2 772.65 162.04 779.82 179.06 0.175136
