4 799.23 577.39 1033.26 764.08 0.955706
4 799.08 577.61 1032.78 764.34 0.925520
4 799.49 577.18 895.75 716.06 0.918435
3 3.63 328.37 90.74 369.56 0.891077
4 822.78 228.75 894.80 300.60 0.864348
4 831.70 312.67 936.66 413.84 0.853983
4 822.54 228.69 894.81 300.15 0.851390
4 831.20 312.60 936.81 413.89 0.849817
4 640.82 170.07 703.00 243.31 0.849726
4 738.19 78.53 783.30 122.18 0.841417
4 778.54 153.51 838.09 211.05 0.841178
4 738.60 78.33 782.95 122.23 0.838820
4 777.83 153.32 838.26 211.30 0.832449
4 587.22 383.94 680.00 522.61 0.831247
3 1.66 324.24 90.94 369.89 0.828744
1 1319.00 443.14 1353.96 479.91 0.826090
4 587.76 383.63 679.81 523.14 0.823545
4 640.55 170.09 702.75 243.41 0.815592
3 553.44 251.93 577.73 292.89 0.798072
3 554.61 256.27 576.78 293.12 0.781533
3 532.50 321.09 557.82 369.04 0.780392
4 595.81 267.40 669.99 367.69 0.773971
4 737.36 11.98 779.08 52.01 0.766418
4 738.24 12.21 779.57 51.94 0.746870
3 602.89 72.13 615.12 98.41 0.738825
1 1333.77 295.79 1359.68 355.03 0.737010
3 531.90 322.37 557.25 368.75 0.736849
3 602.88 72.23 615.77 96.58 0.712421
3 458.42 282.68 488.08 326.77 0.709648
1 1318.96 443.51 1354.87 480.38 0.707451
4 604.71 0.01 628.50 26.27 0.704737
4 824.08 0.00 864.34 16.98 0.694070
4 729.03 0.00 759.45 10.41 0.692554
4 672.77 0.00 701.26 7.22 0.686212
4 824.27 0.00 865.91 17.05 0.684211
1 929.09 236.40 947.46 288.92 0.679351
4 728.79 0.00 759.37 10.77 0.678340
5 512.16 97.00 570.74 179.07 0.674686
2 554.44 232.53 578.76 278.03 0.672602
4 332.58 219.19 428.32 275.00 0.670472
4 866.83 12.60 902.07 42.77 0.656989
4 673.36 0.00 701.62 7.54 0.655578
4 595.66 267.75 670.07 367.29 0.631835
2 1107.68 400.40 1135.18 460.16 0.622166
2 951.26 181.53 968.05 218.79 0.618876
1 928.42 236.82 947.16 288.81 0.617983
1 1334.03 296.27 1359.85 354.03 0.615396
4 866.70 13.06 895.89 42.90 0.603778
4 607.58 0.83 627.31 26.30 0.600559
5 513.10 97.03 571.07 178.11 0.597004
2 602.54 58.18 616.54 88.37 0.561896
3 1004.07 210.16 1025.92 244.03 0.550621
1 950.98 180.26 968.93 219.83 0.547972
4 856.45 155.63 883.10 209.71 0.540114
3 458.12 274.63 490.57 327.17 0.539429
4 311.74 209.38 402.25 252.95 0.536253
1 453.81 328.28 474.91 399.38 0.530043
1 38.21 382.75 81.98 449.73 0.514119
3 974.43 210.32 1024.87 243.32 0.497055
1 1107.89 400.65 1135.46 460.38 0.489994
4 1128.07 0.00 1172.75 23.46 0.482643
3 789.64 12.21 800.81 29.08 0.474788
3 974.44 209.50 999.14 240.38 0.474420
2 1119.20 426.77 1155.71 493.90 0.472758
1 453.67 328.23 473.50 398.49 0.471147
3 930.38 184.97 951.07 225.47 0.451762
4 341.80 219.84 428.29 273.86 0.451213
1 398.89 277.72 425.25 356.19 0.442355
4 278.93 209.06 428.12 292.57 0.441294
4 856.32 155.54 883.13 210.26 0.436394
2 936.90 131.04 950.43 156.50 0.427453
2 399.16 278.29 424.16 355.79 0.424898
4 943.62 171.90 976.24 199.21 0.420380
2 991.80 131.75 1007.72 171.31 0.416336
3 789.38 13.43 800.37 30.66 0.410633
4 546.56 13.53 566.10 35.37 0.407226
2 991.51 131.72 1008.10 171.14 0.401437
2 937.42 131.91 950.04 157.20 0.393340
4 915.14 155.05 948.90 212.88 0.387624
4 942.87 171.56 976.02 199.47 0.385254
3 929.35 206.40 942.53 225.51 0.381041
2 977.55 135.19 990.55 171.39 0.377507
2 978.66 136.09 989.86 171.67 0.354519
3 1004.57 211.27 1024.78 244.07 0.345095
1 1032.79 58.88 1051.47 96.09 0.343669
4 914.40 155.90 948.76 211.81 0.337314
1 38.02 382.45 82.58 449.59 0.336605
4 989.97 0.83 1012.33 29.94 0.326769
4 0.08 713.97 34.27 764.59 0.305164
2 1033.20 58.58 1050.99 95.49 0.291114
3 1058.65 332.96 1082.60 376.99 0.289012
4 990.24 0.23 1011.68 19.54 0.269194
3 929.19 204.67 942.95 225.50 0.267052
3 974.55 216.88 1000.22 240.79 0.253713
4 278.89 240.77 338.45 291.87 0.252685
7 565.77 38.91 588.75 70.49 0.250058
2 69.92 232.70 92.82 272.18 0.249205
7 566.05 39.70 589.67 70.40 0.235548
2 602.76 58.64 616.07 83.63 0.216698
2 932.47 68.82 943.62 91.78 0.215034
2 967.03 121.55 979.42 145.57 0.211288
2 1129.25 429.30 1155.92 494.06 0.207951
3 566.62 50.11 578.47 72.05 0.204977
9 1004.93 93.84 1121.99 213.55 0.203583
4 0.11 713.13 34.47 764.18 0.195287
2 961.42 131.91 974.78 163.70 0.193965
2 973.54 48.51 985.00 70.39 0.187027
9 973.28 171.14 1018.95 200.20 0.185653
3 929.71 186.24 949.90 225.88 0.185341
3 1004.72 213.76 1035.30 263.92 0.182426
1 69.99 233.47 92.58 272.70 0.164642
4 278.90 235.95 341.58 292.43 0.154065
2 464.05 330.88 473.92 385.10 0.153926
2 542.65 296.17 558.76 353.99 0.128204
2 544.77 296.42 559.03 353.70 0.115591
9 972.79 169.99 1019.01 200.87 0.083828
9 1057.40 156.96 1089.30 214.81 0.026374
