4 687.96 354.72 747.55 404.07 0.821076
4 688.88 402.06 747.93 450.93 0.818462
4 641.09 428.44 707.08 479.87 0.811096
4 757.23 395.29 823.41 454.41 0.805849
5 1081.91 649.76 1170.50 726.72 0.801991
4 1203.29 726.80 1275.45 786.60 0.801948
4 925.01 498.08 996.39 561.51 0.796913
4 688.52 354.81 747.61 404.05 0.795686
4 586.41 373.46 645.01 424.19 0.788200
4 585.95 373.82 644.92 424.23 0.778978
4 1156.89 652.14 1237.76 718.46 0.770236
4 623.75 354.85 671.81 399.47 0.769173
4 689.86 402.23 747.95 450.51 0.768944
4 639.73 428.67 707.28 479.64 0.763612
4 623.73 354.38 673.09 400.31 0.753712
5 1007.24 546.92 1086.44 616.48 0.747624
4 975.52 640.93 1055.65 710.17 0.730533
4 1156.81 652.19 1237.87 718.87 0.728379
4 190.96 556.42 264.03 586.81 0.712058
4 813.65 533.52 886.44 594.90 0.709293
4 729.34 470.20 799.36 533.89 0.705940
4 445.44 216.36 480.26 259.95 0.703600
4 893.93 581.56 970.24 647.09 0.703212
6 751.08 438.12 847.45 514.73 0.699101
4 814.05 533.44 877.43 580.84 0.694637
4 185.85 583.96 259.50 617.13 0.678242
4 558.68 298.92 615.17 354.56 0.671535
4 128.77 646.64 207.55 680.41 0.665471
4 186.34 583.97 260.05 617.11 0.661629
4 975.27 640.78 1055.93 711.29 0.661116
4 1081.84 649.67 1170.18 727.21 0.657418
5 751.19 437.42 847.07 514.53 0.653718
4 894.06 581.83 970.08 647.02 0.653273
4 190.60 557.02 264.00 588.20 0.652559
4 87.80 714.41 180.38 750.85 0.651769
4 749.17 536.04 830.51 607.06 0.650095
4 128.24 647.08 207.12 680.55 0.646703
4 729.58 469.76 799.09 533.47 0.646145
4 184.95 613.04 255.95 651.31 0.642087
4 445.07 216.47 480.22 260.38 0.639924
5 853.47 500.28 925.44 565.38 0.637692
4 925.38 497.51 995.82 561.51 0.636498
4 964.60 573.75 1048.32 644.45 0.633204
4 110.59 680.51 192.61 716.58 0.631163
4 750.58 536.00 830.60 606.96 0.627348
4 185.66 612.23 256.35 651.40 0.622426
4 81.01 751.50 167.02 787.16 0.617044
4 1007.50 546.75 1086.35 616.78 0.616267
1 606.77 68.32 615.54 86.24 0.606903
4 557.18 298.24 614.88 354.27 0.606439
4 757.71 394.75 824.16 454.25 0.598330
4 87.81 714.42 179.49 751.62 0.593186
4 1203.03 727.54 1275.02 787.07 0.590657
4 110.39 680.09 193.81 716.00 0.585597
5 854.58 500.03 925.51 565.78 0.584754
4 1301.26 743.85 1372.39 787.29 0.569448
5 469.27 251.37 591.13 379.00 0.560081
4 81.91 751.81 165.72 787.33 0.546199
4 1301.99 744.58 1372.48 787.60 0.542815
4 425.93 101.67 455.72 150.72 0.532523
4 431.55 162.78 461.85 208.36 0.532307
4 431.82 162.74 461.30 208.04 0.527148
4 0.11 136.98 29.52 174.75 0.520514
4 853.80 561.30 886.66 594.24 0.517641
5 470.26 251.74 591.39 379.45 0.513418
4 510.81 507.14 543.94 573.59 0.505116
4 1.12 135.24 28.96 161.30 0.463388
6 1066.90 694.83 1170.26 780.98 0.460716
4 172.11 735.86 223.16 787.16 0.449184
4 588.21 135.45 620.31 158.21 0.443249
4 510.89 507.28 543.97 573.17 0.439007
4 967.71 574.10 1048.27 645.86 0.438736
4 194.77 667.25 240.47 730.96 0.405811
6 1194.22 473.28 1399.34 633.35 0.396934
4 465.64 503.34 503.40 575.59 0.393479
4 425.83 101.66 455.83 151.13 0.369975
6 637.58 0.02 895.74 378.76 0.365385
4 172.27 735.71 222.52 787.46 0.364932
6 680.67 171.04 927.83 394.23 0.364645
4 588.67 134.49 620.51 159.09 0.362099
1 584.20 71.82 593.12 90.74 0.355245
6 682.19 173.67 773.39 313.25 0.353214
1 607.04 68.26 614.91 82.74 0.343439
6 682.63 172.54 772.68 311.12 0.337597
4 194.83 667.45 240.43 731.60 0.327250
6 806.55 252.18 927.01 381.99 0.311738
1 830.17 400.31 840.86 414.40 0.309822
4 0.12 140.50 18.10 172.97 0.283930
6 1067.64 692.50 1174.93 783.30 0.283928
4 550.77 512.39 576.31 560.58 0.276783
4 417.57 34.85 438.64 66.01 0.260772
6 805.32 252.64 926.82 379.68 0.251613
6 1212.57 473.28 1399.37 631.23 0.233178
4 465.46 503.42 503.26 575.92 0.206696
1 599.98 767.77 615.86 786.63 0.188456
3 822.61 397.40 846.27 428.18 0.183114
4 852.94 561.80 886.59 594.35 0.182745
4 1241.41 577.74 1286.30 612.42 0.152057
