6 1141.26 786.59 1272.24 837.87 0.963491
4 934.60 885.87 1006.91 921.34 0.960580
4 711.64 815.26 777.06 838.88 0.958652
4 1069.60 1004.08 1164.05 1065.14 0.957853
5 1615.98 1189.00 1802.38 1293.28 0.954343
5 1317.61 1250.18 1527.90 1326.93 0.953792
4 713.90 814.63 777.92 839.28 0.953550
6 1141.35 786.55 1273.15 837.24 0.953391
4 975.82 839.41 1049.58 871.39 0.951155
4 826.30 865.54 910.16 898.55 0.947778
5 1233.53 1206.77 1407.46 1318.02 0.947294
4 525.20 815.13 582.02 838.98 0.943775
4 934.29 885.62 1007.75 921.21 0.941721
4 517.92 815.90 580.78 838.71 0.941536
4 748.42 867.70 825.20 906.03 0.936750
5 1615.77 1190.04 1801.55 1293.75 0.927053
4 1076.15 862.64 1167.63 905.67 0.925593
4 1865.64 1361.51 1999.45 1499.00 0.925082
5 1233.06 1208.35 1408.50 1318.97 0.922272
4 975.79 839.07 1049.24 871.62 0.920530
5 759.81 1093.14 895.79 1176.33 0.919677
4 1177.69 846.51 1258.23 872.77 0.917798
4 1104.04 1003.13 1164.09 1068.57 0.914600
5 1315.42 1250.08 1528.57 1327.84 0.911121
5 1868.30 1210.95 1999.48 1303.91 0.906332
4 826.84 866.65 911.24 895.76 0.895812
4 747.95 867.81 830.45 895.72 0.893373
4 1075.27 873.20 1161.42 906.19 0.881323
4 1791.94 1277.08 1999.08 1405.99 0.876491
5 1128.80 1202.65 1214.36 1339.59 0.875270
4 1177.53 845.88 1258.82 874.27 0.874349
5 1077.67 1054.83 1148.07 1142.16 0.871639
4 1045.46 915.68 1098.60 966.05 0.844548
5 1868.84 1210.69 1999.72 1307.50 0.842713
4 341.85 746.27 378.10 759.79 0.840071
4 1865.32 1364.16 1999.72 1499.53 0.838399
6 831.85 801.52 1077.79 852.26 0.836776
4 1791.76 1279.17 1999.70 1409.57 0.834855
4 798.19 957.83 916.43 1007.27 0.832357
4 699.20 879.58 718.26 901.57 0.826266
4 1048.03 882.16 1087.63 918.45 0.823815
4 1112.03 862.87 1168.56 889.70 0.816068
1 1788.29 1223.60 1825.50 1280.77 0.815169
3 646.53 1126.69 669.11 1186.39 0.810182
4 1247.07 870.86 1313.39 904.41 0.799711
5 1127.25 1202.76 1213.53 1338.45 0.796636
4 1246.79 870.42 1315.15 903.99 0.795497
5 1164.11 864.77 1244.06 895.75 0.777568
4 1104.12 1055.17 1149.13 1142.53 0.766742
4 698.06 880.03 717.31 902.37 0.751959
1 1234.04 1137.87 1264.73 1199.62 0.743983
4 771.73 986.13 892.24 1032.29 0.731343
6 1187.41 917.23 1313.08 997.24 0.730728
3 1019.99 950.50 1036.82 976.99 0.723308
1 1401.87 1142.36 1430.49 1196.13 0.723061
4 1047.25 882.82 1088.05 920.95 0.722228
4 798.48 964.11 918.08 1007.97 0.721676
4 771.58 986.29 895.04 1034.31 0.706291
5 763.15 1100.14 907.22 1175.60 0.697615
6 1234.25 949.92 1495.19 1019.75 0.693829
1 1345.48 1159.77 1372.25 1210.60 0.684964
4 814.74 818.72 838.24 838.38 0.670902
4 819.95 952.31 933.96 991.16 0.670845
1 1069.30 1192.23 1099.55 1267.36 0.665723
4 1305.53 868.48 1347.55 888.64 0.663196
4 1071.83 942.00 1122.42 1002.90 0.660389
4 1163.42 865.84 1244.74 904.30 0.650557
4 658.18 751.78 698.83 768.79 0.638815
7 1606.15 1281.43 1686.79 1372.24 0.634149
1 1948.17 1337.77 1977.53 1368.05 0.634111
4 342.38 746.38 376.71 761.75 0.633605
4 663.45 752.59 699.37 765.91 0.626383
6 833.40 799.99 895.55 850.93 0.610667
6 832.37 800.02 935.68 851.53 0.601404
3 1260.96 1150.07 1284.88 1208.99 0.579816
1 980.24 1237.38 1014.09 1320.14 0.573589
1 1401.39 1142.36 1429.43 1196.59 0.573241
1 1069.35 1191.49 1101.80 1268.43 0.568965
6 783.70 1007.44 942.77 1121.29 0.564968
6 1187.56 917.95 1309.91 996.16 0.561637
1 1344.31 1158.55 1368.77 1208.91 0.555790
3 1020.63 950.37 1036.98 976.86 0.553339
4 932.75 885.85 988.30 895.98 0.546779
1 1021.92 1176.74 1053.55 1254.86 0.521782
6 1234.44 950.37 1495.31 1018.72 0.513869
2 983.33 1176.22 1014.91 1239.71 0.512029
7 905.56 1267.78 969.12 1358.84 0.510376
1 993.06 1031.62 1014.75 1075.57 0.506104
1 1232.05 1133.48 1263.27 1198.90 0.504335
1 1278.00 1077.62 1304.29 1109.93 0.500383
4 1304.02 867.44 1346.59 888.03 0.490693
4 1116.90 862.46 1165.84 882.51 0.485733
1 979.26 1234.98 1014.10 1321.40 0.477691
1 1793.56 1221.63 1825.76 1278.74 0.469302
4 1043.58 916.43 1097.80 965.48 0.465273
6 782.61 1004.88 951.71 1135.69 0.456196
6 833.06 800.23 872.34 849.05 0.449318
1 1021.40 1175.96 1053.80 1253.35 0.447291
1 936.91 1119.06 957.68 1179.49 0.442800
7 1604.17 1278.89 1687.50 1373.31 0.438846
4 1070.28 937.96 1120.18 1004.54 0.430481
4 1626.56 733.50 1662.84 749.00 0.424075
5 1301.21 1317.98 1611.73 1499.38 0.416372
7 1775.66 1268.39 1862.34 1322.96 0.412480
1 782.93 1155.42 813.91 1175.77 0.395606
1 1390.65 913.70 1405.96 950.92 0.395185
1 990.59 1030.67 1013.72 1080.09 0.391148
1 995.00 1077.42 1021.84 1140.09 0.390144
1 994.62 1077.94 1022.37 1141.74 0.389732
7 1775.33 1264.88 1857.92 1324.48 0.383119
1 984.21 1171.41 1013.94 1241.94 0.370212
4 828.36 888.60 939.78 940.33 0.369474
6 1234.46 952.66 1337.60 1018.70 0.361176
4 1048.11 882.39 1082.22 895.75 0.345576
1 1393.80 1070.10 1414.88 1106.95 0.341243
1 1005.22 1129.46 1027.32 1192.47 0.334956
3 451.55 822.45 510.36 847.36 0.325849
4 1104.07 956.22 1119.45 1003.18 0.314304
4 813.48 817.74 836.83 838.73 0.286682
3 840.16 1173.72 854.33 1188.17 0.285806
1 983.99 1069.99 1002.13 1129.90 0.279309
4 321.86 635.45 344.15 642.46 0.273031
2 1265.29 1102.70 1294.23 1130.47 0.269160
2 1267.65 1097.94 1296.62 1158.01 0.264361
1 1004.13 1129.86 1028.06 1186.54 0.262692
1 1038.40 1070.01 1051.79 1101.14 0.243058
3 1093.28 1213.36 1113.50 1257.44 0.239015
3 699.32 910.01 712.22 949.18 0.233045
2 980.76 1061.73 1000.29 1130.19 0.229961
4 316.96 748.52 344.67 765.84 0.226294
2 996.56 1161.26 1020.49 1233.13 0.225831
4 1623.99 734.74 1665.73 754.75 0.219501
1 895.63 1190.28 918.90 1262.03 0.210109
1 929.73 1116.00 957.36 1180.93 0.208514
9 846.24 888.11 939.69 932.33 0.206496
2 907.55 1282.90 931.90 1321.14 0.200302
3 1330.49 1172.35 1350.89 1202.58 0.174422
2 1262.27 1149.50 1287.85 1202.84 0.167555
10 911.89 1319.65 946.04 1358.82 0.166568
4 822.53 934.64 850.13 955.76 0.139092
2 1145.37 801.39 1164.90 820.82 0.121947
2 977.50 1029.13 1108.46 1318.60 0.112112
7 1497.13 1102.68 1533.45 1134.81 0.098447
