4 1777.44 569.44 1889.78 610.74 0.962730
4 327.95 497.94 433.37 544.44 0.956828
4 159.44 542.87 275.72 589.30 0.955742
4 1450.46 488.46 1533.50 530.28 0.954083
4 1211.11 422.47 1290.98 455.63 0.951668
4 1665.69 549.48 1757.81 593.93 0.945513
4 533.48 441.62 619.32 481.54 0.941739
4 158.21 543.48 267.47 588.70 0.934813
4 327.00 496.64 432.51 544.59 0.934790
4 707.47 403.65 787.20 442.89 0.930569
4 1535.40 519.09 1639.12 564.33 0.926347
4 567.66 1122.52 705.70 1265.92 0.926330
4 1455.78 758.87 1530.17 828.59 0.923993
4 1210.90 423.44 1291.55 456.03 0.921216
4 534.28 440.81 621.37 481.80 0.917072
4 621.44 419.20 696.15 460.85 0.915100
4 1449.63 489.31 1534.94 530.14 0.913426
4 569.32 1121.88 706.93 1266.78 0.906798
4 716.16 401.80 787.07 442.50 0.904801
4 1456.62 759.17 1528.94 828.73 0.899634
4 1665.30 550.13 1757.48 594.52 0.896812
2 1820.05 1049.71 1849.99 1099.26 0.881147
4 45.60 522.57 148.64 562.98 0.880169
4 1534.77 517.64 1611.75 563.46 0.871837
2 1306.66 975.77 1336.61 1028.17 0.868569
4 1286.83 430.44 1369.70 475.92 0.862131
5 1285.19 429.70 1369.87 476.34 0.852728
4 44.54 521.73 145.65 562.96 0.840151
4 826.14 910.68 895.67 985.87 0.837793
4 1782.23 569.26 1892.20 610.81 0.830103
4 826.50 910.66 977.02 990.98 0.821172
3 699.97 433.45 730.18 456.02 0.800886
4 621.21 418.23 695.70 460.91 0.782328
4 850.46 293.34 881.23 322.33 0.754210
4 828.90 313.77 860.57 345.73 0.750915
4 829.97 314.48 863.51 345.62 0.747808
1 1308.93 974.24 1337.08 1027.41 0.746322
4 0.16 525.62 38.31 558.70 0.729814
4 1742.35 817.88 1803.31 870.81 0.717758
4 0.04 524.06 38.16 559.57 0.711461
4 846.97 293.05 881.28 322.66 0.692967
4 1742.61 820.85 1794.98 870.56 0.666972
2 710.93 1319.62 738.49 1384.00 0.654655
1 1820.64 1049.84 1852.45 1101.50 0.539179
2 1301.08 976.42 1317.97 1026.47 0.533962
4 333.14 1005.34 448.23 1116.61 0.526740
4 133.42 845.13 188.71 878.41 0.515935
6 658.45 368.69 727.72 420.73 0.497391
4 142.77 871.48 255.95 921.10 0.482088
4 834.65 278.85 846.90 294.08 0.470336
3 1152.05 385.15 1175.52 405.72 0.455114
4 967.05 530.64 1010.90 555.16 0.425423
2 1817.37 1048.90 1889.03 1113.37 0.399101
3 501.03 451.03 530.80 473.34 0.395409
1 1516.24 435.21 1535.51 469.89 0.377675
4 1074.03 150.04 1100.46 171.38 0.364050
4 674.96 619.55 713.82 651.54 0.348410
3 795.58 655.16 814.62 673.46 0.347237
4 1374.45 1192.95 1431.96 1238.56 0.337382
3 717.58 1358.99 741.18 1403.24 0.328807
4 1191.22 97.73 1217.39 112.27 0.304523
4 1187.73 616.76 1219.71 653.37 0.292394
4 1074.53 151.37 1097.37 173.07 0.281696
1 1140.45 579.79 1155.46 615.42 0.272711
6 659.51 368.80 726.53 419.68 0.243604
1 1894.55 169.13 1927.76 218.39 0.235696
4 1126.06 325.08 1155.24 350.75 0.230701
6 1160.12 98.33 1192.37 116.43 0.228208
4 1511.59 361.09 1559.81 392.30 0.215371
3 1305.19 1003.59 1328.74 1029.63 0.203168
2 713.97 1320.25 738.34 1389.24 0.202939
3 817.21 592.39 830.59 607.65 0.188069
4 885.01 296.28 895.53 329.51 0.180852
4 140.63 872.78 257.11 926.27 0.171866
4 1208.57 90.24 1228.62 103.21 0.158956
4 1241.74 39.56 1262.00 52.65 0.154895
4 325.92 977.86 448.69 1145.61 0.154007
4 1293.19 28.68 1309.18 43.46 0.142100
2 719.11 1332.99 735.96 1370.46 0.135399
3 1147.22 667.16 1164.79 681.66 0.131497
2 1863.13 155.38 1927.72 219.29 0.117312
3 1953.94 572.68 1996.71 599.44 0.106520
6 1511.88 361.55 1560.40 391.88 0.099232
2 1862.96 148.30 1893.12 195.20 0.096478
10 948.98 387.84 1024.60 490.47 0.077976
4 0.60 316.38 48.76 386.90 0.076420
9 1159.56 97.74 1217.32 128.51 0.037674
