4 276.48 510.86 363.43 539.77 0.938093
4 276.50 510.55 363.02 539.81 0.926227
4 93.26 387.10 167.34 427.41 0.894945
4 92.88 386.88 167.29 427.26 0.877767
4 95.89 451.20 178.82 501.09 0.866566
4 112.88 520.24 183.23 539.47 0.864210
4 194.53 356.43 255.32 399.34 0.862198
4 96.46 451.60 178.45 501.03 0.823910
4 114.41 520.23 183.02 539.57 0.821816
4 194.39 356.63 255.03 399.06 0.774502
4 76.67 489.60 167.88 539.23 0.741953
4 631.49 222.09 668.57 242.40 0.740413
4 709.56 238.47 760.50 264.54 0.736491
4 240.15 427.71 296.13 484.16 0.733448
5 730.50 152.33 766.73 178.90 0.711567
4 240.66 426.85 295.65 483.96 0.701982
4 76.99 489.38 167.77 539.38 0.685420
4 647.45 261.90 705.70 292.35 0.684498
1 168.22 392.64 182.54 416.04 0.683051
1 168.75 392.62 182.84 416.10 0.645564
4 709.60 238.76 760.32 263.52 0.636805
5 730.49 153.31 767.43 178.70 0.631329
9 390.95 283.28 435.80 321.45 0.619984
4 679.63 248.87 729.75 279.58 0.610101
4 647.36 271.19 694.70 294.00 0.594605
2 274.59 266.95 676.34 514.50 0.567969
4 631.62 221.65 666.89 242.27 0.559929
9 390.83 283.38 431.64 321.45 0.524351
4 679.56 248.68 726.65 277.69 0.490938
2 274.21 268.74 675.78 523.53 0.458298
3 74.83 367.43 98.14 391.29 0.453412
4 666.50 261.43 709.70 284.71 0.440422
6 82.07 334.28 126.60 372.67 0.436599
3 370.77 477.82 384.86 512.68 0.431725
4 31.22 321.20 60.61 343.22 0.417798
3 370.15 476.91 385.77 512.49 0.407759
3 372.74 449.55 394.76 471.88 0.375189
1 231.76 417.19 243.16 442.27 0.373247
1 231.74 417.18 242.53 442.15 0.347232
6 80.56 333.58 125.37 373.26 0.342768
1 36.12 405.49 48.47 430.76 0.335224
2 742.08 55.63 959.22 199.67 0.331304
4 176.81 292.91 197.41 306.86 0.330378
2 739.63 55.99 959.15 198.77 0.329039
3 768.58 172.01 784.87 187.57 0.323589
4 31.50 322.57 57.57 343.39 0.316817
4 176.71 292.30 195.58 306.69 0.316677
3 74.92 367.26 97.83 391.06 0.298288
6 715.51 181.93 738.49 200.86 0.297814
1 36.23 405.97 48.42 428.55 0.287063
6 715.59 181.81 738.16 200.90 0.279045
3 769.92 172.18 784.79 187.90 0.275921
4 179.54 302.50 203.90 316.17 0.267574
3 276.30 416.57 294.39 437.78 0.267071
1 818.93 249.22 828.97 266.24 0.204464
3 372.80 448.13 394.37 471.94 0.195793
7 416.54 417.42 455.93 448.96 0.154813
7 368.90 298.81 392.30 331.49 0.121646
2 0.98 103.50 222.12 433.36 0.100299
2 1.38 103.64 222.13 432.59 0.083108
