4 808.10 553.85 890.54 592.55 0.863408
4 806.85 635.44 905.00 676.42 0.860970
4 344.28 178.15 396.06 212.28 0.860006
4 344.77 178.11 396.45 212.05 0.857649
4 739.82 0.00 797.26 12.84 0.856706
4 632.92 356.46 707.66 393.11 0.846279
4 787.32 397.86 872.13 435.59 0.846139
4 817.87 694.63 909.23 733.66 0.843110
4 792.05 356.28 870.03 391.67 0.842661
4 820.38 695.42 908.67 732.37 0.842352
4 789.61 518.65 874.07 555.45 0.840302
4 783.35 435.90 864.06 471.64 0.840173
4 788.97 323.57 861.06 356.27 0.839746
4 761.06 290.98 836.05 324.56 0.839028
4 783.07 435.76 863.80 471.37 0.838861
4 784.09 472.39 871.01 509.48 0.836361
4 807.15 635.77 905.11 679.99 0.835081
4 346.12 83.52 411.31 115.92 0.834184
4 808.25 552.85 890.56 593.15 0.832988
4 639.42 252.61 707.69 285.03 0.832749
4 790.34 519.09 874.09 555.46 0.831393
4 639.14 252.86 708.13 284.89 0.830652
4 788.85 323.67 860.80 356.52 0.830634
4 760.97 290.57 836.07 324.18 0.828779
4 784.42 472.68 870.56 510.10 0.828317
4 792.88 260.73 869.32 297.41 0.827747
4 739.92 0.00 797.66 13.30 0.827007
4 640.64 322.56 712.17 354.66 0.825180
4 632.94 356.50 707.75 393.08 0.824387
4 637.71 288.96 706.40 321.85 0.823746
4 786.36 228.47 858.25 262.68 0.821988
4 640.65 322.97 712.17 355.03 0.821147
4 791.76 355.97 870.07 391.68 0.820839
4 349.23 84.14 411.85 116.17 0.817951
4 792.02 261.35 868.85 297.19 0.814866
4 684.86 159.45 753.90 190.00 0.813919
4 683.72 218.28 750.74 249.92 0.812094
4 637.74 289.05 706.77 321.35 0.811855
4 683.13 218.00 751.15 249.84 0.807745
4 786.77 201.84 858.24 232.80 0.807004
4 786.86 201.75 858.23 233.47 0.806861
4 786.32 227.98 858.39 262.78 0.806728
4 684.71 160.12 754.20 189.90 0.803831
4 685.49 186.14 749.28 218.17 0.797963
4 503.42 0.13 527.19 18.53 0.793704
4 685.42 186.55 749.35 218.08 0.792845
4 799.69 397.95 871.47 434.81 0.789004
4 698.17 72.13 762.53 102.31 0.779389
4 693.87 98.90 760.35 128.34 0.770440
4 395.58 0.00 457.65 19.60 0.767960
4 693.43 98.29 760.37 128.27 0.766546
4 697.67 71.93 762.65 102.61 0.761647
4 396.12 0.00 457.55 19.93 0.742092
4 692.90 40.58 751.56 73.30 0.738518
4 839.61 776.83 921.59 787.84 0.735282
4 837.89 777.18 922.28 787.85 0.735080
4 816.20 736.19 892.46 772.85 0.728991
4 693.19 40.54 752.15 73.27 0.713786
4 503.73 0.20 527.71 18.59 0.712763
4 705.17 120.93 759.01 155.63 0.707129
4 1256.99 67.87 1299.02 92.46 0.705523
4 515.94 90.63 547.90 146.51 0.691986
1 917.05 312.28 929.18 334.67 0.670249
4 607.56 96.01 634.66 145.19 0.669284
4 705.51 120.38 759.52 155.29 0.665345
1 678.27 38.78 688.84 59.17 0.661301
4 388.35 42.83 423.90 71.81 0.649051
1 884.25 203.88 895.29 223.64 0.644487
4 385.53 42.74 423.91 71.07 0.641349
1 918.48 200.80 927.82 218.54 0.635150
1 881.71 469.64 894.03 491.14 0.629616
1 884.20 202.52 895.52 223.53 0.628590
1 726.87 465.36 737.90 487.82 0.628548
1 906.02 194.74 916.39 215.63 0.627666
4 607.36 95.90 634.99 145.16 0.613644
4 816.72 736.87 892.27 772.48 0.612313
1 917.37 312.52 928.69 334.82 0.608776
4 515.52 90.46 546.73 146.83 0.606887
3 1256.60 68.85 1299.86 92.82 0.601148
1 711.87 461.28 723.22 485.89 0.600456
1 882.00 470.20 894.49 490.47 0.599372
1 906.17 194.86 916.01 214.34 0.575816
1 918.98 201.67 927.79 219.21 0.571891
1 814.69 36.97 825.13 68.64 0.567907
4 392.80 13.95 431.10 43.36 0.560746
1 678.39 38.56 689.21 59.43 0.544978
4 394.66 14.09 430.38 44.75 0.539330
1 962.38 566.54 973.85 584.35 0.532762
1 936.98 355.58 950.28 374.98 0.531265
1 726.79 464.93 737.64 489.16 0.506645
4 940.84 1.26 976.04 25.90 0.505188
1 931.09 105.47 942.30 126.10 0.497020
2 931.69 514.78 945.97 546.76 0.496442
1 648.14 0.00 663.05 7.63 0.494132
4 238.68 510.23 288.09 592.81 0.489937
1 711.84 461.42 723.63 486.86 0.488481
1 949.98 146.70 964.37 169.23 0.476674
4 941.60 1.53 973.96 24.29 0.474472
1 962.49 566.73 974.09 584.88 0.472487
1 950.80 506.57 965.75 526.16 0.468177
1 936.78 355.79 950.35 374.99 0.467774
2 950.65 146.73 963.64 168.48 0.456517
1 814.69 36.78 824.50 68.64 0.455610
1 949.32 506.73 965.32 526.04 0.452982
4 912.96 0.16 932.08 13.04 0.441306
2 916.01 137.45 925.95 160.28 0.424647
4 769.86 60.61 799.06 118.33 0.421445
4 239.09 510.28 288.35 592.79 0.407417
4 912.96 0.16 932.34 12.79 0.395448
1 980.89 738.08 995.36 754.11 0.385883
1 1305.79 83.80 1321.16 102.50 0.384356
2 1207.17 22.35 1233.51 51.80 0.384036
4 544.06 499.65 579.26 582.74 0.376287
3 877.12 87.46 894.74 114.15 0.375824
2 916.48 137.17 925.88 159.91 0.337655
5 840.11 63.80 871.52 124.17 0.333599
2 931.91 515.13 945.01 545.21 0.330936
4 769.82 60.42 799.46 118.28 0.324892
2 802.13 106.82 811.07 124.15 0.321072
4 840.16 63.91 871.46 124.72 0.314910
6 915.29 28.50 969.95 53.03 0.309147
2 929.61 105.02 942.01 125.56 0.307950
2 849.44 0.00 863.92 10.58 0.304281
2 868.32 78.57 888.31 112.43 0.299335
4 885.41 25.55 905.70 43.77 0.297309
2 981.03 737.48 995.67 753.85 0.268256
4 1096.14 81.70 1134.67 99.68 0.252379
4 1003.26 602.27 1019.04 629.81 0.249955
4 805.71 70.64 837.58 123.96 0.234406
7 917.21 30.30 969.62 52.02 0.224790
5 751.56 592.62 782.97 663.08 0.221231
4 543.98 499.89 579.25 582.98 0.215978
2 1120.01 0.19 1138.42 37.85 0.204394
2 940.95 21.67 949.94 36.08 0.195262
6 980.34 332.02 1032.04 451.69 0.193180
2 1254.51 162.01 1266.21 178.19 0.174207
4 1258.35 128.10 1271.26 141.71 0.172140
2 752.31 369.96 763.35 386.55 0.172010
2 1105.99 7.43 1120.33 42.72 0.164187
6 805.40 70.13 836.02 124.70 0.151403
7 995.90 32.41 1028.23 53.13 0.145791
6 995.95 32.63 1027.46 53.60 0.133891
4 1258.29 127.27 1270.84 140.95 0.109688
7 884.82 13.03 910.49 44.58 0.102179
