4 927.97 328.53 995.11 449.31 0.829047
4 927.71 328.38 996.30 449.24 0.817418
5 845.26 0.00 916.85 70.41 0.790440
3 639.13 176.07 671.15 205.24 0.732411
3 639.05 175.29 670.97 204.54 0.672050
9 845.73 0.16 916.71 70.16 0.669528
6 1014.01 982.90 1163.79 1049.71 0.643998
3 721.61 367.54 747.10 399.14 0.621040
2 532.22 126.48 550.88 169.77 0.595718
2 552.69 126.67 572.15 166.95 0.589857
1 712.78 279.57 730.83 316.98 0.577384
5 622.93 731.88 654.64 786.59 0.566170
2 549.55 176.32 566.71 213.78 0.564066
2 639.90 158.81 664.67 195.75 0.543440
2 537.54 153.91 550.85 169.92 0.542412
2 578.65 180.49 598.29 221.47 0.542276
2 578.15 179.90 597.36 221.16 0.539176
1 712.79 279.04 730.19 317.63 0.537127
1 549.51 176.05 568.20 215.65 0.534463
1 532.12 126.56 550.47 169.02 0.529311
1 551.93 126.64 572.17 166.91 0.523714
6 1014.26 983.48 1164.29 1049.68 0.498228
2 702.51 317.88 719.48 360.18 0.483667
1 616.13 956.14 650.72 998.24 0.472254
2 556.55 153.74 571.30 166.61 0.452586
1 179.91 105.96 203.41 148.93 0.425941
3 721.39 364.51 748.20 395.46 0.392916
4 635.00 650.79 657.32 667.42 0.363951
2 703.37 318.41 719.24 358.76 0.352730
7 718.70 323.56 755.78 395.89 0.348986
3 549.41 200.57 571.51 217.31 0.333593
2 568.23 169.59 587.25 196.52 0.322273
2 731.65 347.88 754.83 375.29 0.313500
2 549.77 171.89 599.07 222.07 0.267168
1 179.95 105.64 203.41 146.87 0.244560
4 744.60 1027.34 765.83 1049.68 0.225032
3 638.45 174.75 652.79 195.52 0.222662
7 718.23 323.93 757.04 395.92 0.200676
2 531.44 124.45 600.09 222.34 0.174375
6 554.61 0.00 1398.89 1049.55 0.166003
2 719.04 323.36 737.93 361.77 0.159925
7 638.11 138.32 690.17 203.19 0.158376
4 662.29 1031.03 692.55 1049.81 0.156310
2 531.80 125.81 599.22 223.44 0.073656
10 616.28 957.11 653.30 997.50 0.067966
