4 896.79 265.03 949.31 284.05 0.917047
4 368.54 276.58 418.21 296.17 0.896423
4 368.75 275.94 418.59 296.09 0.893186
4 208.80 303.09 264.72 326.45 0.891042
4 208.85 303.70 264.47 326.43 0.890828
4 899.48 264.34 949.21 283.91 0.890493
5 290.58 217.76 330.53 237.53 0.877549
5 290.15 217.71 330.41 237.32 0.873191
4 112.81 227.29 155.53 245.78 0.870468
4 496.62 268.52 537.78 287.69 0.870259
4 183.88 226.15 226.26 242.91 0.868423
4 112.36 227.49 155.61 245.88 0.864006
4 3.19 232.52 50.27 252.38 0.862160
4 238.71 222.56 279.85 239.58 0.857917
4 495.94 268.38 538.17 288.06 0.856645
4 184.07 226.55 226.06 242.90 0.853650
4 238.80 222.02 279.72 239.55 0.850837
4 605.58 277.25 652.71 298.53 0.842299
4 610.28 206.00 647.84 223.51 0.840687
4 748.74 203.64 786.36 218.58 0.838475
4 2.92 232.36 50.73 252.48 0.835410
4 605.73 276.94 653.15 298.49 0.827920
4 610.24 206.31 647.43 223.57 0.816318
4 808.33 200.29 843.95 216.31 0.815868
4 749.00 203.84 786.39 218.60 0.814904
4 850.45 201.68 884.23 214.74 0.814533
4 341.05 218.52 381.50 235.11 0.813995
4 651.42 273.81 699.50 296.32 0.808476
4 341.20 218.67 381.61 235.18 0.805076
4 437.47 215.45 474.56 231.73 0.804382
4 437.28 215.95 474.55 232.01 0.791226
4 706.11 205.82 741.52 219.13 0.787892
4 850.16 201.74 884.07 214.87 0.786405
4 894.21 197.86 930.89 214.40 0.781112
4 658.88 207.93 696.34 221.51 0.777021
4 651.74 274.11 699.55 296.20 0.768439
4 489.02 211.20 523.85 228.04 0.764045
4 489.97 211.37 524.99 227.82 0.762477
4 705.77 205.96 741.28 219.06 0.762441
4 383.12 218.89 417.61 233.37 0.746075
4 894.09 198.12 931.01 214.37 0.744759
4 383.08 218.49 417.59 233.47 0.733070
4 657.99 208.12 696.00 221.53 0.722175
4 534.38 211.62 571.96 227.32 0.685838
4 540.30 211.49 572.95 226.66 0.681811
4 808.35 199.97 844.09 216.47 0.680131
4 540.82 204.08 572.09 216.13 0.675006
4 940.66 200.52 959.57 213.15 0.652532
4 541.16 204.45 572.22 216.43 0.648034
4 941.27 201.22 959.69 213.25 0.588956
1 58.15 299.70 67.51 318.89 0.581711
1 789.16 251.23 800.34 267.66 0.436505
1 790.01 250.73 800.03 266.97 0.418044
3 82.24 220.95 96.31 240.29 0.391650
1 58.90 299.67 67.66 318.88 0.347057
3 82.31 220.09 96.70 240.36 0.331712
3 731.36 261.20 749.80 283.92 0.314971
3 802.73 258.51 822.58 280.14 0.308233
4 40.34 305.18 55.32 318.76 0.307367
3 803.43 257.48 822.68 279.67 0.304483
2 64.61 106.41 263.77 166.29 0.268065
4 658.01 208.93 670.50 220.92 0.265297
9 0.29 99.16 87.67 112.78 0.258785
4 71.53 153.92 85.46 166.74 0.257676
6 64.15 99.36 87.75 111.71 0.241428
1 713.88 229.74 720.62 244.02 0.211785
