4 655.32 259.58 734.30 296.99 0.934759
4 655.02 259.94 734.20 299.57 0.926830
5 1159.23 685.89 1300.81 764.54 0.854607
4 1302.05 695.80 1359.75 764.35 0.837826
4 1301.51 695.77 1359.79 764.52 0.806826
5 539.38 360.28 654.11 438.10 0.737772
5 1159.71 686.16 1300.70 764.74 0.712838
5 539.90 361.59 653.95 439.03 0.697677
6 547.16 308.73 620.34 343.11 0.686078
4 653.43 323.07 705.21 351.14 0.674204
6 322.59 428.43 441.56 520.24 0.623219
1 1179.31 344.25 1194.60 372.52 0.621206
6 546.57 309.31 620.28 343.15 0.612253
6 322.45 428.16 442.06 521.91 0.587207
6 144.61 254.71 228.88 314.43 0.586995
6 816.99 409.72 952.00 498.72 0.575035
6 913.54 648.61 1062.60 764.24 0.574503
5 1033.13 661.01 1155.06 764.53 0.561070
6 1157.51 144.94 1265.19 199.84 0.559755
5 1036.72 661.35 1149.13 764.32 0.559295
6 1245.96 295.79 1359.61 385.25 0.555436
6 1106.04 371.89 1223.59 451.92 0.552816
6 1173.69 391.33 1299.07 474.24 0.550525
4 908.15 644.48 1018.98 684.59 0.544782
6 1213.20 237.81 1316.77 317.79 0.540520
6 1246.03 416.43 1359.51 510.02 0.538846
6 1158.22 144.66 1263.83 202.73 0.531356
6 817.15 334.18 1156.00 499.63 0.528235
6 816.47 333.73 1155.59 499.20 0.527182
5 675.27 341.75 743.59 401.51 0.523542
6 1012.68 153.24 1114.90 213.76 0.516695
5 710.98 324.20 783.85 383.75 0.515471
6 1236.63 300.94 1359.98 391.16 0.510066
6 1213.79 240.08 1315.08 310.34 0.506677
6 144.87 254.98 272.93 315.80 0.498449
5 768.99 313.87 835.05 372.28 0.490094
5 674.77 341.29 743.74 402.12 0.488962
5 588.47 353.17 695.30 420.93 0.485904
6 1105.52 371.62 1224.57 450.96 0.485900
5 909.33 646.79 1063.13 764.50 0.485094
5 769.72 313.44 835.51 371.92 0.477510
5 718.22 323.98 783.31 382.84 0.476978
2 236.38 273.26 276.42 301.84 0.472441
6 755.00 626.92 879.53 764.22 0.465137
6 592.27 599.72 761.33 764.34 0.462634
5 588.05 352.66 695.48 421.27 0.453524
6 1173.22 391.67 1298.98 474.05 0.452892
6 868.20 391.22 1007.96 477.64 0.450922
6 592.82 599.74 760.87 764.56 0.449974
5 809.11 302.51 873.77 359.95 0.443600
6 1045.33 340.86 1155.52 417.07 0.434368
6 856.35 206.12 936.50 253.51 0.432183
6 434.09 575.72 638.48 764.25 0.423951
6 754.78 627.07 879.95 764.50 0.413091
6 1246.49 416.51 1359.69 510.26 0.411495
6 1012.91 154.09 1119.61 214.24 0.408823
6 816.08 391.64 895.56 499.11 0.396418
6 1126.27 187.80 1238.98 241.12 0.393261
6 866.85 390.80 1008.01 477.53 0.371397
6 464.17 574.30 644.67 764.68 0.369795
3 1253.52 674.72 1290.82 716.94 0.358669
6 912.45 370.48 1097.10 456.61 0.345694
4 654.10 327.44 703.21 351.34 0.342067
1 1255.95 350.19 1272.94 385.55 0.338152
6 803.98 264.86 907.72 347.55 0.324794
6 325.31 556.31 511.72 756.90 0.317317
2 677.04 328.14 694.21 347.51 0.315866
6 1287.35 251.63 1359.65 310.60 0.311100
6 1044.90 341.24 1146.11 422.99 0.299997
6 0.49 579.43 302.89 764.22 0.296399
6 268.23 551.02 427.45 698.99 0.295018
6 240.97 540.31 374.94 650.72 0.287384
5 855.80 205.98 895.74 247.45 0.287085
5 274.94 540.51 376.05 608.87 0.274573
1 1336.94 228.06 1347.43 252.82 0.274060
4 464.20 556.20 528.94 599.83 0.267804
6 1002.33 333.01 1090.76 397.29 0.260129
6 803.21 263.81 895.79 347.75 0.237058
2 245.75 273.25 278.03 301.01 0.211343
6 1287.11 252.21 1359.88 310.74 0.210298
6 269.05 550.80 427.79 698.54 0.197402
5 862.59 287.73 895.86 347.46 0.196759
5 1324.42 483.61 1359.74 539.77 0.190536
5 867.15 391.80 895.87 441.84 0.168237
6 325.43 556.12 512.74 758.37 0.165668
4 1296.58 184.04 1332.12 213.82 0.146955
3 1126.38 667.11 1144.57 692.48 0.139465
5 1324.32 482.68 1359.85 538.66 0.121929
6 464.12 321.52 520.84 487.50 0.083931
