4 804.46 853.81 883.08 895.40 0.924490
4 885.58 699.25 950.48 777.03 0.907175
4 1095.61 389.39 1142.67 432.83 0.857781
4 972.70 572.12 1029.88 636.97 0.847912
4 789.15 853.52 882.70 964.93 0.847361
4 884.46 699.44 951.73 778.79 0.840104
4 1094.76 388.58 1140.83 433.43 0.828865
4 979.47 572.93 1029.62 636.93 0.827646
4 1138.97 329.21 1182.39 365.84 0.821639
4 1147.99 328.02 1184.86 365.53 0.807834
4 525.59 1269.53 662.68 1441.26 0.789258
4 1208.22 254.28 1240.42 285.82 0.769269
4 1009.19 503.14 1064.80 565.92 0.766429
4 1009.68 502.45 1061.82 564.96 0.765680
4 789.57 854.04 882.32 963.72 0.737704
4 1312.50 215.11 1340.97 248.67 0.730057
4 522.27 1270.75 661.43 1442.04 0.717702
4 623.28 1099.26 734.26 1255.69 0.678481
4 624.48 1099.20 736.32 1254.10 0.653156
4 1214.19 247.51 1245.49 285.58 0.629538
4 1312.63 215.47 1340.06 249.18 0.617747
4 963.52 443.15 993.40 470.11 0.526614
4 62.83 256.43 89.96 271.85 0.508955
4 106.65 243.75 172.85 265.07 0.438275
4 867.27 723.10 895.85 775.75 0.410183
4 716.03 1102.90 735.80 1189.83 0.390106
4 1264.92 193.39 1285.87 206.80 0.327902
5 755.51 137.28 790.12 161.65 0.274399
6 756.06 135.42 789.34 160.30 0.264018
4 1228.48 81.49 1253.42 100.02 0.245603
4 884.94 729.65 895.98 775.81 0.240168
4 1264.26 192.67 1289.48 207.95 0.225291
4 1272.74 115.81 1288.07 125.45 0.158767
4 1759.44 261.64 1793.65 307.55 0.152534
4 1538.90 132.18 1554.24 142.51 0.124515
1 672.03 1165.06 692.22 1200.10 0.123231
1 657.36 1165.70 678.91 1185.93 0.122674
4 1135.40 341.28 1153.25 364.62 0.121326
6 1433.20 165.10 1473.58 187.69 0.119125
4 1587.97 65.86 1597.44 73.94 0.096976
2 1609.59 1162.45 1796.30 1495.59 0.087317
