4 10.05 408.93 154.23 529.31 0.912342
4 10.04 409.09 153.89 529.04 0.911024
4 813.50 157.22 902.47 200.15 0.854276
4 814.21 157.39 903.05 200.62 0.841754
6 881.08 248.84 1069.88 360.67 0.746914
4 846.89 38.19 903.87 63.82 0.723529
6 881.65 248.76 1069.58 360.63 0.712402
4 831.72 10.21 888.31 34.45 0.671244
4 831.84 10.10 889.00 34.71 0.668583
4 849.20 37.81 904.81 63.59 0.640015
4 845.46 28.22 906.38 53.08 0.629023
6 532.69 28.50 624.64 92.49 0.608074
6 668.54 647.11 938.58 764.27 0.584146
5 222.18 511.28 470.77 616.99 0.574474
6 531.75 28.37 624.68 92.94 0.522795
5 222.62 511.09 470.83 616.85 0.511539
7 141.62 600.33 290.13 680.92 0.511113
5 1286.73 282.06 1359.70 390.68 0.501985
5 633.13 74.13 714.99 113.97 0.497470
5 86.34 671.72 395.84 764.75 0.469962
5 241.19 671.93 394.89 764.22 0.463641
6 1207.81 435.77 1359.42 633.27 0.459159
5 283.33 585.57 421.26 693.05 0.452015
6 413.23 82.39 546.40 163.34 0.451929
6 1100.60 439.13 1225.91 596.09 0.435031
4 681.03 564.74 766.39 660.02 0.432300
4 860.41 0.51 903.88 22.41 0.429003
6 399.55 138.16 516.80 184.95 0.419395
4 696.01 507.34 778.54 584.87 0.407085
6 267.04 82.47 548.28 292.97 0.393692
6 414.07 81.44 546.51 164.94 0.389788
4 534.91 46.57 565.23 67.09 0.388494
6 267.97 208.38 396.12 292.64 0.382646
5 1287.20 282.83 1359.81 392.04 0.374572
4 860.04 0.52 902.66 22.43 0.374469
7 142.06 598.44 294.36 680.69 0.373959
6 319.55 377.82 522.59 495.17 0.370115
6 267.94 213.86 395.78 293.00 0.368472
6 1207.64 435.60 1359.69 634.19 0.357817
4 881.11 283.93 895.86 341.38 0.356747
6 267.80 81.29 547.73 292.78 0.351638
6 911.63 421.30 1003.86 563.52 0.346835
6 1003.98 427.44 1104.64 570.90 0.335299
7 1116.30 239.67 1240.33 390.00 0.331497
5 381.95 457.42 500.62 549.09 0.331032
5 382.96 457.56 500.43 548.90 0.326104
6 813.95 406.01 895.77 545.00 0.319776
4 286.54 586.25 420.52 690.84 0.310110
5 1100.78 438.82 1225.58 595.92 0.307855
4 535.65 47.43 563.14 67.82 0.307776
6 668.66 399.16 938.36 764.08 0.293303
6 671.02 399.15 938.73 763.88 0.290757
6 813.12 406.20 899.79 543.94 0.279276
5 1004.03 427.50 1104.88 571.10 0.278779
6 673.01 645.69 895.51 764.22 0.275264
6 845.94 182.21 894.31 263.39 0.261854
6 632.68 0.01 769.50 113.97 0.251479
5 910.56 421.54 1003.66 563.51 0.236522
7 1116.59 239.41 1242.08 390.18 0.229451
6 719.79 399.28 804.29 534.74 0.228895
6 831.83 180.59 911.49 286.50 0.226994
6 87.51 97.72 685.27 762.58 0.226702
6 762.96 174.40 825.32 257.39 0.207701
6 762.50 174.54 825.19 277.26 0.204928
5 674.62 645.67 759.93 759.88 0.204286
4 464.07 459.79 500.51 548.18 0.200088
6 869.50 61.41 934.61 111.73 0.183776
6 868.83 60.72 895.86 110.75 0.181596
6 718.95 398.94 805.35 533.90 0.181499
4 464.16 400.04 522.01 494.73 0.154081
6 1320.20 446.11 1359.79 542.31 0.113134
5 1319.59 447.30 1359.84 542.81 0.112743
6 464.61 99.04 685.19 573.47 0.075938
10 172.91 604.48 214.08 644.45 0.045163
