2 349.23 889.09 397.15 946.47 0.836178
4 844.58 193.57 897.12 219.98 0.820192
2 1354.78 406.78 1392.25 452.98 0.813574
2 1355.10 406.66 1391.58 452.41 0.804098
2 887.56 500.74 921.54 548.69 0.793951
4 844.13 193.93 896.85 220.37 0.790622
2 1211.56 423.99 1245.72 467.66 0.765507
2 937.76 246.63 959.74 284.68 0.745429
4 720.57 201.47 792.96 233.20 0.729184
2 987.20 292.15 1004.63 329.74 0.727396
2 807.54 536.47 830.17 581.70 0.718540
2 1211.40 423.74 1245.13 471.47 0.716871
2 961.00 461.72 987.67 508.49 0.714794
2 349.09 888.61 397.89 947.40 0.706908
2 678.47 321.27 696.43 367.18 0.704375
2 678.65 321.33 696.41 366.55 0.698971
2 887.75 501.20 919.94 549.88 0.698532
2 808.14 537.22 830.69 581.29 0.697231
2 996.44 208.72 1011.83 245.39 0.696989
2 773.48 499.23 799.07 541.05 0.686320
2 961.53 461.63 988.20 508.86 0.673954
2 1146.15 291.95 1165.38 338.90 0.662800
2 937.49 246.75 958.33 285.83 0.659488
2 742.82 475.21 761.91 516.58 0.651143
2 986.18 291.36 1004.55 332.34 0.650880
2 1158.00 439.98 1184.25 489.68 0.650098
2 996.16 208.92 1011.93 246.47 0.647052
2 772.66 498.31 799.36 541.34 0.642079
2 647.01 507.71 667.04 550.12 0.629136
2 1066.36 421.52 1102.85 469.02 0.620711
2 414.40 488.05 435.34 533.96 0.616716
2 414.44 488.21 435.41 534.09 0.614462
2 1115.67 403.79 1143.82 445.18 0.608675
2 743.46 473.93 761.49 515.32 0.607809
2 633.28 538.80 662.37 591.54 0.598490
2 645.41 508.20 666.47 550.79 0.595393
2 503.51 535.45 531.45 576.96 0.573479
2 633.74 540.58 656.53 591.36 0.572942
2 503.21 534.70 529.45 575.90 0.571674
2 1146.19 291.59 1165.50 339.69 0.566575
2 1098.52 388.18 1128.59 436.86 0.526850
2 94.74 589.64 130.43 639.76 0.518928
2 1116.00 403.37 1144.29 449.03 0.512357
2 351.72 645.97 391.97 695.98 0.504065
2 207.75 497.97 233.23 549.02 0.498016
2 1067.27 421.84 1101.25 468.77 0.495855
2 207.54 498.56 234.34 548.72 0.494655
2 1099.86 387.47 1128.47 431.47 0.488662
2 94.41 590.28 130.58 639.53 0.484901
2 270.97 246.81 291.22 289.12 0.478971
2 351.35 646.41 392.51 695.13 0.475525
2 270.23 247.89 291.09 288.88 0.467147
2 313.05 479.24 334.90 525.68 0.447215
2 312.46 480.26 336.20 526.61 0.436948
2 517.82 346.55 541.46 384.57 0.428142
2 312.96 598.20 337.04 638.84 0.394504
2 313.41 597.64 337.76 636.40 0.383504
2 314.67 626.89 350.72 678.52 0.351404
2 182.35 658.64 210.02 711.20 0.340653
2 438.50 550.40 464.10 600.86 0.320331
2 180.38 659.97 206.31 711.54 0.317602
3 119.20 285.55 169.87 348.66 0.310867
2 0.17 621.44 41.47 670.58 0.309872
2 518.60 348.35 542.60 389.69 0.306023
2 22.46 631.41 75.46 687.39 0.272585
2 315.81 629.35 352.21 678.29 0.272435
2 462.56 569.72 488.33 619.62 0.269851
2 1157.39 439.93 1184.28 507.63 0.253012
2 1098.93 427.63 1118.49 482.52 0.250240
2 27.35 632.70 75.86 687.36 0.235651
2 440.36 553.29 465.14 601.28 0.222694
2 884.01 531.02 895.96 558.90 0.218635
2 41.25 283.65 60.75 318.73 0.212282
2 462.76 568.45 501.01 620.01 0.204315
2 0.21 619.57 41.35 670.95 0.192479
2 120.23 274.73 171.71 348.15 0.189355
2 39.93 284.41 60.82 317.12 0.179589
2 0.85 202.49 1397.78 790.83 0.166696
2 24.37 710.50 94.60 768.02 0.153339
2 1098.92 428.10 1119.94 484.37 0.145956
2 1.44 460.33 894.50 812.76 0.121985
2 25.34 711.84 94.97 768.96 0.110481
2 1118.54 440.34 1137.21 493.67 0.102215
7 1096.90 196.11 1138.97 236.00 0.088776
