4 570.70 616.13 605.39 653.78 0.887780
4 570.70 616.83 605.44 654.39 0.882344
4 680.95 382.83 707.62 407.01 0.859657
4 496.42 311.31 521.26 329.29 0.849752
4 496.24 311.50 520.88 330.15 0.834926
4 680.60 382.53 707.87 407.31 0.831781
4 390.00 730.44 431.50 772.68 0.823180
4 788.33 288.78 810.67 305.46 0.793878
6 944.89 623.99 1007.51 665.43 0.792978
5 654.74 333.24 704.42 361.88 0.792205
4 788.62 288.47 810.59 305.97 0.791474
4 808.54 448.67 838.68 472.83 0.760964
4 287.35 184.85 304.80 198.41 0.743253
4 287.29 184.40 304.55 198.05 0.714828
6 1032.59 647.37 1096.59 686.69 0.712234
4 808.22 449.46 840.30 473.80 0.706550
4 353.62 120.20 369.80 130.68 0.682837
4 862.66 404.60 882.24 425.90 0.681935
4 835.38 424.95 863.52 452.22 0.664039
5 655.28 332.47 704.43 361.33 0.663084
4 205.70 211.63 229.17 229.13 0.641110
4 545.34 328.29 583.56 358.95 0.637035
4 863.17 403.59 882.64 426.49 0.634188
4 1065.81 49.76 1084.88 65.35 0.625796
4 888.03 614.71 906.14 629.46 0.618021
5 538.00 329.29 582.97 359.62 0.614949
4 310.16 180.48 326.51 194.60 0.606053
4 1153.91 17.03 1169.35 26.30 0.605830
4 352.71 119.53 370.45 130.25 0.592356
4 836.95 426.27 863.77 452.23 0.588221
5 827.97 390.20 864.39 431.35 0.587467
4 888.08 164.13 905.31 177.56 0.586545
4 236.56 203.89 269.71 229.15 0.584385
4 1344.44 284.93 1369.06 302.00 0.577724
4 310.73 181.22 328.32 194.69 0.573761
4 234.71 203.85 269.77 229.58 0.569289
4 205.25 211.38 228.91 229.29 0.553698
4 1064.26 71.38 1076.92 80.74 0.551070
4 280.36 265.35 298.83 281.09 0.549191
4 279.55 266.34 297.07 281.69 0.547538
4 390.01 731.43 430.89 773.47 0.546647
4 858.48 602.83 886.26 620.14 0.534774
4 1361.36 13.43 1379.25 23.28 0.530048
4 1153.40 16.03 1168.62 25.38 0.527946
4 114.20 191.22 136.47 204.07 0.527443
4 1064.77 47.50 1084.17 65.01 0.521313
4 828.65 173.80 850.01 191.94 0.519114
4 861.46 603.09 883.59 619.71 0.514058
4 957.51 303.38 974.07 316.52 0.512678
9 945.09 624.17 1007.60 664.20 0.503055
3 939.13 288.19 962.80 309.95 0.501890
4 127.33 360.62 169.69 400.43 0.497937
4 1237.26 35.25 1253.52 45.24 0.490375
4 828.77 174.28 849.96 192.39 0.480506
4 186.09 305.31 219.59 325.24 0.470283
4 41.98 287.75 64.24 302.09 0.469228
4 926.88 99.77 950.98 113.65 0.462802
5 882.18 193.91 910.63 220.42 0.461896
4 925.99 99.34 951.03 113.60 0.461693
4 957.57 304.21 973.57 316.71 0.461618
4 1344.84 284.28 1369.13 301.92 0.453562
4 331.76 293.50 347.69 303.78 0.439278
4 939.31 287.50 963.10 310.86 0.432555
4 888.08 615.34 906.22 630.11 0.431267
4 159.51 320.02 192.96 338.60 0.418055
6 827.94 389.65 865.32 430.83 0.415295
4 127.09 360.90 170.25 400.33 0.412840
4 1237.72 34.69 1253.50 44.98 0.409009
4 113.10 191.60 136.64 204.47 0.405631
5 881.57 193.33 910.26 221.43 0.402173
4 0.10 334.50 23.02 356.96 0.401927
4 352.54 151.09 364.24 163.53 0.401896
4 309.28 418.07 325.23 438.66 0.388461
4 1064.71 70.72 1077.17 80.62 0.388244
4 854.02 204.17 869.68 217.84 0.379071
4 332.87 293.74 347.46 304.00 0.373484
5 308.06 264.81 347.39 291.89 0.363519
4 0.21 334.71 23.71 357.04 0.361439
5 308.00 265.09 347.17 290.42 0.356501
5 153.56 239.24 192.43 260.48 0.348777
6 1032.15 648.42 1065.88 678.54 0.341262
4 1361.66 13.48 1379.59 22.89 0.340625
4 395.62 113.79 412.05 127.39 0.326144
6 1031.90 648.06 1097.41 689.47 0.325454
4 42.18 287.98 60.93 300.98 0.325396
4 354.26 150.63 366.98 163.04 0.312647
4 396.14 114.40 412.07 127.43 0.310297
4 159.91 299.64 188.41 316.12 0.301878
4 988.51 55.19 1007.51 70.13 0.301405
4 372.22 76.58 390.90 87.85 0.298840
4 893.34 132.09 910.59 145.29 0.294785
4 1218.43 54.63 1247.51 67.65 0.286093
4 947.59 119.10 959.69 129.52 0.285904
4 270.97 283.53 284.81 293.53 0.276962
4 913.97 167.40 924.55 176.66 0.274924
4 1035.00 386.83 1050.68 398.68 0.274845
4 1308.67 226.31 1325.63 238.94 0.274121
6 158.69 304.79 218.95 338.61 0.255756
4 988.26 55.76 1007.37 69.76 0.252118
4 916.23 118.74 932.72 129.21 0.240344
4 863.78 148.78 885.29 165.09 0.237733
6 148.65 239.05 193.89 269.20 0.237386
4 234.77 211.84 250.88 225.59 0.233699
6 858.35 624.60 894.77 695.93 0.232545
4 948.14 119.40 960.15 128.63 0.228417
4 887.86 164.00 906.02 178.00 0.228023
4 665.79 322.79 684.88 336.05 0.227807
4 1300.57 205.25 1315.87 216.35 0.226806
4 913.92 168.11 922.88 176.53 0.221590
4 1089.54 24.80 1102.27 35.39 0.216156
4 412.56 563.68 430.43 578.63 0.211431
4 766.03 292.30 774.35 300.29 0.210735
4 1300.64 205.78 1315.50 218.42 0.205131
6 952.83 429.28 983.65 453.98 0.202857
4 894.35 131.86 910.91 144.53 0.201850
4 887.72 164.80 895.78 176.50 0.200261
3 409.55 246.54 422.99 269.06 0.200143
4 939.47 297.56 953.62 310.34 0.197254
4 1280.82 41.10 1298.96 52.54 0.193315
9 364.42 133.90 402.16 173.77 0.175855
4 972.21 708.14 988.36 723.76 0.172886
4 1224.17 292.97 1238.70 306.78 0.171831
4 945.36 637.95 962.03 651.20 0.161874
6 952.80 430.54 984.53 454.99 0.158234
4 1235.25 55.37 1249.53 64.02 0.144759
6 1158.62 266.64 1196.22 283.32 0.142074
4 1331.26 22.41 1344.23 31.42 0.140239
4 1103.18 46.11 1111.00 52.76 0.135447
6 1020.93 360.37 1045.79 384.77 0.108731
6 1263.07 1.00 1293.91 21.75 0.093421
9 355.71 134.66 397.10 164.79 0.073513
9 364.52 124.72 415.58 174.06 0.071745
