4 710.46 739.76 730.43 773.00 0.789461
4 701.31 694.46 723.89 729.23 0.776507
5 611.02 694.03 651.15 722.42 0.766564
4 673.92 1016.90 701.58 1048.61 0.734151
4 645.79 810.14 671.00 859.26 0.721286
4 643.49 766.31 666.09 806.99 0.700370
4 736.28 941.66 768.85 1010.02 0.696575
4 726.49 871.51 756.52 930.23 0.682357
4 701.02 694.64 723.87 729.01 0.681394
4 712.06 739.93 729.99 772.05 0.644066
4 643.02 766.70 666.08 806.55 0.641726
5 605.78 694.30 650.81 724.48 0.619272
4 736.80 941.70 768.61 1011.35 0.588686
4 617.95 486.76 635.45 506.30 0.587290
4 675.12 1018.97 701.64 1048.55 0.582177
4 719.71 828.20 745.35 869.68 0.573597
4 645.63 810.70 671.06 859.45 0.552550
4 690.06 618.56 723.20 642.09 0.513528
4 594.95 669.30 630.13 689.67 0.512949
4 726.44 871.05 757.51 930.54 0.505872
4 642.66 573.57 658.43 600.65 0.503204
4 726.74 871.13 750.96 895.78 0.494591
4 661.12 476.12 673.01 491.53 0.472522
4 720.01 828.57 745.35 870.05 0.466850
4 595.12 669.18 630.23 689.05 0.463820
4 621.64 429.19 633.85 447.59 0.457610
4 639.18 954.35 665.65 1005.50 0.424308
4 643.08 573.66 658.60 599.75 0.422893
4 664.68 537.72 682.32 557.76 0.394640
4 625.81 536.94 639.15 559.30 0.383277
4 619.24 486.65 635.25 505.69 0.373627
4 660.56 475.43 673.54 491.37 0.364438
4 694.14 576.57 722.65 599.33 0.352896
4 621.87 429.19 634.37 448.04 0.344841
4 644.66 415.21 660.94 426.90 0.336847
4 621.77 397.46 632.39 412.86 0.314058
4 672.46 573.11 691.76 592.18 0.300694
4 589.98 583.35 613.63 605.75 0.300422
4 622.40 399.64 632.22 412.58 0.293444
4 694.44 811.23 704.78 829.38 0.275074
4 644.60 415.61 658.31 427.79 0.274975
4 629.03 652.10 645.09 671.26 0.267624
4 625.62 537.33 639.03 559.15 0.253182
4 605.02 697.66 626.76 722.45 0.251862
4 589.69 583.75 612.84 605.32 0.237887
4 689.90 618.62 724.12 642.27 0.228927
4 647.81 369.21 659.54 381.42 0.224242
4 1151.54 568.74 1183.85 583.05 0.221880
4 669.34 505.26 683.92 517.33 0.213385
4 665.45 536.91 685.02 557.55 0.201683
4 638.58 955.87 665.90 1008.51 0.167692
3 641.42 872.03 672.69 912.73 0.165045
1 679.97 871.63 689.65 893.98 0.158605
6 692.68 536.77 704.59 555.51 0.098908
9 851.39 200.84 895.76 230.71 0.048628
