4 292.89 1264.98 360.03 1353.09 0.949262
4 437.46 1066.05 488.46 1133.82 0.941149
4 751.42 876.02 800.51 906.52 0.939689
4 565.98 830.08 629.81 858.86 0.934687
4 566.07 829.94 629.53 859.22 0.929346
4 662.04 1470.04 725.08 1499.81 0.926992
4 290.74 1264.76 361.32 1354.63 0.926164
4 438.59 1066.60 488.65 1134.08 0.919742
4 1840.76 1139.30 1955.24 1188.28 0.911379
4 838.77 937.82 893.42 988.06 0.910436
4 749.28 875.07 798.22 906.91 0.907704
4 808.53 734.30 850.84 765.16 0.900019
4 645.61 780.72 683.49 821.49 0.899353
4 114.99 1239.31 178.25 1299.14 0.891415
4 743.32 718.95 776.88 748.71 0.889082
4 772.07 1257.30 821.76 1303.73 0.888976
4 808.13 733.27 850.87 765.50 0.881953
4 743.40 718.42 777.36 748.57 0.874005
4 322.25 964.71 381.62 1022.83 0.872553
4 839.59 938.43 902.60 987.30 0.870098
4 229.43 1071.04 298.17 1143.19 0.864530
4 735.64 1208.28 784.63 1271.58 0.863697
4 1828.07 1287.29 1895.18 1366.31 0.860528
4 735.94 1208.28 783.87 1273.51 0.859861
4 798.89 478.07 822.16 499.29 0.859670
4 1786.79 1209.68 1848.61 1282.05 0.856880
4 762.72 1129.34 807.86 1188.60 0.855542
4 1839.66 1140.77 1956.95 1188.17 0.855167
4 323.66 964.32 382.00 1022.79 0.854475
4 114.76 1238.07 178.38 1299.53 0.853985
4 1635.13 1201.93 1689.22 1266.74 0.853512
4 884.32 529.43 912.36 551.85 0.851765
4 843.52 551.56 867.63 574.53 0.846635
4 229.23 1071.74 298.27 1143.72 0.846117
4 1577.75 1195.11 1634.59 1264.91 0.845596
4 1827.55 1211.54 1897.12 1280.67 0.845581
4 1531.18 1082.08 1566.82 1120.62 0.832477
4 1682.95 1204.28 1745.06 1277.44 0.829313
4 511.43 887.02 550.65 937.23 0.827716
4 763.55 1129.07 807.46 1186.46 0.827186
4 1737.65 1213.93 1798.37 1278.05 0.825216
4 1609.04 1087.59 1649.85 1137.57 0.823180
4 511.89 883.94 555.81 937.60 0.822065
4 1478.35 1194.25 1532.78 1263.57 0.821943
4 1525.56 1192.88 1583.87 1264.92 0.821007
4 899.51 678.55 926.96 704.49 0.820712
4 776.19 1077.68 812.27 1126.95 0.808075
4 1609.77 1271.28 1669.74 1338.14 0.804506
4 1429.17 1191.80 1477.83 1254.20 0.803630
4 798.94 478.47 821.64 499.35 0.798199
4 836.46 418.45 857.12 436.53 0.794308
4 63.26 1357.26 103.33 1409.15 0.792588
4 645.73 569.32 674.35 594.69 0.791002
4 1662.64 1277.75 1733.12 1344.57 0.790548
4 843.87 551.64 864.62 574.59 0.782095
4 1929.88 1274.21 1999.45 1381.05 0.777057
4 771.06 1256.42 821.47 1304.34 0.767726
4 1427.88 1056.23 1474.07 1128.02 0.765919
4 1934.85 1213.55 1999.57 1287.31 0.764800
4 757.20 429.28 779.44 449.16 0.762582
4 1478.51 1071.78 1519.20 1131.11 0.757221
4 518.02 822.42 541.51 855.75 0.756225
4 845.52 373.43 864.02 392.78 0.755318
4 924.18 371.07 944.32 386.55 0.747909
4 705.03 576.21 720.36 597.54 0.747532
4 646.53 781.34 679.30 821.32 0.744765
4 617.15 615.47 639.33 639.41 0.742165
4 672.99 534.97 697.69 556.85 0.741921
4 776.45 1088.54 815.29 1127.11 0.740837
4 1523.08 1071.01 1567.10 1121.33 0.738049
4 180.82 1145.12 241.03 1219.43 0.732560
4 875.08 356.19 893.23 373.42 0.730382
4 836.78 420.24 855.05 435.84 0.728682
5 1927.84 1273.96 1999.59 1381.46 0.724829
4 1716.45 1285.36 1783.86 1349.19 0.716991
4 645.31 571.12 673.24 596.49 0.708905
4 887.87 531.90 910.69 552.48 0.694893
4 1502.38 1267.94 1563.33 1333.87 0.685158
4 176.41 1146.02 242.26 1220.04 0.684360
4 710.95 491.29 729.00 510.90 0.680527
4 1474.52 1069.71 1518.55 1130.28 0.675347
4 951.93 314.70 970.42 331.41 0.675120
4 899.49 680.22 923.42 704.82 0.674611
4 661.99 1469.13 718.59 1499.75 0.672970
4 673.41 533.10 698.63 556.65 0.671670
4 1827.80 1286.86 1895.65 1366.82 0.670195
4 1658.05 1070.58 1719.82 1144.30 0.669083
4 847.32 377.62 862.73 392.28 0.667304
4 1769.12 1280.39 1845.40 1363.23 0.665914
4 876.16 359.10 891.85 372.42 0.663296
4 1607.95 1270.74 1672.65 1340.69 0.658476
4 1632.56 1201.99 1688.96 1266.73 0.657189
4 1428.11 1192.52 1475.50 1253.99 0.656243
4 445.34 877.48 480.99 913.93 0.653264
4 1477.13 1193.65 1530.79 1262.77 0.650726
4 1356.65 1232.62 1384.83 1316.31 0.644311
4 980.79 291.36 1012.81 311.04 0.638572
4 1577.88 1194.68 1611.78 1263.03 0.635315
4 691.43 517.19 715.02 536.67 0.632609
4 1829.27 1212.23 1899.21 1280.77 0.629119
1 919.91 1119.60 930.02 1147.30 0.620518
4 924.83 487.41 944.71 506.65 0.608431
4 1428.67 1056.41 1476.24 1127.57 0.605526
4 1784.39 1209.75 1848.54 1282.79 0.601644
4 613.87 615.09 640.62 640.94 0.599997
1 846.71 1229.71 859.33 1258.53 0.597924
4 1499.56 1267.64 1559.66 1334.65 0.592399
4 1679.10 1203.47 1743.37 1278.34 0.589829
1 892.74 1127.51 904.35 1158.96 0.586044
4 757.38 436.42 772.68 451.26 0.581461
4 1526.50 1192.82 1585.14 1266.90 0.576857
4 1659.11 1070.92 1719.37 1143.40 0.568564
1 871.48 1122.41 884.19 1151.56 0.567523
4 725.60 473.93 744.87 491.44 0.564345
4 564.89 832.92 588.53 855.89 0.562962
4 0.26 1397.11 50.52 1489.74 0.562595
4 1555.14 1264.54 1611.75 1338.60 0.558616
4 1713.56 1280.57 1783.15 1348.42 0.558113
4 927.97 371.46 943.43 386.90 0.557739
4 690.58 516.67 712.36 536.67 0.552656
4 1933.66 1213.14 1999.81 1286.57 0.546023
4 936.96 556.07 958.90 577.06 0.541916
4 954.58 317.68 971.28 330.93 0.538048
4 1660.52 1276.13 1729.82 1345.43 0.536037
4 1597.20 1071.34 1648.91 1138.52 0.535275
4 1355.97 1234.54 1384.46 1315.47 0.526836
4 1556.55 1264.79 1615.68 1336.99 0.524217
4 950.51 507.85 967.52 527.88 0.521749
4 485.73 475.96 510.58 492.48 0.517823
4 709.90 490.78 731.46 511.22 0.517121
4 556.69 686.77 580.49 713.00 0.510466
1 884.91 719.45 903.97 763.50 0.510230
4 1731.54 1205.48 1798.79 1280.35 0.507151
5 1334.80 553.36 1383.65 587.86 0.497042
2 1150.34 351.02 1224.85 405.38 0.496539
4 851.69 1074.25 886.32 1104.27 0.481924
4 597.21 638.56 618.67 661.70 0.475071
4 653.05 599.57 669.95 618.22 0.474735
4 0.09 1396.49 50.86 1484.85 0.473789
4 748.15 460.54 763.62 478.69 0.466290
4 960.49 250.38 980.39 264.42 0.459200
4 886.32 529.69 895.88 551.71 0.458650
2 869.34 1116.60 931.60 1161.90 0.457664
4 594.73 636.56 622.42 663.00 0.454921
4 716.05 732.02 736.99 757.50 0.450778
4 1770.34 1279.65 1847.41 1364.01 0.449004
4 518.33 821.27 539.33 854.79 0.444463
4 63.55 1358.85 102.02 1411.39 0.433992
4 725.56 474.52 743.38 490.72 0.423773
4 915.94 614.31 941.75 635.98 0.421845
1 845.64 1227.31 861.70 1258.36 0.410675
4 579.65 665.48 597.09 684.64 0.405103
4 1507.32 386.96 1544.01 401.33 0.400970
4 802.84 374.48 815.89 389.83 0.390274
2 774.42 903.05 790.09 927.05 0.388619
4 1420.04 535.73 1444.75 557.02 0.382941
4 736.34 458.01 755.80 478.72 0.380222
4 913.96 275.05 926.25 287.15 0.379389
4 559.64 686.99 580.28 711.65 0.379110
4 923.89 598.14 943.50 615.96 0.378107
4 706.40 578.58 719.04 597.84 0.372209
1 890.22 721.53 900.06 741.68 0.369561
4 909.31 639.22 936.12 674.92 0.364270
1 838.06 791.88 849.47 815.47 0.361362
4 912.54 577.40 925.56 594.90 0.358604
3 188.35 1263.14 211.30 1294.69 0.355708
4 1447.92 442.54 1477.35 455.59 0.354122
4 839.17 319.77 861.21 337.52 0.351396
1 918.09 1117.66 931.94 1146.19 0.344008
4 909.25 657.15 932.65 681.51 0.341084
1 189.08 1263.48 209.60 1294.22 0.338669
4 1419.03 538.14 1442.23 558.16 0.337553
4 937.17 559.71 956.62 579.18 0.337172
4 914.76 274.10 928.49 286.80 0.336557
4 651.88 603.90 670.35 618.89 0.330800
4 961.02 253.95 979.72 264.57 0.330173
3 808.64 1484.27 851.65 1499.87 0.329459
4 994.94 200.91 1011.42 216.23 0.329021
4 580.06 661.86 603.34 686.79 0.327977
4 1452.31 1257.52 1506.98 1331.48 0.320417
4 910.75 636.57 934.44 660.01 0.319826
1 418.48 864.59 430.61 886.06 0.318503
4 802.12 372.87 818.94 389.53 0.317807
4 917.85 617.44 942.19 640.74 0.315176
4 632.08 868.81 652.94 886.63 0.310228
4 611.90 431.02 631.11 443.31 0.297653
1 880.64 669.09 890.25 689.86 0.293102
6 763.40 375.10 803.67 399.28 0.292821
4 493.14 249.08 510.27 262.56 0.292599
4 1008.13 349.67 1029.64 365.41 0.290397
4 943.32 435.90 958.91 454.67 0.286868
4 573.31 435.46 607.29 445.10 0.280762
4 856.62 1072.90 885.30 1097.55 0.278504
5 1457.12 1262.60 1507.32 1331.44 0.277322
2 888.67 1124.47 905.65 1160.33 0.274207
1 863.54 754.31 874.41 774.72 0.273872
1 381.85 905.61 393.54 928.43 0.272061
3 528.47 725.82 546.23 753.10 0.271497
4 951.10 508.37 969.45 529.22 0.269315
4 1309.69 836.91 1341.35 858.98 0.264968
1 852.14 1346.86 873.49 1386.96 0.260273
1 851.90 805.97 864.07 829.22 0.259195
3 894.84 1142.64 906.61 1161.14 0.259111
4 854.56 858.98 875.29 876.90 0.258262
4 955.37 751.66 969.07 772.85 0.256976
6 1525.04 1041.59 1569.16 1085.60 0.255739
4 923.88 600.19 945.10 617.27 0.254129
4 830.22 341.63 842.63 356.53 0.252262
3 444.51 887.68 476.04 915.43 0.251051
4 917.50 247.26 936.24 264.21 0.250789
4 1450.53 537.11 1485.99 558.00 0.241261
1 774.80 901.06 790.46 928.02 0.238239
4 1505.42 366.22 1542.47 400.75 0.237554
4 961.52 268.34 975.85 279.35 0.236415
2 457.06 877.07 473.38 902.52 0.232734
4 1440.91 441.31 1475.40 456.63 0.229665
2 852.34 1344.77 872.35 1385.71 0.226888
4 538.49 433.96 552.36 443.20 0.216014
4 854.15 310.71 866.05 321.44 0.206026
4 1309.80 839.74 1340.64 859.17 0.200758
4 565.86 832.61 590.59 856.18 0.177189
4 981.87 192.32 993.45 201.67 0.176891
1 20.70 1442.80 42.68 1473.71 0.175145
3 887.25 736.28 909.48 764.88 0.172097
4 716.60 512.66 729.05 527.99 0.172027
1 942.54 669.21 951.61 688.12 0.171574
4 961.04 218.97 971.98 229.10 0.170444
4 1543.57 416.61 1569.94 427.41 0.170268
4 875.51 283.39 886.96 295.68 0.168113
2 614.45 674.00 624.90 693.75 0.165535
6 1525.79 1043.49 1566.25 1080.35 0.162094
4 1597.65 1071.23 1611.73 1129.17 0.159586
6 982.05 291.76 1012.92 310.01 0.157489
4 951.13 371.92 964.67 383.13 0.156966
2 853.97 854.69 863.77 876.31 0.153312
4 1447.78 538.59 1473.85 559.69 0.152682
4 998.88 198.28 1009.37 207.68 0.148101
2 954.24 748.71 966.40 772.74 0.146912
4 1506.87 369.74 1524.41 381.65 0.136640
2 809.04 1484.16 852.16 1499.82 0.133783
4 912.92 577.32 924.79 595.26 0.131338
6 1571.51 1040.02 1611.64 1077.61 0.127997
4 963.03 456.59 971.53 469.80 0.127011
4 1420.74 467.42 1443.65 478.79 0.125727
4 861.69 678.39 873.27 690.50 0.125716
4 1321.66 885.33 1354.33 909.14 0.125177
4 1399.24 236.86 1421.14 260.27 0.116112
4 1335.70 937.96 1369.77 967.69 0.105966
4 1355.87 466.25 1380.41 487.70 0.101936
4 1427.55 443.01 1445.29 453.68 0.098661
4 1517.11 423.69 1533.60 436.86 0.078906
