4 764.14 434.31 930.39 516.07 0.937773
4 735.65 542.59 895.70 637.02 0.927028
4 763.88 435.32 895.80 515.23 0.909409
4 339.93 199.91 453.37 245.66 0.879662
4 735.14 542.34 923.28 636.11 0.878958
4 199.95 314.89 311.46 373.72 0.870348
4 340.15 199.84 453.78 245.69 0.858204
4 257.45 283.47 397.76 342.94 0.848838
4 257.30 282.65 397.88 343.29 0.848646
4 740.31 280.04 849.19 323.50 0.837037
4 200.24 314.48 311.51 373.72 0.829795
4 571.00 28.63 635.76 58.85 0.820233
4 738.77 305.69 877.62 369.08 0.817560
4 249.17 663.78 474.36 763.80 0.814498
4 731.92 167.83 820.69 205.69 0.809473
4 397.49 327.32 543.16 385.65 0.809185
4 570.57 28.59 635.87 58.25 0.807062
4 738.34 305.10 877.32 369.23 0.803921
4 396.39 326.54 543.47 385.66 0.793907
4 736.98 254.48 850.27 303.44 0.793339
4 741.41 230.90 843.87 271.67 0.787788
4 527.26 100.45 604.95 131.60 0.786899
4 462.94 230.20 571.71 275.12 0.784061
4 301.96 520.67 500.55 613.95 0.783377
4 351.96 453.28 518.91 537.15 0.781693
4 250.19 663.46 473.75 764.07 0.781455
5 232.21 217.47 402.79 302.35 0.781170
4 526.54 99.60 605.61 131.64 0.780259
5 231.31 217.28 402.30 302.95 0.777368
4 280.03 592.98 472.33 688.87 0.769892
4 463.33 230.17 572.66 275.56 0.766502
4 419.59 294.12 551.49 348.89 0.761806
4 731.02 168.03 820.95 205.58 0.761444
4 739.80 281.64 848.79 322.66 0.760255
4 457.04 253.92 581.70 314.52 0.758216
4 391.21 359.89 540.46 428.19 0.748557
4 419.14 293.80 551.90 349.56 0.745372
4 740.27 190.41 837.73 232.05 0.741410
4 456.87 253.82 582.52 314.15 0.741077
4 391.35 361.03 540.99 427.92 0.737299
4 351.91 453.01 519.50 537.47 0.736248
4 735.23 87.97 796.25 117.90 0.729787
4 722.03 35.82 787.20 60.33 0.720170
4 379.54 397.84 525.63 476.58 0.718748
4 734.31 85.12 796.78 117.90 0.715266
4 737.53 254.89 850.21 302.79 0.711485
4 729.68 63.34 797.68 92.92 0.709398
4 721.61 35.94 786.37 60.51 0.704044
4 737.94 209.56 837.46 244.38 0.700509
4 740.05 189.58 834.54 225.81 0.695515
4 477.82 188.01 585.83 224.93 0.693683
4 554.91 46.75 619.51 80.81 0.692466
4 512.27 119.45 597.29 152.88 0.692234
4 378.65 397.71 525.42 476.46 0.681422
4 491.94 169.45 587.42 203.40 0.677545
4 478.82 202.09 584.97 249.15 0.677059
4 302.98 521.58 499.26 614.21 0.674927
4 741.44 231.43 843.48 271.11 0.668510
4 494.82 152.58 588.03 180.91 0.662524
4 478.20 189.32 586.22 223.71 0.661903
5 549.39 47.27 617.72 93.33 0.657659
4 513.06 119.71 598.03 155.06 0.655341
4 730.34 64.69 797.21 92.50 0.653331
4 492.13 169.54 587.82 203.99 0.651963
4 493.29 152.25 589.30 184.44 0.631621
4 279.90 593.24 472.52 688.41 0.631075
4 718.51 13.66 778.34 42.10 0.624140
4 478.51 202.88 584.80 248.39 0.611402
5 549.83 60.01 610.20 93.16 0.578212
4 509.61 136.06 588.89 166.09 0.562071
4 719.33 13.24 778.61 40.79 0.555255
4 770.93 304.41 867.10 338.27 0.525960
4 509.46 135.24 587.89 165.54 0.515709
4 464.12 461.71 517.97 537.49 0.490546
4 770.69 304.27 869.32 339.24 0.487378
4 464.10 539.04 499.97 610.82 0.448119
4 464.08 627.15 471.67 681.11 0.119178
6 793.01 0.32 895.68 260.04 0.074525
