4 860.95 445.83 962.13 502.29 0.940395
4 605.40 409.45 712.78 461.62 0.922241
4 881.65 69.05 974.39 115.33 0.911002
4 860.63 444.70 962.21 503.69 0.909528
4 483.40 119.05 563.31 164.83 0.903710
4 881.85 68.53 974.20 114.77 0.895185
4 605.13 408.54 713.39 462.30 0.880557
4 1223.81 1019.91 1305.15 1061.19 0.863886
4 1158.05 315.82 1208.98 397.38 0.813766
4 1223.07 524.09 1296.62 620.98 0.796039
4 860.89 450.68 895.77 503.42 0.792797
4 980.98 234.22 1030.98 303.78 0.767424
4 1287.17 516.39 1368.04 619.22 0.759409
4 1158.21 316.19 1208.75 397.38 0.758329
4 1212.97 189.80 1274.24 271.96 0.747863
4 980.58 233.95 1030.42 303.56 0.729887
4 400.01 394.25 452.30 483.08 0.712753
4 868.33 243.13 919.31 325.65 0.707105
4 484.04 129.45 559.65 165.25 0.699364
4 969.13 693.91 1036.58 817.84 0.691235
4 810.98 246.04 860.63 329.24 0.687856
4 948.86 568.46 1009.79 671.45 0.683695
4 1212.99 190.10 1274.67 272.14 0.675975
4 1222.36 524.27 1296.54 620.30 0.672251
4 548.33 284.12 596.15 369.21 0.659258
4 548.37 283.91 595.30 368.96 0.651574
4 969.58 693.60 1036.73 818.24 0.651083
4 1154.16 534.62 1233.28 640.13 0.649133
4 1153.60 534.25 1232.50 640.63 0.641986
4 948.15 568.13 1009.87 671.51 0.639444
4 915.69 226.99 964.05 305.46 0.626140
4 751.60 253.66 795.79 338.48 0.625013
4 916.18 227.32 963.37 305.68 0.616000
4 811.13 245.90 860.89 330.01 0.614374
4 604.09 294.00 660.82 375.30 0.602135
4 1287.39 516.24 1367.76 619.52 0.597177
4 399.93 394.30 450.94 482.88 0.590598
4 1224.65 1020.98 1302.08 1054.51 0.578696
4 751.76 253.96 795.61 340.05 0.575038
6 216.61 0.00 349.93 30.38 0.546471
4 1095.94 549.11 1170.30 648.00 0.521147
4 1324.89 9.48 1391.89 39.86 0.510756
3 519.97 738.56 557.76 771.97 0.459625
4 595.55 609.84 650.97 720.44 0.456754
4 869.09 243.13 895.80 325.60 0.449846
4 1095.83 549.55 1171.72 648.01 0.425063
4 1308.59 1047.81 1364.13 1073.04 0.401125
1 679.57 603.31 699.86 634.52 0.383033
4 881.61 77.62 895.82 113.40 0.381751
4 526.36 596.82 582.27 721.52 0.371152
4 359.48 596.11 386.84 628.40 0.366722
4 595.27 609.39 651.36 719.73 0.334636
2 1323.59 8.37 1392.97 40.76 0.320743
4 401.11 600.54 432.82 653.24 0.317731
6 1524.18 451.14 1610.63 523.93 0.315893
6 1791.41 699.58 1915.65 850.56 0.293756
2 1057.57 773.13 1119.52 810.88 0.292309
1 791.74 587.09 826.50 646.91 0.284255
5 735.56 586.66 786.41 689.64 0.264855
5 400.59 595.39 440.17 660.93 0.258195
2 248.41 610.78 262.77 633.86 0.249342
2 36.02 295.64 51.50 315.40 0.242500
1 1246.14 691.07 1260.05 720.50 0.230197
1 819.15 636.90 858.28 691.01 0.228637
4 1294.67 1040.56 1364.29 1071.86 0.218990
1 844.89 721.85 873.42 769.37 0.218888
3 739.31 693.04 774.25 719.24 0.216521
4 1443.56 16.87 1471.92 38.73 0.203749
4 745.63 649.60 784.03 688.92 0.196999
6 716.59 565.42 934.81 876.77 0.194209
2 1366.81 9.34 1392.60 34.53 0.183504
10 672.72 657.04 719.95 713.84 0.177291
3 805.39 644.02 863.56 718.31 0.171752
6 603.48 299.97 661.44 375.01 0.170198
2 616.62 419.31 629.88 441.79 0.168933
2 705.19 630.71 730.41 666.13 0.158244
4 526.20 596.02 582.36 722.00 0.156073
3 519.37 725.88 578.35 771.82 0.142743
1 1057.57 779.73 1079.03 810.39 0.137839
1 1247.55 897.65 1263.63 919.00 0.132441
1 1136.57 887.85 1156.27 935.94 0.124478
4 1020.07 724.75 1036.17 816.28 0.122547
4 1445.10 16.25 1471.04 36.79 0.114781
5 734.61 586.71 786.54 689.31 0.112192
4 1020.02 250.06 1031.62 300.56 0.106498
3 895.32 741.99 952.06 817.82 0.106349
2 1805.33 188.12 1824.92 215.85 0.070931
4 1749.53 827.33 1781.27 854.88 0.055405
