6 248.50 345.98 840.54 512.06 0.904514
6 247.67 346.22 840.83 511.23 0.882776
6 912.62 0.17 1079.58 50.15 0.864503
6 913.48 0.20 1079.91 50.15 0.843079
6 316.19 248.74 854.09 378.79 0.839825
6 552.21 76.86 817.91 136.09 0.820607
6 552.98 76.22 816.94 136.02 0.817543
6 497.23 135.86 836.36 199.48 0.790076
6 464.44 249.43 853.73 378.54 0.768112
6 497.15 134.40 838.75 199.44 0.764262
6 445.06 185.38 799.05 271.93 0.721325
6 444.12 166.97 798.90 272.01 0.696253
6 574.92 0.21 740.76 33.00 0.681252
6 1277.98 13.53 1359.57 79.01 0.663585
6 225.02 585.09 879.93 764.06 0.648203
5 1277.55 13.52 1359.81 79.63 0.647287
6 451.57 38.59 769.96 113.80 0.645157
6 454.48 38.22 770.24 111.88 0.578499
6 575.38 0.33 727.55 32.81 0.574230
4 896.08 0.00 927.75 25.73 0.564423
4 895.74 0.04 926.42 26.06 0.514703
2 561.00 179.02 593.58 199.86 0.471318
4 224.96 584.51 343.44 736.44 0.457823
6 225.06 584.86 879.37 764.30 0.415801
4 859.13 117.50 900.66 172.76 0.397136
4 858.16 117.42 895.61 169.13 0.369720
4 1316.53 93.88 1359.83 131.53 0.366842
4 225.38 584.44 343.45 735.64 0.338289
4 1109.20 0.00 1140.71 8.78 0.273870
5 834.91 133.03 878.64 197.84 0.270029
5 605.82 118.26 644.02 146.53 0.267203
5 830.55 174.27 871.51 209.89 0.254946
6 249.03 1.91 897.86 512.73 0.241493
5 834.98 133.03 878.13 197.36 0.236827
5 806.90 193.95 872.26 281.57 0.223770
4 1339.17 122.87 1359.89 175.46 0.132168
10 338.18 366.49 394.79 405.07 0.122758
10 338.23 368.02 394.56 403.73 0.061181
