6 602.86 425.25 1163.88 647.88 0.920097
4 825.97 6.24 895.62 42.18 0.892040
4 1263.99 191.95 1341.69 250.07 0.889104
4 1183.85 160.20 1267.43 209.34 0.888901
6 604.23 425.07 1164.22 647.89 0.885688
4 826.21 7.21 902.03 41.71 0.880811
4 1184.10 159.56 1267.88 209.92 0.872249
4 1263.80 192.36 1341.79 250.25 0.871596
4 1152.23 138.41 1232.65 184.65 0.864362
4 1152.14 138.31 1232.25 184.73 0.863288
3 692.76 145.00 715.91 189.32 0.837055
6 557.43 272.83 976.35 461.67 0.823478
6 391.50 199.89 767.40 368.60 0.817517
6 392.35 199.87 767.69 369.59 0.809336
4 870.37 21.54 913.16 55.90 0.807827
6 556.88 273.38 976.58 459.92 0.790483
6 464.23 117.43 691.83 228.72 0.779575
5 491.47 52.76 620.29 115.41 0.773044
4 772.34 0.00 870.53 18.31 0.772511
6 407.76 113.35 690.56 228.94 0.760682
6 489.60 53.42 618.93 115.46 0.746892
4 772.64 0.00 874.29 18.86 0.734162
6 1035.34 55.20 1218.69 182.76 0.730623
6 912.53 31.70 1084.18 131.88 0.724295
6 913.18 30.88 1084.06 131.45 0.710592
6 1035.45 54.95 1218.01 182.64 0.702832
6 380.67 0.33 578.01 97.13 0.702553
4 870.13 21.77 895.85 56.01 0.687144
4 1329.53 217.24 1359.76 270.37 0.678326
3 692.66 145.06 715.48 189.81 0.664823
4 1329.34 217.90 1359.79 270.24 0.656122
6 1109.24 637.43 1359.37 764.35 0.571800
6 464.08 0.50 578.06 95.89 0.482892
6 380.65 0.40 520.66 67.45 0.465473
5 768.34 192.33 841.76 292.91 0.437500
6 1114.64 636.70 1359.58 764.37 0.363280
5 771.21 192.78 842.71 292.21 0.316989
4 1039.70 91.67 1082.32 133.03 0.279591
6 898.97 10.56 958.62 83.20 0.260347
5 639.55 122.44 691.46 190.82 0.258365
6 898.67 9.88 958.87 84.57 0.227496
5 644.35 122.32 690.16 190.20 0.214863
10 372.78 75.15 443.41 163.14 0.040301
10 997.46 544.22 1058.41 575.28 0.032544
10 1143.12 689.69 1189.52 764.07 0.019879
