4 451.07 31.59 542.02 78.49 0.929652
4 1106.78 75.04 1204.95 124.73 0.911022
6 375.74 0.20 609.80 59.72 0.898685
4 1106.24 75.13 1200.15 124.42 0.895052
4 1206.87 138.31 1319.12 197.65 0.892589
4 1206.47 138.79 1318.74 198.11 0.891268
6 376.29 0.07 611.55 59.38 0.888584
4 1061.12 31.57 1144.94 74.09 0.883426
4 450.78 31.40 541.49 78.38 0.880960
4 1060.92 31.92 1145.06 74.02 0.871546
4 1027.73 6.47 1118.94 48.40 0.855881
4 1028.16 6.10 1118.78 48.14 0.855823
4 1307.70 235.73 1359.55 299.30 0.841636
6 466.10 413.49 807.64 598.69 0.806064
4 1030.03 0.06 1099.00 15.35 0.804449
4 1029.21 0.20 1098.77 15.93 0.788549
4 1307.92 235.51 1359.69 298.61 0.788211
6 463.98 410.10 808.31 598.95 0.780273
5 684.89 147.27 772.78 251.09 0.758371
6 464.23 297.23 848.31 475.28 0.719117
3 1161.16 89.68 1246.82 156.78 0.617835
6 413.00 296.59 795.08 489.14 0.606786
5 684.28 145.55 772.70 250.58 0.602993
6 473.55 51.51 696.63 206.52 0.566612
6 471.76 51.58 697.03 206.56 0.453263
5 774.11 318.31 845.43 444.94 0.446959
6 1232.01 0.09 1359.39 78.27 0.365091
4 707.88 237.60 780.36 309.00 0.332506
4 708.23 238.89 780.35 308.19 0.306872
5 775.81 318.67 845.60 444.64 0.289851
7 1161.91 90.34 1245.38 157.51 0.267403
6 383.28 40.67 846.25 597.41 0.258079
4 1339.53 288.83 1359.81 366.42 0.230125
2 1176.08 106.00 1207.86 135.32 0.227548
4 1338.96 288.82 1359.81 367.46 0.217073
1 684.02 406.05 742.08 486.57 0.210754
4 759.27 306.05 795.34 352.41 0.191042
2 764.52 483.95 793.46 506.20 0.179265
1 683.03 406.57 742.26 486.88 0.175307
6 383.83 44.37 846.04 597.46 0.153235
