4 449.34 375.75 530.26 444.24 0.877060
4 663.57 441.63 741.19 534.96 0.864635
4 448.90 375.18 529.47 444.65 0.840970
4 923.78 304.11 989.85 344.09 0.832363
4 924.50 303.67 990.69 344.78 0.822945
4 615.16 243.63 648.52 274.97 0.807405
4 554.17 216.01 582.92 244.60 0.796643
4 614.78 244.59 649.32 276.01 0.792332
1 1302.67 712.26 1359.62 799.81 0.770214
4 663.25 442.10 741.74 534.76 0.766474
1 1302.35 712.30 1359.21 799.55 0.743693
4 553.51 216.97 583.18 245.77 0.738637
4 459.07 197.70 508.74 227.08 0.722573
4 691.62 549.74 805.54 715.52 0.631176
4 691.77 549.60 804.57 716.03 0.557521
1 1372.14 599.74 1399.70 671.20 0.538982
4 835.81 247.66 880.58 278.37 0.536247
1 1371.65 600.08 1399.61 667.71 0.533133
4 563.27 630.50 668.33 823.39 0.530481
4 460.22 197.54 510.80 234.16 0.502456
1 436.53 1014.14 483.57 1049.09 0.460193
4 1116.73 365.76 1215.60 419.13 0.459915
4 835.25 248.37 879.26 277.18 0.458657
4 563.16 629.80 669.33 823.93 0.438040
4 818.44 235.32 855.60 266.10 0.380351
4 1116.61 369.29 1173.27 411.59 0.360320
4 785.73 207.02 804.67 236.13 0.359482
4 634.40 303.47 669.23 341.90 0.357135
4 817.61 235.63 856.41 264.53 0.348506
1 435.33 1014.33 484.30 1049.33 0.309542
4 1246.95 333.42 1295.34 369.40 0.295701
4 783.31 207.42 804.91 234.68 0.295112
4 1218.46 211.76 1273.24 238.93 0.269736
4 875.44 114.37 905.20 135.65 0.258543
1 1286.27 798.95 1339.11 901.71 0.243359
4 595.05 97.49 606.06 110.64 0.222798
4 504.11 375.92 534.66 439.89 0.199678
2 578.25 694.26 647.23 737.67 0.147057
6 0.30 300.38 145.75 537.09 0.134861
2 173.47 294.69 194.97 337.14 0.110608
9 522.21 128.44 577.97 192.75 0.101589
9 579.02 84.09 604.86 110.58 0.056804
9 580.04 83.48 601.37 109.63 0.037368
10 1250.23 614.36 1275.23 652.21 0.012852
10 1321.46 669.11 1349.04 716.50 0.011931
10 1343.52 543.48 1362.52 570.79 0.007567
