4 604.04 705.66 802.91 764.57 0.971801
4 603.28 705.53 779.60 764.37 0.963626
4 533.43 308.85 632.62 328.71 0.879173
4 520.75 269.08 625.39 317.21 0.877421
4 999.59 117.02 1055.27 149.45 0.870309
6 1066.28 276.42 1359.24 386.44 0.868379
4 521.30 268.51 625.64 317.33 0.867903
6 486.31 307.92 758.99 438.43 0.867836
6 485.54 308.08 760.22 438.54 0.865398
4 999.02 117.57 1056.01 149.18 0.862236
6 571.23 404.93 852.17 548.93 0.860483
6 571.07 409.45 852.95 548.45 0.860325
4 505.19 245.91 608.07 291.78 0.860119
4 532.24 309.22 633.08 328.05 0.851734
4 505.23 245.23 607.52 292.30 0.851176
4 449.57 207.26 537.24 252.68 0.843683
4 449.76 206.63 537.34 252.78 0.839178
4 0.03 155.88 25.76 183.29 0.815939
6 526.99 518.34 793.61 670.88 0.809517
4 473.29 220.54 570.08 271.61 0.808798
6 382.38 125.46 591.10 230.58 0.808103
4 473.58 221.27 570.12 271.99 0.792497
6 1066.31 276.34 1359.53 387.12 0.785562
4 0.00 155.48 25.27 183.36 0.782066
6 382.88 125.18 591.35 231.14 0.777615
6 1038.62 73.24 1255.86 148.22 0.756788
4 111.04 65.52 143.65 96.85 0.754169
6 527.97 518.68 793.55 669.98 0.753874
6 1222.40 396.17 1359.44 524.01 0.740456
6 1180.77 0.34 1359.49 79.00 0.738342
6 1180.02 0.16 1359.82 81.41 0.719830
6 1037.68 73.30 1295.64 159.97 0.718044
3 1185.55 465.43 1218.34 515.25 0.699055
4 1116.81 70.31 1185.34 94.84 0.684861
6 1016.85 145.91 1330.78 286.76 0.681968
3 1185.40 465.82 1218.77 515.54 0.667808
6 803.13 0.11 890.05 56.88 0.664131
4 110.35 65.23 143.70 96.70 0.653997
6 1016.38 146.71 1330.46 286.47 0.650853
4 359.56 139.82 426.78 188.02 0.642897
6 803.74 0.20 889.58 56.56 0.631197
6 666.50 0.09 799.18 72.31 0.626105
6 1222.25 395.93 1359.83 524.27 0.616583
6 666.63 0.04 799.09 72.21 0.611313
4 209.52 34.66 256.75 73.65 0.567818
6 533.87 0.12 680.73 85.01 0.560796
4 359.79 140.11 426.20 187.67 0.521572
6 950.50 148.55 1047.89 225.19 0.512333
6 208.96 34.87 256.20 74.89 0.508049
6 533.73 0.00 681.22 87.33 0.485131
6 312.36 21.19 445.23 134.39 0.442254
6 1066.59 242.40 1213.57 311.49 0.403197
6 961.41 149.66 1025.67 224.94 0.377259
6 312.72 22.02 444.65 133.78 0.362982
4 24.22 102.92 45.60 114.33 0.319691
5 448.71 58.90 501.43 119.47 0.302894
5 493.09 49.01 544.46 108.50 0.293732
5 491.76 44.47 544.66 108.76 0.279431
6 926.67 107.32 1002.41 169.40 0.271829
4 1152.07 50.22 1186.49 68.05 0.270221
4 1138.09 54.09 1186.82 87.68 0.269077
5 449.74 59.24 501.38 119.57 0.259478
5 592.03 34.76 638.25 92.41 0.229714
6 373.15 11.70 472.86 93.10 0.228321
5 593.44 34.07 637.65 92.27 0.223799
6 464.16 2.23 544.93 110.53 0.215379
2 1101.87 319.01 1113.47 336.76 0.157886
5 698.25 518.55 793.61 662.92 0.130120
9 382.82 68.25 444.84 134.27 0.099032
10 1185.94 466.69 1206.93 497.05 0.016193
