4 707.23 311.33 751.18 332.46 0.904425
4 706.98 310.24 750.01 331.81 0.895437
4 615.61 352.37 654.00 384.89 0.784824
5 193.03 219.95 236.44 239.47 0.773538
4 659.88 466.63 687.55 518.47 0.725118
5 660.08 467.01 687.76 518.63 0.698903
4 615.82 352.06 653.79 385.11 0.690857
4 526.18 319.77 570.98 347.31 0.690755
5 526.30 320.23 571.26 348.43 0.667441
1 639.22 413.30 649.19 435.46 0.529259
4 668.40 68.55 680.86 84.22 0.516041
4 657.61 30.27 670.57 44.58 0.480777
4 657.17 30.13 669.44 44.68 0.472603
1 728.22 397.80 738.82 418.65 0.468486
4 655.20 9.98 666.03 24.56 0.466519
5 656.32 208.92 673.36 234.77 0.452012
4 705.41 211.01 721.02 230.42 0.444471
5 1101.66 229.54 1143.92 244.33 0.438838
4 655.61 10.52 666.02 24.47 0.429954
4 668.21 69.08 681.18 84.16 0.426621
1 546.61 417.96 556.51 434.79 0.424892
4 628.65 135.79 641.03 151.28 0.421098
1 642.62 282.17 651.45 299.94 0.419911
4 630.78 118.54 642.57 134.37 0.413543
4 631.67 119.41 642.58 133.35 0.377666
4 628.19 135.58 641.04 150.37 0.376966
4 622.50 219.81 644.25 243.67 0.372484
4 623.87 220.91 642.97 243.52 0.361271
4 896.02 967.30 921.36 992.36 0.361021
9 191.65 219.57 237.01 239.49 0.359592
4 594.58 68.34 604.29 82.84 0.350997
2 641.75 282.04 651.43 300.77 0.349085
4 674.36 50.38 685.38 60.91 0.347374
6 656.48 208.38 672.94 234.96 0.345156
4 476.35 325.36 489.94 353.51 0.337593
2 653.96 254.26 664.13 270.80 0.334976
4 627.35 153.95 644.29 164.76 0.332746
3 787.68 517.93 807.73 534.73 0.326056
5 626.63 83.95 639.68 107.55 0.324416
1 482.44 255.08 494.30 282.95 0.323738
4 706.33 213.39 720.30 230.94 0.322071
4 629.62 154.02 643.48 162.57 0.315804
4 158.77 300.14 178.28 312.06 0.309035
4 690.09 90.72 702.76 103.46 0.304170
2 679.91 163.73 688.05 180.02 0.299770
4 678.20 30.95 692.21 46.31 0.294404
2 728.08 398.19 738.97 418.24 0.293565
3 15.05 242.28 48.49 272.57 0.292005
4 626.63 62.76 638.25 80.50 0.285867
4 595.08 69.13 604.16 83.09 0.282320
4 674.45 50.87 686.00 61.14 0.281964
2 654.33 254.16 664.51 271.02 0.279850
3 745.87 259.00 761.79 278.16 0.278974
4 621.74 34.78 636.27 52.41 0.275093
4 626.99 61.97 637.90 72.42 0.270939
2 626.66 275.81 637.28 298.94 0.268378
2 546.80 417.93 557.01 434.22 0.263998
4 687.66 66.40 698.39 80.61 0.261302
4 144.91 176.31 162.48 191.22 0.251649
6 623.39 180.26 646.15 206.32 0.251000
2 626.79 276.34 636.84 298.26 0.250441
4 722.02 215.04 746.11 233.60 0.238660
4 627.25 18.75 638.21 32.79 0.237198
2 483.30 254.60 494.66 285.98 0.233678
4 617.20 111.16 627.39 122.84 0.230585
4 679.35 33.68 692.72 47.44 0.230187
4 627.68 19.55 638.12 34.14 0.228305
1 606.45 381.03 618.60 418.25 0.227082
6 623.24 180.84 646.10 207.02 0.216411
4 141.79 196.53 152.19 207.26 0.210281
4 1369.81 228.08 1398.83 238.32 0.206124
4 623.28 32.86 636.99 52.76 0.205427
7 559.52 354.91 578.62 380.49 0.204068
2 716.57 251.15 726.12 269.78 0.196316
3 785.68 516.97 808.26 537.15 0.180664
6 626.20 81.84 639.52 107.79 0.180098
4 1350.93 214.68 1372.15 229.81 0.179475
4 905.01 967.35 919.64 981.19 0.177347
2 676.17 101.23 684.36 126.87 0.165833
2 783.10 499.18 799.10 533.53 0.163154
4 1353.27 215.50 1371.85 229.01 0.158093
6 850.45 214.97 895.79 252.12 0.148875
9 955.58 223.22 1004.79 246.25 0.140361
9 764.83 234.84 813.47 273.44 0.113675
9 1101.58 229.22 1145.74 244.88 0.107413
9 767.47 238.92 809.89 255.84 0.072917
9 1003.09 230.87 1046.81 247.22 0.065497
