4 962.35 917.17 1289.50 1049.28 0.970555
4 812.74 409.78 1050.90 509.82 0.960432
4 962.66 915.57 1289.91 1049.41 0.948003
4 814.02 259.74 1004.85 357.10 0.938788
4 963.56 622.75 1231.57 749.52 0.936256
4 947.48 759.91 1280.13 894.87 0.934139
4 814.67 194.50 997.66 275.27 0.933116
4 813.73 194.73 997.63 274.59 0.919503
4 812.38 409.66 1050.18 510.58 0.917748
4 814.27 260.05 1004.59 357.00 0.915110
4 843.75 501.24 1118.53 619.19 0.899957
4 946.98 756.39 1279.85 895.07 0.891562
4 805.21 0.00 882.22 46.88 0.878143
4 843.88 501.06 1118.27 618.97 0.877838
4 805.27 0.00 883.23 47.11 0.863799
4 963.49 622.60 1231.50 750.41 0.847707
4 549.64 318.02 653.76 476.92 0.846413
4 506.20 510.16 634.27 717.42 0.840345
4 812.05 417.33 895.83 510.36 0.830913
4 505.38 509.68 634.45 716.41 0.818282
3 841.77 36.61 888.16 83.23 0.817841
4 612.67 154.13 686.55 213.87 0.811436
4 549.76 317.83 653.26 475.77 0.802389
3 841.92 42.79 887.13 82.19 0.792278
4 182.29 5.09 285.15 105.78 0.788258
4 843.20 514.89 895.85 617.66 0.767223
4 182.16 5.43 285.51 105.99 0.724818
4 650.67 0.00 696.51 10.08 0.709721
3 726.63 0.00 740.18 17.50 0.689411
4 622.77 5.11 688.32 99.25 0.682594
4 648.82 0.00 696.46 9.31 0.655741
4 414.12 0.24 490.48 79.73 0.647566
4 414.04 0.32 490.67 77.19 0.583844
1 766.59 8.36 783.14 55.73 0.580275
4 612.25 106.98 687.99 212.10 0.573476
4 623.78 5.22 688.09 99.20 0.567118
1 782.37 0.23 805.97 57.76 0.540663
1 782.73 0.73 804.62 57.70 0.529245
1 766.56 8.86 782.38 55.71 0.518900
2 362.74 518.16 422.07 600.55 0.423756
1 726.95 0.00 740.81 16.44 0.359205
4 0.25 0.03 93.04 68.79 0.271997
4 0.17 37.15 14.43 67.79 0.198307
2 371.72 526.87 395.39 584.45 0.187792
3 166.12 50.61 224.45 107.69 0.111989
2 361.31 520.54 423.09 597.86 0.095509
