4 1011.52 416.30 1098.69 460.60 0.936219
4 674.93 585.21 771.91 648.60 0.935276
4 868.09 600.13 965.69 668.16 0.933835
4 983.36 574.07 1078.83 634.75 0.931282
4 1029.14 502.03 1112.97 555.67 0.930284
4 1265.86 350.47 1353.84 398.38 0.927021
4 1090.58 544.62 1190.65 608.37 0.924531
4 1288.21 493.68 1382.84 548.10 0.923387
4 1194.44 520.28 1295.47 579.49 0.919129
4 1011.87 418.24 1099.84 460.27 0.916532
4 674.90 583.51 773.19 648.73 0.916278
4 743.00 480.23 833.22 532.33 0.915944
4 1024.17 869.09 1108.02 984.19 0.911168
4 1089.88 544.93 1191.13 608.68 0.906580
4 742.43 480.69 833.31 532.08 0.901612
4 983.21 575.94 1079.02 634.78 0.900346
4 1112.74 470.36 1206.01 530.34 0.893937
4 1028.08 502.68 1113.05 555.41 0.893389
4 868.01 599.94 966.49 668.43 0.883381
4 576.61 514.70 653.50 565.95 0.876738
4 1289.52 496.28 1382.10 548.02 0.876556
4 1195.00 520.85 1294.88 580.10 0.868384
4 1112.58 467.93 1207.35 530.45 0.868258
4 1211.47 370.48 1264.16 412.76 0.856478
4 1189.50 820.35 1275.82 932.79 0.847143
4 576.42 514.59 653.43 564.42 0.842705
4 1339.66 416.22 1399.52 474.47 0.841367
4 1265.12 350.31 1354.42 398.59 0.837350
4 1203.98 370.99 1263.86 413.70 0.824357
3 936.43 419.57 1005.86 464.20 0.797993
4 1292.69 790.31 1382.76 906.06 0.796889
6 199.28 551.84 442.60 667.63 0.766836
4 1339.89 422.68 1399.80 473.38 0.763917
4 878.06 734.54 943.51 839.55 0.761470
4 1182.28 821.25 1268.46 895.65 0.731532
4 1026.43 870.30 1107.24 985.12 0.712034
5 200.05 601.98 311.84 666.33 0.709904
4 1077.49 682.94 1142.95 783.57 0.704108
5 200.16 603.03 312.06 666.78 0.697495
4 875.06 734.60 944.00 839.03 0.689224
4 1341.26 612.02 1397.89 705.78 0.689116
4 1271.26 624.31 1330.17 719.88 0.680473
4 1291.77 790.43 1383.43 906.33 0.653997
4 1345.96 767.46 1399.61 876.70 0.653279
1 1132.29 433.37 1157.36 467.13 0.639309
6 199.15 548.63 443.62 667.56 0.606793
4 1150.42 657.89 1210.56 755.78 0.606121
4 1149.74 660.52 1211.53 755.72 0.598970
4 1024.25 870.51 1079.23 895.77 0.596421
4 1345.19 767.80 1399.72 877.55 0.588522
4 1073.67 682.68 1142.74 783.71 0.585714
5 308.65 556.13 441.64 633.61 0.574360
4 113.20 509.45 213.44 543.52 0.566149
4 1213.63 639.09 1277.16 748.40 0.559720
5 306.91 555.81 442.94 633.05 0.557991
4 1341.55 610.98 1394.70 705.04 0.556379
4 1270.60 624.54 1329.38 721.10 0.537407
6 646.10 783.84 769.88 869.77 0.529648
1 561.84 867.43 582.65 928.18 0.525577
4 943.81 727.22 1005.60 828.21 0.500521
4 868.53 611.19 895.79 668.46 0.489820
4 942.21 720.71 1005.88 827.96 0.474046
7 645.79 782.01 771.58 870.09 0.431752
4 1213.52 638.21 1276.81 748.39 0.419278
4 707.55 785.05 769.41 838.95 0.411826
4 409.07 49.77 436.97 66.71 0.397549
4 706.26 784.43 770.30 839.40 0.366954
4 0.02 687.98 19.99 711.95 0.359846
4 1055.80 94.24 1085.87 112.43 0.358926
3 936.00 414.21 1006.48 464.28 0.356485
1 1015.25 181.85 1026.91 201.68 0.345181
4 429.97 93.21 461.48 118.92 0.312433
4 0.02 656.30 30.22 711.77 0.302679
3 576.21 110.93 603.60 137.15 0.298201
3 936.23 426.63 970.84 464.34 0.291853
1 472.54 14.42 488.53 51.83 0.286600
4 1120.41 421.52 1155.77 442.65 0.269165
4 276.82 234.01 318.15 263.54 0.260034
4 985.53 290.68 1001.03 307.90 0.253025
1 562.47 887.25 581.88 928.36 0.252221
4 397.71 538.61 446.65 565.51 0.249449
4 959.07 391.08 987.70 413.90 0.231863
1 1132.94 435.95 1158.25 470.70 0.231374
1 468.40 14.33 495.56 79.35 0.195258
4 0.05 657.73 25.93 711.92 0.112778
4 998.74 703.94 1073.77 825.74 0.107224
4 1387.21 468.71 1399.87 512.03 0.071859
