4 581.97 220.79 607.89 242.60 0.829415
4 504.65 136.06 531.10 158.28 0.825052
4 442.01 468.87 479.35 492.12 0.823879
4 784.39 125.14 809.96 135.46 0.818067
4 737.13 372.05 769.93 407.65 0.809889
4 632.99 269.14 659.30 296.30 0.809589
4 738.79 316.78 768.39 345.13 0.809290
4 738.12 316.38 768.76 344.92 0.808762
4 582.22 220.50 608.20 242.80 0.807299
4 633.25 268.05 659.77 295.90 0.804309
4 737.36 371.94 769.65 407.34 0.802130
4 794.03 569.19 828.28 635.23 0.800213
4 504.09 135.79 530.83 158.14 0.797145
4 596.76 200.22 623.92 225.53 0.791147
4 784.12 124.93 809.44 135.56 0.780674
4 597.49 199.82 624.36 225.31 0.779567
4 267.43 153.15 290.75 170.90 0.770770
4 701.49 584.77 736.03 640.61 0.767886
4 299.82 161.91 322.67 177.66 0.761021
4 300.17 162.16 322.55 178.23 0.760431
4 267.34 153.32 291.24 171.14 0.759354
4 304.59 178.94 327.12 194.46 0.750563
4 304.06 179.26 327.28 194.44 0.734081
4 701.10 584.83 736.11 640.81 0.717959
4 793.45 569.17 827.50 635.54 0.694935
4 441.16 468.56 479.81 492.75 0.693270
6 732.71 23.45 801.70 47.73 0.662025
4 79.46 633.69 120.05 650.34 0.656710
4 79.09 634.18 121.09 650.84 0.558140
4 596.15 134.35 620.07 158.65 0.551165
4 777.77 56.00 799.67 66.98 0.517015
6 732.40 23.80 800.90 46.61 0.516756
4 779.90 53.96 800.14 66.44 0.485815
4 551.08 121.25 567.62 135.31 0.478309
4 596.00 135.07 620.64 159.51 0.452152
4 551.25 121.27 567.97 134.34 0.437009
4 565.48 19.63 582.53 32.32 0.428362
4 852.50 38.87 872.51 49.06 0.373052
4 852.49 39.63 872.60 49.43 0.370511
4 811.57 38.50 825.95 48.24 0.330625
4 937.51 589.46 958.59 607.31 0.317700
4 565.49 19.69 581.92 31.86 0.311834
4 363.32 133.01 384.73 156.38 0.305628
4 878.85 43.76 893.68 53.05 0.300907
4 811.71 39.65 825.87 48.43 0.287308
4 859.06 125.68 881.20 135.92 0.284428
4 836.25 41.79 846.64 50.45 0.281177
4 322.46 440.10 341.13 464.16 0.267056
4 962.29 656.69 979.08 674.35 0.261473
4 835.76 39.24 847.36 49.59 0.257276
4 935.26 115.49 964.11 135.51 0.241014
4 950.29 620.89 968.86 639.01 0.234783
4 853.13 54.29 862.61 63.97 0.214916
2 882.50 120.10 892.11 136.51 0.214561
5 557.78 486.27 576.23 520.77 0.205345
6 734.72 111.99 760.78 135.05 0.173540
4 557.35 484.75 577.22 520.32 0.172187
9 578.08 123.98 620.62 159.10 0.050307
9 846.22 33.89 865.10 45.65 0.029895
