4 332.30 300.50 387.76 327.14 0.887992
4 331.24 297.99 388.74 327.42 0.792613
4 828.36 109.69 851.59 137.47 0.731461
4 766.77 0.17 782.92 17.64 0.711317
4 694.78 601.97 729.97 678.62 0.706318
4 624.14 598.39 662.87 673.40 0.701668
4 611.31 709.10 656.85 787.53 0.701418
4 811.77 51.81 832.52 81.20 0.696155
4 828.89 109.32 851.82 137.68 0.695703
4 631.04 515.10 666.78 576.56 0.683994
4 765.08 0.12 783.57 17.73 0.679897
4 611.38 708.78 657.60 787.68 0.626301
1 214.27 769.57 230.83 787.63 0.622240
4 623.75 598.05 662.58 674.10 0.592380
2 570.97 362.03 582.25 385.42 0.581065
4 694.31 601.87 730.41 678.93 0.576868
4 812.67 52.67 832.44 81.10 0.574018
2 517.21 456.86 529.36 479.75 0.528866
4 809.83 152.00 833.39 191.20 0.527616
2 571.32 363.64 582.10 385.15 0.524612
2 982.19 306.67 996.87 328.79 0.522349
1 721.42 234.93 733.18 254.12 0.507406
2 517.21 458.24 529.77 480.05 0.502840
2 534.83 463.33 546.18 482.90 0.497138
4 692.15 509.12 724.54 577.76 0.495126
2 545.81 424.41 557.00 444.54 0.494805
1 1155.41 326.46 1166.87 345.19 0.481532
1 213.47 769.64 230.36 787.82 0.480557
1 265.86 735.77 283.06 764.36 0.479837
4 631.29 514.96 666.78 575.69 0.478875
4 809.15 152.78 831.69 191.77 0.469927
2 543.52 453.93 554.95 476.96 0.461716
2 1057.09 516.17 1068.08 533.99 0.454711
4 801.28 120.59 811.84 136.81 0.450452
1 265.77 735.87 283.96 765.11 0.444951
2 545.48 424.36 556.39 441.91 0.440367
2 1006.35 290.37 1020.14 310.41 0.402466
2 100.23 764.41 117.29 787.52 0.399978
2 534.54 462.95 545.79 483.06 0.394418
4 74.03 310.78 102.55 319.87 0.386009
2 983.68 306.33 996.07 329.02 0.383826
2 583.12 273.17 592.78 289.00 0.371645
2 721.38 235.45 731.96 254.59 0.368325
2 544.56 454.88 554.74 476.06 0.364389
1 581.80 432.94 589.42 449.76 0.352685
4 801.55 120.79 811.59 135.73 0.346061
2 1082.44 621.93 1100.37 652.15 0.326741
4 692.09 508.73 724.71 578.45 0.322475
2 789.49 237.17 800.85 267.75 0.321488
2 100.10 765.59 117.93 787.66 0.314808
2 624.57 256.11 633.89 274.97 0.304191
2 583.17 272.81 593.47 289.68 0.295539
4 780.60 33.81 788.80 44.86 0.294774
2 561.62 363.47 571.61 379.83 0.290629
2 284.62 269.19 294.63 291.41 0.289187
2 763.18 223.94 771.63 241.68 0.284610
6 514.69 169.41 587.55 244.25 0.274525
2 581.43 432.62 589.53 450.03 0.273514
2 312.33 392.70 322.77 417.71 0.272308
2 561.97 362.75 572.51 380.21 0.258189
2 1155.45 326.79 1166.66 344.81 0.247990
2 624.74 258.98 634.15 276.25 0.242006
2 849.80 450.00 858.08 474.32 0.232917
2 283.76 267.90 294.60 291.01 0.232484
4 789.70 103.20 800.08 110.62 0.226974
2 648.60 96.34 655.76 112.73 0.201777
2 789.86 238.02 800.36 268.20 0.199689
2 1082.95 622.43 1101.43 655.59 0.197578
2 1006.47 290.94 1017.03 310.33 0.197564
4 780.70 32.97 788.72 45.39 0.188287
4 807.86 32.86 815.12 44.93 0.185622
4 807.25 32.54 815.63 44.85 0.184657
2 668.66 203.30 676.43 219.69 0.179566
4 838.21 469.20 857.58 488.18 0.173272
2 1355.75 318.46 1366.93 337.28 0.157641
7 293.65 408.82 331.43 440.70 0.156872
6 1126.60 132.06 1156.30 145.80 0.145854
6 0.26 140.51 130.39 528.13 0.083203
6 1059.42 132.69 1073.87 144.94 0.073420
6 0.28 140.27 127.78 528.09 0.036759
