4 810.75 544.29 851.12 571.14 0.871014
4 810.89 544.06 851.06 570.81 0.863030
4 262.63 606.53 313.03 625.58 0.846462
4 212.22 585.21 258.26 603.83 0.825253
4 450.05 466.06 494.43 487.54 0.819055
4 262.21 606.76 312.10 625.62 0.804725
4 212.47 584.94 258.47 604.36 0.798375
4 476.35 406.07 514.35 424.70 0.746340
4 990.08 592.11 1030.91 611.71 0.723289
4 414.27 628.71 459.50 648.25 0.721328
4 877.16 572.45 922.10 595.18 0.702379
4 306.95 632.02 347.76 650.63 0.697316
4 989.57 592.58 1030.10 611.41 0.687076
4 284.87 678.10 329.16 697.62 0.678586
4 476.33 404.84 513.48 424.71 0.675162
4 877.59 572.60 922.02 592.34 0.670428
4 343.38 677.31 385.79 696.41 0.667143
4 416.15 452.62 450.54 470.96 0.664887
4 513.58 153.97 542.87 165.99 0.663738
4 221.00 679.09 267.80 700.39 0.657943
4 197.74 656.48 240.98 678.07 0.652450
4 492.18 276.67 533.73 307.01 0.651289
4 252.44 657.37 294.97 675.35 0.648362
4 881.74 590.64 923.97 612.57 0.647331
4 413.52 628.47 459.08 648.52 0.646995
4 466.60 437.27 496.33 454.66 0.644597
4 280.07 456.90 306.82 483.26 0.639351
4 618.37 433.63 636.85 467.05 0.631708
4 306.72 631.96 348.86 650.71 0.630100
4 938.64 589.23 974.95 609.53 0.628144
4 125.68 659.29 175.17 680.67 0.627510
4 450.87 466.19 494.15 486.83 0.626709
4 403.98 673.44 446.20 691.18 0.621278
4 410.56 654.80 452.22 671.63 0.616999
4 938.38 589.91 975.68 609.67 0.616963
4 221.89 679.32 268.34 700.47 0.611635
4 510.80 133.01 550.36 166.17 0.606293
4 356.79 654.97 395.10 672.02 0.599775
4 637.30 70.62 652.27 94.09 0.599685
4 882.71 592.37 923.76 612.22 0.598538
4 858.56 669.98 895.48 695.52 0.597101
4 197.61 657.25 241.55 678.29 0.587009
4 308.56 656.32 345.36 673.53 0.583728
4 505.26 189.54 539.88 221.44 0.578865
4 284.69 678.08 329.67 697.66 0.577918
4 126.03 659.21 174.75 680.93 0.570587
4 1124.63 634.16 1177.15 678.17 0.563741
4 344.49 677.59 385.78 696.48 0.560710
4 783.22 680.93 824.40 719.68 0.556627
4 1122.34 635.00 1177.78 677.61 0.549131
4 353.79 629.63 395.08 650.69 0.545216
4 160.44 678.52 206.40 698.15 0.543143
4 159.98 677.55 206.85 698.27 0.536614
4 945.69 573.22 983.39 591.98 0.533480
4 1047.06 570.11 1097.03 590.61 0.532773
4 314.23 448.77 337.00 463.89 0.531133
4 403.70 673.16 445.56 692.09 0.521626
4 354.41 630.31 394.98 650.81 0.520962
4 252.69 657.31 295.82 675.49 0.515249
4 1312.20 567.89 1353.87 588.23 0.514314
4 416.47 452.97 451.04 470.70 0.513799
4 706.77 909.09 730.49 960.39 0.511476
4 945.99 573.25 984.04 593.30 0.503411
4 280.31 456.75 306.68 482.80 0.496318
4 409.09 652.77 453.08 671.83 0.493044
4 307.49 655.97 344.20 673.81 0.490527
4 636.88 69.64 652.41 94.59 0.488934
4 493.07 275.23 534.05 306.78 0.484738
4 354.15 654.86 395.45 672.85 0.479736
4 504.84 243.38 539.67 272.58 0.478982
4 783.70 680.81 824.32 718.83 0.478864
4 1088.07 586.68 1131.97 608.61 0.447833
4 467.39 438.51 486.52 453.31 0.424901
4 313.94 445.79 336.82 461.57 0.417496
4 255.90 504.25 277.97 536.07 0.417433
4 1130.48 657.88 1176.92 677.72 0.409964
4 517.53 133.36 549.58 149.09 0.404047
4 511.15 146.00 541.89 165.64 0.396874
9 204.17 419.92 329.45 462.13 0.388605
4 1045.06 589.94 1083.19 609.44 0.379653
4 643.26 12.45 659.70 36.79 0.378411
4 428.15 721.24 463.30 738.79 0.375708
4 1043.98 591.16 1081.16 609.44 0.371653
4 1047.25 569.97 1097.93 589.30 0.366323
4 515.98 99.88 542.55 118.70 0.357183
4 1236.30 633.99 1297.43 655.83 0.354323
4 702.51 828.06 725.71 876.96 0.353290
4 585.41 183.14 611.08 201.13 0.345379
4 516.66 99.87 542.31 118.29 0.339659
4 876.88 573.72 895.80 596.20 0.331103
6 788.55 241.50 830.78 298.32 0.323052
5 618.90 433.67 636.35 466.76 0.321537
4 1124.81 634.02 1166.48 655.16 0.321133
4 256.20 504.65 278.38 535.84 0.318384
4 794.97 271.15 827.28 297.64 0.313412
4 519.14 81.80 548.45 102.31 0.310801
4 1044.21 569.77 1131.75 609.47 0.308874
5 640.62 415.01 657.81 447.19 0.301595
4 793.76 268.31 826.11 297.11 0.301537
4 886.19 614.30 926.94 635.16 0.298896
4 652.15 157.69 669.99 184.00 0.295926
4 519.23 13.87 549.27 47.25 0.286729
4 644.59 12.04 659.93 36.82 0.277110
4 429.62 720.51 462.04 732.19 0.275033
4 1311.98 567.65 1352.92 587.75 0.265482
4 1088.08 587.17 1131.84 608.61 0.263390
5 757.44 846.49 780.93 898.00 0.251472
2 492.79 752.11 504.58 768.65 0.236222
1 594.09 480.67 602.83 499.07 0.231268
4 1130.87 659.08 1177.48 677.18 0.229413
4 620.52 327.73 637.51 358.70 0.220243
5 757.61 846.65 781.31 898.86 0.218051
9 700.32 418.51 791.87 460.39 0.215628
4 1235.67 632.89 1294.53 655.52 0.214250
2 376.34 451.42 388.53 465.24 0.213099
4 518.97 11.74 548.20 47.28 0.212613
6 790.34 241.77 829.96 297.51 0.199679
4 881.66 594.15 895.85 613.34 0.199626
1 336.35 455.50 346.21 470.30 0.189266
4 707.27 909.21 730.28 960.27 0.188140
4 351.65 717.68 389.76 740.58 0.183725
3 1.93 501.70 68.89 548.03 0.182254
6 0.53 791.59 447.42 1049.06 0.180617
5 702.64 828.92 725.39 876.61 0.163498
2 472.74 746.74 488.46 766.89 0.158803
6 640.68 415.16 657.86 447.25 0.157841
4 885.65 615.16 895.86 635.81 0.143971
3 0.39 500.49 67.96 548.88 0.138842
6 600.30 361.03 618.05 391.26 0.121316
