4 835.62 1032.00 868.76 1049.80 0.683458
4 791.36 901.72 817.86 927.86 0.654123
4 792.46 683.38 821.91 704.93 0.641794
4 761.38 855.44 789.82 878.08 0.641281
4 1222.38 909.78 1291.86 947.78 0.609832
4 709.24 745.05 739.09 766.63 0.596354
4 775.84 642.63 805.93 663.97 0.576342
4 42.73 994.08 67.35 1028.43 0.571442
4 740.74 805.27 767.42 829.20 0.570765
4 792.29 683.40 821.28 705.09 0.567144
4 791.81 902.02 816.72 928.25 0.564809
4 715.89 759.09 744.03 783.47 0.528348
4 776.68 642.98 806.66 664.28 0.528115
4 727.39 781.56 755.36 807.76 0.520386
4 109.15 986.54 132.08 1022.20 0.518618
4 745.27 818.25 775.82 841.13 0.513678
4 555.94 631.40 587.35 653.94 0.511309
4 761.29 855.06 790.61 877.14 0.508591
4 783.49 869.33 810.36 890.82 0.508571
4 709.53 744.49 739.15 767.31 0.505978
4 836.76 1032.15 867.67 1049.82 0.498795
4 693.71 712.66 726.12 734.08 0.498744
4 798.65 924.70 826.25 954.74 0.494508
4 694.03 712.67 725.24 734.10 0.482093
5 593.98 622.19 626.69 640.72 0.480229
4 740.12 806.09 767.95 830.18 0.457321
4 701.80 731.61 730.58 750.28 0.451619
4 69.70 985.79 87.99 1015.26 0.449123
4 746.72 819.11 776.77 841.35 0.448373
4 556.49 632.13 585.48 651.63 0.447865
4 68.98 986.21 88.27 1015.37 0.445167
4 757.84 837.60 787.13 860.83 0.442043
4 727.88 782.70 755.61 807.28 0.441006
4 87.13 982.81 109.65 1018.51 0.438207
4 715.86 759.72 744.77 783.92 0.435174
4 43.01 993.43 66.45 1028.46 0.431624
5 593.35 621.95 626.57 639.37 0.430142
4 808.08 708.24 832.10 722.92 0.426479
4 161.01 570.87 188.19 586.61 0.424142
4 87.36 984.22 109.03 1017.20 0.416026
4 108.82 987.03 132.14 1021.30 0.414633
4 783.36 869.63 809.90 893.06 0.399756
4 1221.25 909.17 1292.62 947.41 0.361614
4 210.96 622.69 225.68 635.24 0.354150
4 174.95 607.69 192.11 620.77 0.348416
4 440.27 927.47 468.56 950.02 0.345170
4 809.11 709.75 829.56 722.00 0.316870
4 907.18 1032.96 935.16 1049.76 0.315884
4 585.34 786.49 627.26 820.17 0.313249
4 907.40 1033.48 934.62 1049.75 0.304931
6 777.67 702.84 842.25 750.60 0.284548
4 75.28 684.65 98.72 698.74 0.279070
5 610.35 634.59 657.96 655.36 0.275785
4 208.49 620.41 226.10 635.32 0.264482
4 185.08 622.66 202.55 639.46 0.252442
4 190.50 254.87 214.30 269.58 0.246541
4 39.40 651.95 68.61 668.93 0.233610
4 641.73 454.46 658.57 468.07 0.225019
4 583.90 369.92 597.85 383.04 0.198080
4 683.32 684.69 711.05 704.02 0.194712
4 845.88 1002.33 863.50 1019.51 0.193020
4 573.13 653.38 591.56 667.16 0.178038
6 185.96 88.38 293.35 211.22 0.176877
4 238.76 886.97 256.03 904.92 0.169549
6 186.22 94.22 294.22 210.55 0.169370
6 504.07 154.40 627.87 327.82 0.166157
2 547.67 597.00 561.40 621.21 0.163956
2 485.15 1017.82 506.34 1044.89 0.159296
2 247.10 823.17 301.84 889.76 0.158929
2 539.80 545.71 595.14 617.03 0.158633
2 341.03 879.16 362.87 895.58 0.147409
