4 743.31 721.77 767.78 757.18 0.882316
4 947.35 720.07 972.57 754.05 0.881203
4 947.51 720.64 972.70 754.08 0.831920
4 743.20 722.27 767.57 757.68 0.825125
4 1067.51 574.69 1095.03 603.95 0.811831
4 1040.77 516.13 1066.06 542.87 0.808798
4 992.26 483.01 1017.89 512.59 0.800487
4 451.72 670.27 491.15 707.12 0.791458
4 992.60 482.98 1017.97 512.26 0.779012
4 1040.73 516.48 1065.82 542.84 0.778714
4 1067.39 575.40 1094.97 604.34 0.770225
4 808.26 194.51 823.00 213.16 0.739144
4 452.19 670.89 491.43 707.39 0.717664
4 807.83 194.79 823.15 213.71 0.697148
4 720.55 211.49 734.07 228.71 0.696448
4 714.56 166.59 726.77 180.45 0.687724
5 707.64 579.32 754.97 658.47 0.669772
4 831.10 210.53 844.32 228.11 0.664900
4 714.35 165.20 727.13 180.41 0.662370
4 676.75 487.88 691.32 509.95 0.651877
5 707.40 579.16 754.78 658.51 0.639051
4 876.18 307.27 891.15 326.56 0.636407
4 720.68 209.77 733.42 229.13 0.623445
4 697.67 536.57 714.76 565.47 0.596571
4 676.79 489.02 691.40 509.68 0.579425
4 831.66 211.27 843.40 228.38 0.576789
4 645.86 7.08 655.89 18.86 0.560224
4 875.58 306.44 891.17 326.09 0.539205
4 697.32 536.84 714.95 565.36 0.532910
4 731.30 549.15 748.09 577.85 0.503650
4 645.67 6.95 656.48 18.77 0.502709
4 731.15 549.51 747.37 578.15 0.495595
4 714.50 527.32 732.29 556.42 0.486122
4 773.88 133.59 784.28 146.21 0.462980
4 773.85 133.90 784.44 146.09 0.444620
4 739.15 80.71 748.86 91.60 0.439500
4 674.97 445.44 688.98 468.65 0.414197
4 1252.00 0.25 1300.56 24.89 0.408294
4 714.79 528.00 731.87 555.93 0.389969
4 633.22 113.02 645.40 126.90 0.368210
6 691.79 393.14 725.06 468.97 0.355237
6 692.07 393.88 722.80 469.74 0.353382
4 243.16 747.41 257.36 763.67 0.352352
4 662.88 429.54 677.10 454.17 0.338972
4 1120.76 711.47 1159.06 750.56 0.328529
4 870.29 297.40 884.04 308.94 0.326923
4 634.22 113.89 646.28 127.01 0.321489
6 1100.22 613.59 1154.83 673.63 0.295652
4 675.42 444.25 689.58 468.61 0.292196
4 677.36 417.05 692.18 440.75 0.290117
4 635.53 267.62 647.92 284.65 0.278835
4 635.88 244.31 647.28 260.68 0.275328
4 691.98 444.52 709.38 469.30 0.263707
4 628.11 227.77 639.30 242.28 0.262746
4 671.40 393.27 684.84 414.02 0.262703
4 692.23 444.94 708.99 468.96 0.261079
4 640.63 218.87 651.66 234.07 0.253952
4 649.45 170.55 660.42 185.38 0.250984
4 635.50 267.22 648.28 285.27 0.249256
4 660.11 270.75 673.36 291.18 0.245819
4 677.57 417.52 693.04 441.52 0.234632
4 662.48 429.65 676.64 453.90 0.227341
4 622.55 123.46 633.35 136.28 0.225815
4 601.30 61.73 612.14 74.14 0.225689
4 640.64 217.45 651.92 234.78 0.224048
4 640.05 202.87 650.40 216.24 0.222934
4 635.71 244.48 648.01 260.94 0.218697
4 648.98 170.65 660.39 186.23 0.216294
4 654.68 293.40 669.96 313.24 0.213506
4 674.42 271.61 687.81 286.52 0.212305
4 627.82 228.56 639.08 242.26 0.210731
4 623.82 205.42 634.83 220.90 0.210232
4 671.61 394.25 684.62 414.78 0.207965
5 1247.65 0.17 1300.37 24.37 0.205798
4 609.20 108.44 618.50 120.86 0.203697
4 651.95 252.85 663.70 269.97 0.202768
4 620.26 189.20 633.07 205.37 0.200769
4 661.97 316.75 673.07 329.16 0.198383
4 659.60 270.43 672.95 290.62 0.197668
4 617.71 92.32 626.49 104.86 0.196469
4 652.30 655.70 666.59 669.22 0.192958
4 682.54 314.33 696.00 329.85 0.191259
4 653.19 359.56 666.33 379.19 0.190850
4 650.17 235.72 662.05 251.06 0.188428
4 655.90 382.01 669.77 402.38 0.187140
6 636.50 293.42 659.46 359.24 0.172940
6 686.63 351.09 709.86 401.64 0.150817
6 686.44 350.51 709.84 400.06 0.144254
4 1124.41 711.04 1157.99 745.80 0.137415
6 676.94 288.20 697.16 327.67 0.137258
6 638.28 295.68 660.09 355.71 0.128337
6 1102.09 611.90 1155.58 673.57 0.124294
6 677.64 288.67 699.57 333.68 0.122738
6 658.45 328.42 676.79 363.48 0.120379
