4 651.65 316.61 744.06 344.18 0.913117
5 610.05 327.74 765.79 419.43 0.889783
4 267.09 703.16 463.22 764.48 0.887765
4 267.00 702.47 462.81 764.09 0.875820
6 609.16 328.00 765.74 419.44 0.873729
4 652.40 316.64 744.39 347.87 0.868700
4 441.03 358.93 557.37 407.23 0.857257
4 5.41 505.61 155.73 581.48 0.845917
4 40.40 463.57 186.69 525.61 0.845294
4 372.72 520.48 517.81 585.69 0.842140
4 408.92 429.63 534.06 481.06 0.841223
4 442.82 359.40 558.29 406.04 0.840747
4 372.67 520.57 518.65 585.93 0.838261
4 319.71 639.73 479.51 716.66 0.837956
4 320.17 640.16 479.59 716.70 0.831298
4 4.83 506.12 155.98 581.16 0.830329
4 348.00 583.38 492.54 651.42 0.824458
4 42.36 463.32 187.15 526.25 0.821465
4 394.12 470.03 532.19 530.10 0.818958
4 438.11 397.73 554.17 445.99 0.815835
4 410.15 429.16 534.78 481.07 0.815617
4 393.13 469.97 532.11 530.00 0.813556
4 97.62 423.71 227.34 483.86 0.802667
4 291.31 232.92 384.42 279.65 0.798860
4 166.61 360.68 284.68 412.25 0.791322
4 166.94 360.69 284.93 412.60 0.789480
4 438.36 397.51 553.84 446.69 0.788983
4 499.33 278.69 594.44 311.08 0.785012
4 134.84 392.14 256.10 446.89 0.784013
4 134.48 392.79 256.34 447.58 0.783828
4 483.75 295.52 597.59 337.42 0.783052
4 479.54 322.60 585.44 368.60 0.779909
4 97.55 422.95 227.72 484.11 0.769857
4 387.52 157.69 447.02 184.95 0.753987
4 347.82 583.19 493.50 653.02 0.749008
4 519.54 237.67 604.42 274.77 0.742146
4 490.01 61.26 543.85 85.23 0.739934
4 489.61 60.76 542.90 84.97 0.739497
1 599.81 328.36 614.79 361.41 0.737396
4 384.32 192.81 455.86 229.48 0.721341
4 387.26 157.15 447.36 185.92 0.720695
5 612.38 57.85 680.29 102.61 0.719523
4 491.86 296.23 597.77 338.18 0.717593
4 523.27 221.23 615.50 255.04 0.714322
4 345.15 205.52 428.70 245.39 0.708053
4 345.09 204.77 428.69 245.15 0.706742
4 203.61 333.10 294.17 381.49 0.706373
4 480.17 319.60 585.74 368.38 0.697973
4 498.32 275.41 595.04 311.28 0.688540
1 599.76 328.26 614.27 361.25 0.686419
4 386.47 192.06 456.32 230.24 0.685918
4 291.63 232.83 383.94 279.41 0.685895
4 204.75 332.50 293.74 381.17 0.673013
4 362.63 164.47 439.16 198.89 0.671453
4 529.97 220.22 615.76 254.28 0.661708
6 613.76 57.87 680.32 102.89 0.661655
4 542.50 200.95 615.42 232.01 0.660136
4 552.91 165.28 625.72 197.15 0.637477
4 213.60 300.64 336.86 350.50 0.636705
5 581.18 105.02 661.64 156.95 0.630847
4 464.08 520.96 518.27 585.97 0.617974
4 518.72 238.05 604.21 275.57 0.609557
6 701.91 63.58 766.70 102.46 0.606811
4 510.23 254.90 595.07 289.48 0.603592
4 538.47 188.74 618.99 221.93 0.596019
4 135.29 210.25 178.98 265.93 0.570165
4 366.29 164.54 439.51 199.78 0.563519
4 572.91 149.47 636.35 172.13 0.561912
4 91.29 265.46 116.31 290.48 0.559199
6 582.11 105.00 661.58 155.72 0.550718
4 554.36 167.05 625.99 199.52 0.547628
4 572.31 151.69 635.53 173.52 0.547531
5 427.98 89.79 471.69 140.40 0.533537
7 678.04 116.58 755.36 182.20 0.514600
5 429.09 90.24 471.47 140.31 0.510391
4 504.83 42.16 537.15 62.40 0.488021
4 56.31 152.72 95.73 174.75 0.487975
4 535.33 48.64 564.94 73.45 0.487449
4 534.01 48.42 564.29 73.64 0.486572
4 218.13 301.36 335.93 351.12 0.477389
4 147.14 300.46 183.71 344.11 0.462664
4 541.76 202.19 616.49 235.75 0.455264
4 319.20 206.81 350.52 232.92 0.440257
4 521.49 10.45 544.01 32.01 0.440119
4 726.73 0.00 756.86 10.72 0.437201
4 521.34 10.92 543.85 31.44 0.422553
4 43.32 289.35 71.82 323.79 0.417964
4 545.47 43.19 573.82 64.41 0.417560
7 677.12 117.21 755.75 182.42 0.413526
4 505.48 42.51 536.35 63.41 0.410764
5 717.54 114.10 763.27 153.49 0.402936
5 718.59 114.73 762.18 153.64 0.398786
6 700.15 28.08 774.22 102.72 0.398474
4 147.31 300.20 183.56 343.43 0.381996
6 720.09 29.10 772.83 69.06 0.368577
4 91.60 265.71 115.23 290.63 0.368417
4 134.96 210.77 178.76 262.81 0.367552
4 501.95 10.50 519.64 29.32 0.360270
4 742.84 15.45 759.54 30.98 0.359272
4 742.63 16.02 759.78 30.69 0.335811
4 566.63 15.07 589.54 34.41 0.331252
4 567.43 13.48 589.58 34.50 0.316948
4 464.11 586.38 492.25 651.82 0.316014
4 0.14 444.81 13.78 483.60 0.314959
4 42.88 289.54 72.62 323.77 0.313580
4 67.29 269.19 96.29 310.21 0.296691
4 319.27 206.94 352.65 233.04 0.296560
1 503.42 269.44 514.94 290.20 0.293822
4 501.65 10.84 519.31 29.19 0.288390
7 698.19 146.55 753.37 181.69 0.277815
4 0.10 444.87 13.98 483.33 0.256983
6 546.61 2.43 590.68 34.53 0.248378
4 67.51 269.27 95.90 307.94 0.242027
6 636.80 8.15 696.74 58.87 0.237078
5 429.75 110.55 458.05 139.81 0.229355
6 654.36 7.10 698.02 39.33 0.209077
1 177.01 339.11 193.03 366.94 0.200339
4 464.04 642.02 479.59 712.32 0.200025
6 612.02 5.82 698.81 102.56 0.197510
4 0.18 416.99 42.00 483.14 0.098571
6 464.04 89.70 471.78 130.91 0.067600
