4 1702.37 558.43 1863.53 623.81 0.964587
4 1490.52 591.87 1654.88 669.43 0.958363
3 1840.53 632.57 1875.66 669.97 0.943969
4 1368.05 1182.42 1715.51 1382.66 0.937918
4 638.62 561.12 752.46 623.77 0.934884
4 290.20 720.37 487.59 852.22 0.932390
4 728.11 571.24 823.51 630.82 0.931344
4 200.62 502.59 333.86 551.87 0.926355
4 289.91 720.98 487.19 851.48 0.920344
4 1231.19 620.16 1316.44 691.85 0.920331
4 1125.57 619.40 1216.97 696.63 0.919513
4 1125.69 618.24 1217.17 696.07 0.909166
4 0.43 453.29 100.15 490.30 0.907298
4 58.89 402.49 165.34 436.12 0.904960
4 1229.65 619.92 1316.45 693.69 0.904643
4 361.43 522.99 459.57 576.61 0.900794
4 814.08 601.32 882.93 672.87 0.899898
5 554.65 544.61 661.60 619.20 0.899793
5 555.02 543.57 666.76 619.76 0.895882
4 1368.53 1181.76 1714.95 1383.26 0.892496
3 1838.21 632.94 1878.57 671.23 0.886443
4 1489.91 604.14 1655.95 670.32 0.883712
4 726.95 570.08 822.39 631.82 0.878562
4 814.26 600.95 882.37 673.01 0.869452
4 906.47 585.11 974.77 652.29 0.867492
4 224.81 461.73 341.01 503.88 0.867281
4 638.26 560.94 753.66 623.86 0.861492
4 291.34 354.47 376.69 388.93 0.859759
4 199.66 500.91 333.93 552.11 0.858422
4 906.54 585.09 976.15 653.02 0.846515
4 416.48 532.37 529.28 591.61 0.846387
4 1024.75 581.25 1074.81 644.42 0.837797
4 0.31 452.23 100.54 490.66 0.834281
4 57.74 402.30 167.40 436.11 0.828923
4 159.44 327.92 235.31 349.86 0.827791
4 361.52 523.37 456.28 577.30 0.823159
4 1702.85 558.79 1864.23 623.32 0.820434
4 219.35 441.24 338.20 475.60 0.819338
4 0.00 488.75 61.62 532.81 0.813791
4 138.98 343.60 217.05 366.32 0.804074
4 161.20 327.15 234.85 350.78 0.796574
4 638.83 604.03 707.53 623.07 0.791715
4 105.73 364.95 194.42 390.59 0.784324
4 220.68 441.07 341.81 473.95 0.783078
4 89.83 384.05 182.27 412.55 0.782738
4 111.47 364.83 193.96 389.73 0.773336
4 223.77 462.53 340.82 503.37 0.766666
4 1026.28 579.44 1075.26 644.71 0.760687
4 291.09 354.50 376.09 390.62 0.755339
4 88.37 383.55 182.92 412.11 0.750984
4 255.75 266.39 297.62 283.45 0.738634
4 311.24 335.19 382.10 359.74 0.732939
4 312.59 334.59 382.31 359.22 0.732100
4 418.59 532.13 530.64 591.79 0.724374
4 0.17 490.43 62.62 533.17 0.714891
4 557.41 604.07 616.86 619.02 0.696658
2 1858.34 613.06 1884.70 662.32 0.694662
4 141.17 346.10 212.17 366.14 0.690189
5 215.17 402.82 360.46 460.76 0.687221
4 1742.63 603.67 1863.20 622.81 0.672628
4 252.12 261.11 295.48 282.63 0.670345
6 471.72 436.91 592.33 522.00 0.659546
4 343.49 286.98 380.48 309.96 0.654780
4 1976.33 773.67 1999.82 835.27 0.653340
6 75.79 218.43 98.60 241.38 0.643675
4 319.30 315.73 385.09 343.07 0.640103
4 318.05 314.88 386.29 340.09 0.618118
4 217.64 301.30 249.64 327.72 0.608412
4 343.41 289.56 380.64 309.95 0.590270
1 365.27 406.16 384.21 444.45 0.555211
4 327.06 210.43 345.72 220.85 0.527943
6 474.17 435.92 593.62 523.59 0.526468
5 216.17 407.25 355.37 464.68 0.506620
4 106.51 226.84 132.43 236.46 0.504974
4 216.36 300.94 249.87 329.44 0.503081
4 282.70 223.33 308.86 235.31 0.482908
4 341.10 216.40 357.97 227.76 0.479206
1 364.37 403.71 386.00 445.31 0.452386
4 716.32 563.03 754.00 607.63 0.434404
4 48.73 200.82 63.82 214.28 0.429673
4 343.23 258.25 372.13 278.74 0.402075
4 348.62 273.26 374.60 290.77 0.388597
4 0.17 526.80 13.74 559.57 0.385280
1 337.29 417.01 358.45 460.88 0.358690
4 340.96 211.60 359.26 227.84 0.347935
4 0.01 528.66 13.12 561.16 0.347366
1 1858.21 612.44 1885.41 662.15 0.340604
4 1977.45 773.28 1999.81 828.55 0.337640
4 348.33 283.40 376.19 296.75 0.320868
3 342.55 257.49 364.43 273.51 0.303102
4 326.41 208.26 345.40 222.35 0.280832
4 350.27 268.24 373.50 280.79 0.265486
4 1980.11 521.81 1999.86 553.98 0.239178
2 1465.73 1238.68 1533.04 1313.68 0.214541
3 975.40 193.84 1004.30 237.88 0.205355
6 108.90 200.30 134.02 215.84 0.200381
4 1509.58 553.34 1548.90 581.17 0.195794
1 1396.97 604.64 1414.30 626.59 0.195638
4 1975.50 504.09 1999.67 551.59 0.169514
4 1490.89 590.62 1560.39 633.23 0.163466
4 1463.62 603.95 1496.17 621.95 0.100301
4 1507.93 550.04 1547.44 581.32 0.093278
