4 573.55 1009.97 593.93 1049.09 0.804590
4 449.55 766.67 482.46 787.84 0.797642
4 383.43 1018.71 421.81 1044.64 0.796157
4 400.21 983.33 436.36 1012.78 0.789585
4 507.16 945.57 550.98 977.17 0.787590
4 813.72 764.49 836.61 797.54 0.774697
4 402.11 984.09 436.52 1012.93 0.771202
4 385.33 1018.81 421.48 1043.84 0.768966
4 634.04 609.92 657.99 627.70 0.762894
4 506.07 945.05 550.73 976.94 0.757517
4 800.29 713.42 816.64 743.16 0.752329
4 635.38 610.25 657.86 626.52 0.728743
4 792.67 237.30 809.49 245.98 0.728625
4 529.18 671.80 557.68 690.62 0.715203
4 134.57 622.30 158.67 641.31 0.701381
4 790.80 666.56 806.45 693.62 0.700162
4 623.24 643.53 647.19 662.77 0.699984
4 650.13 581.70 669.40 603.35 0.693111
4 451.07 766.94 482.10 788.61 0.690303
4 563.30 932.23 593.45 960.92 0.682891
4 790.87 666.54 806.67 692.99 0.682863
4 800.16 713.46 816.50 742.57 0.682533
4 564.55 932.59 593.23 961.67 0.676341
4 822.47 815.57 852.78 845.17 0.676170
4 831.44 514.36 844.79 536.14 0.664231
4 573.16 1009.32 592.81 1048.81 0.657987
4 623.64 643.21 646.49 661.68 0.637368
4 792.32 236.58 809.31 246.57 0.614957
4 527.09 671.19 557.67 691.78 0.613598
4 465.34 651.91 495.22 670.29 0.612016
4 613.11 668.54 639.13 690.21 0.611572
4 827.02 480.76 839.45 502.62 0.606472
4 650.38 581.50 669.82 602.96 0.600985
4 831.28 515.07 844.97 535.38 0.598564
4 749.63 340.52 770.04 350.22 0.594932
4 135.08 622.96 157.19 640.90 0.585290
4 203.45 747.49 224.11 764.77 0.572079
4 785.68 250.11 802.80 261.31 0.566117
4 827.72 480.70 839.91 502.45 0.556514
4 757.77 321.99 772.84 334.15 0.552049
4 506.57 752.98 528.30 784.66 0.529374
4 814.13 763.97 836.25 797.34 0.515451
4 771.28 259.51 791.81 273.77 0.512024
4 705.62 272.63 720.49 283.13 0.501716
4 784.98 250.54 803.31 262.38 0.498566
4 203.52 746.86 223.75 765.29 0.484864
4 911.78 162.77 927.74 188.11 0.481023
4 823.23 815.00 845.13 839.13 0.479496
4 766.46 308.27 781.32 320.11 0.475938
4 748.75 339.51 770.70 350.16 0.475096
4 655.06 641.36 678.33 662.93 0.473694
6 358.94 661.01 486.72 786.47 0.461884
4 835.09 426.08 859.80 466.23 0.456286
4 504.01 686.32 517.17 716.44 0.451703
4 591.90 591.78 607.28 605.27 0.451442
4 533.56 88.11 561.02 102.32 0.446712
4 694.29 591.12 717.19 602.90 0.445219
4 720.48 294.03 741.84 306.36 0.441152
4 592.43 591.52 607.69 603.97 0.440473
4 705.65 270.92 720.53 282.67 0.423603
4 623.06 792.97 637.40 810.73 0.421595
4 676.74 523.28 690.19 543.62 0.420526
4 878.59 255.15 897.62 264.27 0.416968
4 839.77 390.35 855.53 409.79 0.408769
4 465.85 652.36 494.55 670.10 0.407056
4 633.71 477.26 648.13 492.43 0.404828
4 590.91 347.28 616.83 364.77 0.401782
4 680.83 186.03 697.12 195.31 0.401746
4 720.39 293.03 741.77 305.79 0.400046
4 656.43 641.10 677.26 661.88 0.395590
4 911.97 162.71 927.53 188.27 0.394055
4 836.65 448.42 852.02 466.34 0.388820
4 875.66 303.63 896.41 336.35 0.385560
6 621.40 82.38 667.36 105.21 0.385054
4 883.78 620.61 907.74 642.05 0.384600
4 578.02 26.34 597.54 40.60 0.378107
4 627.24 811.52 646.73 846.29 0.376044
6 621.32 82.78 667.49 105.94 0.373414
4 613.82 667.48 639.13 688.68 0.370165
4 771.16 258.76 790.52 272.18 0.367828
4 533.45 88.90 560.85 102.58 0.367437
4 622.79 791.69 638.52 810.32 0.365596
4 611.91 812.12 632.12 845.32 0.361935
4 506.11 752.87 527.49 785.14 0.358655
4 839.56 363.02 864.81 410.27 0.356217
4 503.70 651.25 530.21 670.63 0.355351
4 767.45 307.93 781.48 320.04 0.353444
4 46.54 834.43 68.03 851.49 0.347403
4 507.34 651.01 530.51 669.06 0.343821
4 677.40 522.73 690.59 543.08 0.338490
4 400.06 216.45 420.60 228.64 0.335652
4 644.87 663.35 666.49 685.99 0.334035
4 836.22 448.70 852.36 466.96 0.331060
4 752.94 384.27 773.80 402.44 0.325505
4 580.47 26.06 597.26 41.29 0.321182
4 644.57 663.83 666.02 685.08 0.320987
4 654.89 562.70 668.15 574.16 0.311996
4 400.74 215.39 421.44 228.36 0.311647
4 717.71 170.62 735.94 187.54 0.308829
4 962.99 0.00 973.94 9.22 0.306309
4 379.45 970.64 401.28 994.93 0.299481
4 677.98 582.96 694.41 597.66 0.287890
4 678.69 25.49 694.09 38.97 0.283299
4 957.41 53.88 965.42 64.64 0.282179
5 675.55 626.62 702.98 678.16 0.274292
4 506.40 769.05 518.78 785.16 0.274200
4 881.08 256.01 897.21 264.08 0.273178
4 877.00 319.43 890.57 335.06 0.269708
4 677.62 25.97 693.42 39.80 0.268955
4 783.09 316.17 803.16 326.68 0.265831
4 757.72 319.51 773.88 334.72 0.265712
3 901.55 363.28 922.22 394.35 0.264965
5 835.41 426.66 859.90 466.28 0.264324
4 1017.44 241.66 1030.69 259.48 0.264181
4 590.08 347.29 616.84 365.26 0.262266
6 356.24 662.75 486.49 786.68 0.256606
4 610.71 810.82 632.78 846.04 0.252718
4 934.53 219.18 948.49 232.66 0.252564
6 1155.91 187.02 1265.93 346.89 0.249942
4 962.80 0.00 973.45 8.73 0.242013
4 923.43 375.89 949.48 413.53 0.241076
4 929.04 396.84 940.56 409.43 0.240731
4 1228.21 333.80 1251.09 349.61 0.239294
6 657.27 161.64 706.30 185.46 0.221907
4 840.02 389.45 855.47 409.99 0.219896
4 495.18 587.56 514.18 603.01 0.219445
4 1146.30 353.10 1165.95 375.65 0.214785
6 670.66 154.78 769.12 259.74 0.208821
4 934.80 217.61 948.33 232.33 0.204561
4 1145.20 353.76 1165.92 376.87 0.204409
4 880.89 12.19 892.11 21.36 0.203859
4 1215.32 168.42 1227.61 182.56 0.203359
4 719.86 540.67 736.71 556.21 0.197001
6 1154.97 187.24 1266.35 351.47 0.190378
4 880.32 741.33 898.80 767.96 0.189508
4 771.91 278.66 784.29 292.33 0.188267
2 801.81 954.95 820.66 988.62 0.187325
5 473.82 680.59 516.84 717.45 0.186165
4 755.58 443.31 764.69 458.26 0.183595
4 573.73 1007.56 625.14 1049.00 0.180643
3 807.61 251.57 821.32 279.09 0.178375
4 743.65 384.00 753.92 395.07 0.178027
6 771.93 323.89 808.34 354.71 0.177666
4 736.02 622.22 751.12 640.13 0.176771
4 670.20 548.70 685.73 566.30 0.174289
6 528.05 560.50 607.50 682.09 0.166261
4 45.78 834.69 66.72 851.99 0.164935
6 640.38 891.09 688.68 1012.05 0.163575
4 940.71 376.02 949.42 389.51 0.162185
6 582.44 1.21 607.01 25.09 0.157630
4 334.79 1000.92 347.78 1013.94 0.156972
4 662.17 549.51 673.39 564.62 0.156503
4 1017.45 241.33 1031.56 259.44 0.153838
4 699.54 811.13 713.45 836.26 0.152574
6 790.91 199.30 810.60 215.70 0.151281
6 628.34 812.64 646.79 846.82 0.149327
1 1053.18 854.76 1084.18 895.12 0.148093
4 268.99 952.47 280.05 965.06 0.145934
6 718.08 170.32 735.98 188.67 0.139832
4 1105.22 89.01 1120.13 103.04 0.138452
6 527.32 434.97 648.95 685.26 0.132116
9 876.19 303.23 896.10 335.76 0.036867
9 839.18 362.85 864.91 410.03 0.031426
