4 834.43 869.75 1139.78 1095.45 0.974243
4 834.83 869.54 1139.62 1095.06 0.960245
4 937.78 132.31 1191.41 359.55 0.943923
4 937.55 132.69 1191.48 357.41 0.935369
4 0.38 876.57 233.62 1032.87 0.828786
5 958.23 0.00 1230.00 80.63 0.784078
5 325.80 604.23 511.30 883.88 0.781631
4 165.71 307.70 543.55 485.69 0.778038
4 999.27 612.71 1371.47 824.14 0.744427
4 0.32 875.37 232.27 1031.11 0.733847
4 176.49 48.80 450.11 220.39 0.733170
4 1887.99 1071.68 1999.27 1406.46 0.715613
4 834.27 956.15 895.66 1095.03 0.706435
4 165.96 308.18 543.59 483.43 0.690773
4 999.33 607.96 1369.65 823.62 0.685083
4 1104.13 100.01 1191.57 280.24 0.629746
4 175.62 47.75 450.46 222.64 0.613605
4 0.33 761.53 291.86 895.50 0.552733
4 820.15 1127.20 1097.32 1375.49 0.475210
4 326.85 590.09 512.97 883.61 0.369186
10 819.73 1126.22 1099.15 1376.53 0.307365
1 1134.27 1419.63 1176.87 1498.99 0.303454
4 1931.35 517.92 1999.06 638.28 0.303348
4 1025.93 870.47 1121.45 895.48 0.270526
1 869.82 981.63 931.98 1066.50 0.265020
4 1791.09 146.59 1997.65 350.39 0.262472
4 1874.87 1070.49 1999.43 1499.05 0.248689
7 220.64 583.61 324.38 779.46 0.247373
7 0.62 1069.83 304.40 1498.92 0.237116
7 0.29 758.63 319.79 1498.49 0.230018
6 1104.48 375.31 1342.58 595.17 0.210933
4 1104.04 850.85 1140.67 993.95 0.195949
7 221.15 584.70 322.99 780.40 0.175268
4 1929.79 517.88 1999.24 637.38 0.115355
5 1233.09 399.47 1342.27 582.42 0.115092
10 1791.98 147.53 1997.74 350.34 0.111395
