4 794.60 201.15 964.63 300.72 0.942700
4 794.84 201.22 963.66 300.42 0.941806
4 571.04 245.47 745.93 353.56 0.930634
4 782.78 112.63 945.39 209.63 0.925689
4 1016.29 149.77 1179.84 244.87 0.921903
4 781.71 112.54 944.69 209.35 0.919747
4 570.90 245.65 745.29 353.52 0.912299
4 1041.32 47.81 1205.77 151.35 0.905184
4 781.82 154.15 895.59 209.70 0.901086
4 1041.27 51.64 1205.52 151.41 0.900833
4 1016.90 149.32 1179.83 245.55 0.898011
5 541.67 158.70 731.73 271.76 0.844017
5 540.19 158.98 731.07 271.17 0.785061
4 164.82 745.80 333.66 943.70 0.672423
4 1261.39 504.62 1392.57 611.80 0.562494
4 1257.80 503.06 1392.40 610.94 0.370198
4 166.26 746.06 333.47 943.87 0.353130
9 382.52 481.65 1398.44 1046.36 0.323940
1 298.32 422.47 372.88 664.04 0.107053
10 351.76 44.06 406.68 97.96 0.051293
10 298.30 422.54 374.51 664.83 0.043724
