4 548.05 65.54 571.43 90.74 0.828714
4 548.41 65.34 571.80 90.32 0.793089
4 677.41 712.28 721.04 780.66 0.693276
4 481.46 384.53 510.24 427.89 0.675977
4 677.04 712.65 721.53 781.14 0.674863
4 615.45 214.33 640.27 250.84 0.631981
4 532.22 406.05 561.13 452.25 0.631744
4 531.97 405.45 561.49 452.38 0.629375
4 616.02 214.06 640.46 250.81 0.618057
4 482.32 384.77 510.45 427.77 0.594544
4 257.11 499.87 291.14 527.54 0.578583
4 254.73 295.10 291.49 312.76 0.548114
4 584.90 709.30 627.27 777.42 0.525775
4 526.83 186.20 547.00 228.36 0.468712
4 618.92 567.04 659.87 629.13 0.450769
5 503.31 327.18 529.27 369.37 0.447270
4 918.93 346.66 965.03 375.81 0.433530
4 590.68 214.16 611.28 251.39 0.428040
5 592.72 477.33 630.60 541.47 0.423200
4 260.18 0.00 293.08 11.29 0.414128
4 239.50 294.53 291.02 318.28 0.398761
5 592.84 477.09 629.84 540.79 0.376535
4 592.00 213.00 611.32 251.15 0.367854
5 526.73 186.31 546.59 229.23 0.366708
4 416.44 138.91 443.91 154.79 0.350982
4 504.06 326.84 529.36 369.53 0.344733
4 408.70 125.38 433.44 146.64 0.333225
7 493.80 418.21 564.10 565.00 0.327240
5 584.74 709.31 625.90 777.67 0.309105
6 568.31 531.80 622.24 623.89 0.301509
6 671.51 29.13 773.97 136.31 0.297275
4 551.78 478.83 588.90 536.48 0.294282
4 481.36 58.57 499.93 71.72 0.292681
4 1004.70 432.42 1034.51 465.85 0.286950
5 601.38 637.70 693.80 787.52 0.271448
4 927.83 202.20 945.49 232.45 0.271000
4 919.45 347.44 964.62 374.74 0.269516
4 720.00 315.61 734.52 327.20 0.247943
4 551.95 478.06 589.03 533.53 0.236345
6 601.53 637.37 693.97 787.38 0.236208
4 927.50 202.02 945.70 232.77 0.234702
4 894.17 305.89 911.61 324.30 0.231570
4 618.84 566.98 659.30 629.78 0.216033
4 1004.76 432.13 1034.57 465.66 0.208816
6 494.84 421.01 564.09 562.36 0.197389
6 568.45 531.43 622.01 624.38 0.189307
3 117.57 309.78 161.15 367.41 0.095563
