4 1079.94 807.52 1342.75 895.61 0.964386
4 1414.93 271.66 1718.03 484.19 0.958599
4 1104.33 807.69 1344.28 1073.96 0.954110
4 1761.07 690.74 1999.44 955.53 0.943324
4 972.30 0.13 1110.21 66.26 0.914966
4 987.72 808.30 1344.14 1089.09 0.904824
4 1842.62 128.05 1999.50 362.86 0.880721
4 973.38 0.35 1099.72 65.90 0.872656
5 1077.82 0.11 1341.78 141.97 0.866967
4 880.98 617.39 1225.16 858.03 0.855265
4 1415.38 281.01 1611.58 485.11 0.853746
4 1755.37 687.35 1999.62 956.75 0.845753
5 1078.71 0.10 1340.67 142.45 0.844125
4 880.72 617.71 1225.11 857.18 0.832892
4 1507.97 438.84 1611.77 612.26 0.811164
4 1166.07 1208.53 1710.58 1498.55 0.811093
6 1281.50 136.10 1571.25 353.90 0.803578
4 611.38 610.77 679.59 704.63 0.790018
5 1199.46 26.88 1440.00 206.83 0.783877
4 1104.20 617.60 1224.58 792.58 0.776565
5 1199.61 28.08 1439.77 206.48 0.775803
6 1281.77 137.90 1570.20 356.97 0.766855
4 1842.59 127.53 1999.73 364.53 0.766003
4 1667.52 0.16 1820.38 137.71 0.744896
4 1101.43 1212.74 1611.35 1498.90 0.678688
1 535.73 401.29 608.13 490.86 0.567970
4 1510.66 354.75 1848.21 610.19 0.566679
3 551.86 145.13 588.12 200.57 0.537816
1 774.10 413.25 796.80 447.35 0.492433
7 437.22 282.26 575.72 370.76 0.472335
2 534.43 403.48 608.08 494.70 0.470909
4 1507.98 353.36 1847.37 611.57 0.449524
4 1666.80 0.00 1822.31 137.19 0.439766
6 660.83 693.31 734.42 775.08 0.426582
7 548.38 125.53 650.73 202.78 0.426426
4 716.13 703.92 736.62 770.97 0.420585
3 776.56 942.55 841.56 1013.32 0.407225
7 722.94 190.18 823.79 322.46 0.403512
3 772.75 941.63 841.20 1011.70 0.392636
3 676.13 469.37 771.45 550.15 0.384474
3 722.06 395.08 833.16 476.79 0.365261
3 550.63 142.34 590.33 201.30 0.342828
7 741.22 224.73 823.63 323.22 0.338555
3 383.95 128.14 482.46 202.43 0.336024
2 442.21 287.08 549.69 364.97 0.306777
3 384.36 129.20 424.73 201.69 0.306736
3 722.80 394.88 772.76 469.83 0.300618
7 483.46 303.37 575.44 373.63 0.291559
3 808.75 1049.29 851.01 1098.99 0.288020
1 555.23 121.05 582.99 171.88 0.268549
7 527.27 487.45 594.51 574.17 0.255411
1 484.76 920.06 584.04 992.55 0.244617
10 661.92 693.97 736.37 773.40 0.226803
1 629.86 495.73 664.95 550.35 0.214570
2 498.61 289.48 545.59 336.42 0.203386
3 773.80 411.19 833.08 457.76 0.199624
7 526.93 487.79 590.34 558.97 0.193904
3 717.18 394.08 832.84 506.56 0.192213
2 484.92 925.05 528.48 991.54 0.179233
7 586.88 137.76 650.10 190.02 0.177472
7 429.08 147.70 482.54 191.73 0.174912
3 384.71 129.89 427.05 200.49 0.168878
1 1332.10 286.94 1376.56 322.90 0.167572
3 716.34 442.93 783.77 505.06 0.164249
2 534.64 456.89 569.97 495.81 0.131377
2 570.79 780.61 633.26 833.92 0.129467
4 603.11 610.48 681.01 706.53 0.128750
10 1201.09 230.60 1243.01 292.15 0.036674
10 785.15 1004.57 820.47 1050.39 0.029177
10 1200.79 230.83 1244.42 291.81 0.023294
10 1303.89 334.45 1346.43 389.44 0.014067
