3 1521.60 714.03 1598.59 782.86 0.950006
3 1521.40 711.13 1599.79 776.82 0.940611
3 1749.58 845.98 1843.94 909.88 0.921592
3 1188.22 584.98 1233.83 632.19 0.874370
3 1189.91 589.23 1234.33 632.90 0.865105
2 685.56 726.15 719.09 784.29 0.828228
2 857.06 688.32 892.68 767.88 0.823789
3 908.23 768.96 952.80 822.02 0.814967
2 814.39 661.87 849.21 698.71 0.806683
3 996.14 896.96 1038.96 944.26 0.803862
3 1406.78 521.97 1461.63 587.77 0.796556
2 1100.45 565.10 1128.98 623.17 0.790752
3 1751.71 846.83 1844.35 909.54 0.781847
2 899.18 685.83 933.69 736.39 0.739447
2 997.40 833.00 1025.75 889.41 0.700550
2 923.29 544.88 947.36 595.22 0.698378
2 865.29 623.13 895.50 679.38 0.698110
2 923.60 546.48 946.36 594.52 0.691211
2 1016.68 792.44 1047.90 853.23 0.682620
2 965.65 742.30 993.44 787.90 0.666345
2 856.65 688.54 892.24 766.43 0.657300
2 684.65 725.34 718.40 786.26 0.645910
2 996.07 831.26 1026.16 888.11 0.618920
2 894.09 519.78 920.22 587.05 0.618548
2 970.98 800.48 1000.34 872.23 0.606062
2 813.87 660.79 848.01 699.88 0.599366
2 895.16 520.41 919.17 588.28 0.593705
2 972.78 802.66 999.22 872.44 0.588559
2 773.35 636.67 808.19 677.93 0.587977
2 1036.86 759.14 1074.47 816.63 0.583957
2 1033.33 843.62 1071.96 887.07 0.558769
2 1016.32 791.32 1045.57 854.17 0.535642
2 884.18 639.24 906.01 694.70 0.534783
2 898.65 683.30 933.38 732.15 0.528877
2 727.40 622.71 759.87 680.49 0.525865
2 683.44 758.00 701.20 797.64 0.515788
2 941.68 721.89 962.24 762.32 0.507471
2 883.24 635.51 907.09 696.91 0.494920
2 207.71 277.72 246.04 347.68 0.468113
3 1428.02 526.00 1460.81 588.27 0.408392
2 728.68 623.37 760.59 679.82 0.406077
10 280.36 1027.47 603.01 1298.19 0.398628
2 960.87 713.87 989.19 760.83 0.397342
3 1101.34 603.86 1124.21 623.28 0.394392
2 206.57 279.17 236.46 337.42 0.394223
3 995.33 896.39 1039.40 944.86 0.393629
7 909.10 769.44 951.46 821.65 0.393517
2 773.15 636.74 804.50 674.90 0.382985
3 682.90 752.49 711.78 797.46 0.379278
1 1104.08 565.27 1128.42 622.30 0.377034
2 1400.99 466.02 1434.91 568.04 0.350310
2 763.66 634.77 781.39 669.43 0.347266
2 938.33 724.88 963.99 763.86 0.338474
2 949.39 837.97 967.60 878.38 0.337112
7 1036.41 758.39 1079.57 819.15 0.328348
3 1039.01 793.50 1078.69 819.93 0.317529
1 866.24 620.29 905.58 679.10 0.280182
2 755.43 632.97 780.19 672.22 0.267327
1 1406.96 515.80 1431.18 571.23 0.239484
2 719.81 618.69 1081.24 944.58 0.220500
2 959.39 713.62 993.35 787.15 0.186798
2 983.60 801.21 1000.81 832.34 0.143254
7 920.30 726.45 967.57 768.09 0.143060
7 1033.64 845.70 1071.99 888.93 0.104718
2 727.05 620.19 1077.61 944.35 0.089606
7 745.47 625.35 769.24 668.66 0.068295
