3 911.50 393.18 969.27 427.91 0.954308
3 911.65 390.41 968.75 423.62 0.951070
4 300.88 208.69 419.86 259.28 0.950180
4 301.01 208.38 419.88 258.91 0.947109
4 572.07 156.63 657.14 196.34 0.937764
4 0.27 623.43 144.28 766.84 0.910396
9 428.25 87.25 577.26 173.76 0.884729
4 0.26 623.29 145.35 766.37 0.876403
9 428.29 87.19 577.61 173.26 0.867266
4 571.21 156.66 656.61 195.64 0.865566
4 809.63 90.09 858.03 121.48 0.863453
4 810.01 90.54 857.45 122.11 0.859687
1 721.10 598.73 769.75 657.63 0.772188
3 245.42 778.05 362.07 861.89 0.766135
4 1180.09 53.46 1235.05 76.47 0.741292
3 512.41 317.15 535.01 358.01 0.740753
4 584.09 131.85 643.60 161.58 0.735735
2 586.77 719.79 629.20 804.79 0.723017
4 536.45 121.07 596.09 163.18 0.717840
4 1177.13 86.98 1255.58 119.37 0.714219
4 1177.73 86.08 1254.45 110.79 0.707707
2 721.25 598.04 770.91 657.87 0.695985
2 994.00 398.98 1020.58 457.73 0.691733
1 587.19 719.11 630.39 804.30 0.678350
1 993.96 399.62 1020.32 457.97 0.663041
2 549.48 281.85 575.23 331.71 0.661832
6 775.24 154.54 895.57 287.02 0.655788
3 245.64 777.68 355.84 862.37 0.655461
1 928.40 369.68 957.05 430.68 0.648521
2 921.55 275.08 938.68 322.56 0.644456
1 921.12 274.18 939.45 321.68 0.617128
1 549.51 281.48 574.60 331.94 0.610295
4 575.39 102.35 612.77 126.90 0.610080
4 597.27 107.73 650.57 136.03 0.607305
3 497.13 316.00 534.81 363.19 0.598259
2 930.31 370.21 957.27 426.81 0.597086
4 598.91 107.63 651.83 136.33 0.595314
5 434.25 153.83 525.30 174.10 0.594853
4 536.94 120.54 596.24 162.87 0.588166
4 0.02 435.02 28.85 485.33 0.581568
4 0.03 434.71 28.18 485.78 0.577915
4 573.89 131.46 646.35 166.78 0.574036
4 1180.27 53.93 1234.31 77.26 0.567136
1 776.11 133.57 787.97 159.26 0.566520
6 776.61 226.42 872.08 287.06 0.560854
4 576.10 102.17 611.83 128.00 0.558633
6 775.84 71.99 1002.30 286.62 0.552296
6 401.55 50.95 586.28 127.86 0.551987
2 548.25 188.04 563.98 225.44 0.551216
2 26.20 381.60 64.50 445.21 0.550733
4 953.05 32.47 978.82 56.10 0.539346
5 665.12 23.43 699.59 56.88 0.535514
4 637.96 112.90 692.66 141.56 0.532203
1 467.38 829.24 509.99 895.52 0.520759
2 560.13 189.30 576.47 225.41 0.506744
2 936.24 156.66 948.96 188.43 0.491355
4 1122.36 71.39 1161.79 94.79 0.490131
1 466.41 828.99 513.43 922.54 0.485135
2 511.51 304.01 534.47 351.38 0.480876
3 751.66 610.89 785.57 654.62 0.462938
1 26.02 381.17 65.67 445.47 0.461395
4 1070.91 136.60 1125.64 164.49 0.454582
2 547.49 187.03 561.66 224.27 0.452950
2 558.55 188.14 575.66 225.93 0.452066
5 665.74 23.30 698.69 56.06 0.443007
4 628.49 79.12 679.30 111.13 0.434552
6 405.09 51.94 588.11 129.33 0.424134
3 820.51 622.85 871.84 689.13 0.413832
4 0.04 587.36 22.59 635.28 0.406322
3 823.31 632.45 875.47 688.84 0.394081
5 627.52 78.88 679.67 112.56 0.390954
5 953.81 32.65 977.93 55.11 0.390068
4 651.62 93.68 695.84 117.25 0.388198
4 810.30 205.62 851.75 234.13 0.386997
3 751.29 611.74 784.75 662.79 0.381760
4 1122.72 71.28 1161.40 95.43 0.379436
2 775.97 133.54 788.69 159.01 0.375797
4 691.76 96.64 741.90 123.14 0.369607
4 774.54 70.95 822.49 98.85 0.350110
4 870.08 22.96 894.11 41.58 0.345794
2 867.69 36.39 879.81 64.83 0.318788
4 879.62 120.46 895.93 149.35 0.315780
4 913.74 155.37 940.26 169.65 0.314641
4 1167.95 83.55 1200.42 106.83 0.310641
2 588.48 194.81 602.20 228.63 0.308648
1 430.57 853.83 469.35 943.22 0.299913
2 911.39 171.96 926.37 216.67 0.299837
3 504.99 309.33 564.56 355.13 0.279598
4 869.76 37.29 895.80 64.20 0.274814
2 799.62 615.95 823.94 639.40 0.271521
2 935.17 157.66 950.27 192.15 0.265046
2 1017.63 44.77 1027.53 67.32 0.253486
2 953.12 170.46 964.87 193.94 0.247243
2 436.74 829.04 512.94 942.98 0.234095
4 1134.23 0.10 1154.21 13.68 0.231301
4 698.19 35.09 712.23 53.13 0.231289
2 430.25 854.39 462.60 895.81 0.223653
4 0.09 587.71 23.17 639.89 0.218192
6 775.45 70.41 1004.56 286.03 0.217202
2 587.69 178.06 605.20 225.49 0.216694
2 879.94 200.74 894.55 222.71 0.207120
4 1351.86 230.90 1390.10 261.22 0.177819
4 1224.64 33.43 1250.09 53.85 0.177788
2 1061.67 61.09 1071.83 84.38 0.172708
2 513.23 303.52 533.00 339.10 0.170382
2 1101.97 28.29 1113.52 51.67 0.167426
3 504.22 305.89 566.45 365.70 0.156962
3 696.84 795.74 735.31 849.88 0.153188
9 438.63 79.67 508.13 112.02 0.139114
3 489.67 315.14 535.76 368.36 0.133974
2 875.85 201.86 896.58 272.26 0.121627
2 800.80 616.30 847.37 687.18 0.111257
7 1010.56 147.53 1057.51 187.04 0.092360
9 820.33 6.21 878.71 41.39 0.073982
9 818.91 17.00 845.77 39.07 0.039929
