4 648.34 1015.26 686.19 1049.77 0.801563
4 657.97 109.54 673.03 128.12 0.790513
4 602.63 183.18 621.67 210.65 0.786913
4 808.83 717.58 840.48 758.64 0.783817
4 602.76 183.69 620.96 211.08 0.783106
4 658.38 109.63 672.67 127.88 0.769372
4 857.15 182.12 877.93 207.36 0.661896
4 648.14 1015.47 686.00 1049.42 0.620273
4 362.65 43.70 381.34 63.50 0.572547
4 809.31 731.00 841.07 759.42 0.557823
6 349.71 267.77 409.42 377.84 0.507562
5 349.09 268.15 409.57 378.19 0.466429
4 694.86 415.85 715.49 456.67 0.462129
4 869.48 876.52 895.56 895.46 0.456111
4 858.32 182.62 876.78 207.11 0.452209
4 742.25 66.30 762.66 82.91 0.418115
4 362.70 44.02 381.53 64.22 0.386339
4 756.65 21.40 767.42 35.02 0.379991
4 784.59 15.48 804.12 33.10 0.362598
4 741.87 65.68 761.67 81.57 0.361419
4 784.43 17.64 795.14 30.22 0.325012
6 384.40 0.34 541.46 99.04 0.314318
4 1070.77 386.86 1096.24 407.01 0.290455
2 825.50 997.86 841.52 1020.29 0.288138
4 1138.00 20.37 1159.32 33.24 0.277200
4 1203.90 946.31 1222.86 969.96 0.261719
2 46.21 141.09 59.56 162.07 0.258829
2 46.24 140.57 59.80 161.66 0.258288
2 670.82 0.21 678.67 11.45 0.240200
4 1136.96 21.82 1157.77 32.85 0.190420
2 824.80 998.01 840.82 1020.77 0.172135
5 518.89 479.29 569.05 537.21 0.163153
4 694.27 991.90 706.53 1008.57 0.157388
6 970.65 8.92 1019.96 60.94 0.138935
9 824.71 1.24 870.27 34.94 0.045795
