4 1039.58 544.59 1208.27 631.14 0.975179
4 1039.77 543.82 1209.35 630.78 0.970412
5 940.94 466.50 1109.74 568.18 0.939784
6 832.51 345.87 990.77 448.50 0.930158
5 940.72 466.67 1110.05 568.59 0.930059
4 775.50 341.99 878.89 401.79 0.929296
4 775.78 340.44 878.05 400.54 0.924042
6 831.20 345.44 991.18 449.37 0.909236
5 798.62 177.27 877.98 227.35 0.884341
5 798.25 177.08 877.09 226.98 0.866529
4 1157.23 111.59 1215.01 139.10 0.859624
4 1157.18 111.03 1211.79 138.44 0.797553
4 398.06 37.50 463.73 69.71 0.797075
4 397.61 37.47 462.34 69.10 0.791998
4 98.32 359.19 169.93 454.97 0.791978
4 253.85 0.58 285.37 32.66 0.790782
4 993.62 183.50 1065.34 235.17 0.782241
4 1050.12 172.93 1117.57 227.15 0.754265
4 252.99 0.45 284.81 32.64 0.748309
4 592.89 318.37 667.00 392.22 0.727490
4 993.02 183.48 1065.44 234.93 0.681200
4 199.83 291.32 262.39 373.17 0.679274
4 200.46 290.93 262.72 372.72 0.670112
4 940.76 195.51 1012.57 243.53 0.650770
4 1050.97 172.63 1114.90 226.57 0.646033
4 98.55 357.86 170.11 455.11 0.643704
3 683.20 198.84 706.81 234.50 0.643386
1 691.62 269.81 711.55 315.09 0.614673
4 941.17 195.09 1009.25 243.55 0.593852
1 728.06 236.08 741.68 263.05 0.581665
1 1114.62 285.96 1133.29 316.79 0.579067
1 748.68 484.88 771.38 535.84 0.557325
1 710.56 170.08 730.76 207.96 0.556088
1 748.17 484.31 770.54 536.76 0.554435
1 749.72 330.76 767.49 370.32 0.547343
1 722.99 481.21 747.12 529.10 0.526065
4 702.12 235.02 740.66 278.67 0.525932
1 762.00 297.59 779.15 329.18 0.518390
1 618.99 128.23 631.90 158.56 0.515538
1 691.57 270.07 710.56 315.24 0.514958
4 401.32 12.56 441.14 39.53 0.510125
1 723.06 480.38 747.66 529.87 0.510044
1 749.75 330.42 767.81 370.07 0.506658
4 703.50 233.78 741.30 276.99 0.504618
1 604.97 142.68 618.08 176.84 0.496908
4 953.24 132.37 985.69 153.55 0.491766
6 831.33 351.59 895.93 448.24 0.489776
4 592.72 319.42 660.99 392.56 0.482916
1 579.92 122.35 594.41 156.81 0.480574
1 1045.36 145.29 1061.69 180.81 0.471816
1 760.39 296.99 779.28 329.02 0.461500
2 686.18 197.46 705.23 229.06 0.445457
1 710.82 171.26 730.59 208.07 0.440495
4 876.82 208.40 914.76 239.16 0.440134
1 1114.07 284.73 1133.58 317.21 0.438809
1 727.94 235.42 741.96 264.09 0.438058
1 604.48 141.34 617.99 176.85 0.427602
1 1046.30 143.90 1062.32 179.53 0.422993
4 813.00 142.93 837.83 171.39 0.413475
2 618.46 128.02 631.90 157.72 0.412704
4 576.62 173.87 601.40 203.56 0.411515
4 409.38 82.98 442.77 125.79 0.410235
2 579.55 122.73 594.34 157.50 0.404355
4 830.78 326.85 895.93 358.00 0.387257
1 556.81 121.88 567.54 153.57 0.384934
5 721.83 259.93 758.17 321.96 0.383653
3 1113.86 302.15 1131.60 321.35 0.382148
1 647.25 325.40 667.60 364.59 0.366281
4 0.03 177.53 24.65 209.18 0.364733
7 189.82 853.66 260.43 927.91 0.363126
6 576.19 221.06 641.44 323.60 0.360188
4 408.92 82.90 445.31 124.71 0.354727
6 692.36 143.71 725.06 185.37 0.353051
4 401.45 11.81 444.07 44.31 0.349963
6 570.23 221.70 642.56 324.78 0.343093
1 835.12 419.58 854.70 456.86 0.335317
4 576.69 172.81 601.36 203.78 0.328643
2 556.45 119.43 568.10 154.70 0.324699
4 721.13 260.10 759.41 321.33 0.324298
4 866.34 127.84 897.81 147.66 0.317770
4 863.92 209.16 920.59 239.95 0.314826
1 384.72 62.16 397.22 93.38 0.314461
4 518.39 142.20 569.20 203.83 0.311654
1 1306.24 244.10 1324.88 278.81 0.311164
4 470.93 161.29 496.12 176.98 0.308911
4 809.64 240.17 846.47 271.40 0.306266
1 684.30 155.45 696.22 192.32 0.291728
4 0.18 178.88 24.94 207.12 0.278969
2 683.19 154.99 695.82 191.72 0.273287
4 826.10 239.74 847.16 267.82 0.265128
1 647.36 326.06 667.88 365.05 0.250733
2 337.10 0.97 351.69 24.99 0.249734
1 386.05 61.74 398.20 93.19 0.242309
4 876.11 209.94 895.77 239.06 0.241080
2 547.72 61.28 561.02 92.41 0.238695
4 1189.78 269.58 1220.11 302.35 0.223941
3 1113.45 300.78 1132.75 325.29 0.217921
2 537.93 77.83 552.74 120.14 0.210300
4 0.06 201.57 11.12 230.17 0.199409
4 1112.97 107.75 1135.87 134.11 0.186542
7 586.91 79.46 625.76 110.77 0.178187
9 955.74 111.17 1084.63 150.68 0.177731
2 538.30 77.72 552.71 120.93 0.177596
4 1186.22 270.86 1220.97 304.41 0.167444
4 0.36 129.07 47.39 172.75 0.165976
7 635.42 145.72 670.01 172.70 0.127893
7 813.05 142.94 838.02 171.89 0.091437
7 784.82 274.76 812.23 305.48 0.090697
7 756.15 227.70 778.89 251.99 0.079339
7 1065.50 122.94 1092.16 146.19 0.073343
9 439.49 120.92 456.03 154.72 0.027162
9 410.12 120.56 426.35 156.83 0.024173
