4 1376.41 802.27 1549.13 893.08 0.959340
4 1376.55 803.23 1548.86 892.62 0.928733
4 388.49 904.70 474.43 1022.76 0.905344
4 490.67 559.87 547.61 623.55 0.903603
4 32.33 1031.44 127.70 1079.73 0.902849
4 388.16 903.80 474.32 1023.39 0.891805
4 382.85 534.02 441.13 597.96 0.887765
4 22.67 489.35 133.72 552.57 0.886938
4 1360.65 456.88 1444.71 516.27 0.885000
4 1181.89 674.93 1284.85 775.78 0.884457
4 569.12 375.69 610.73 417.42 0.881528
4 300.16 753.35 393.28 866.95 0.874965
4 490.29 559.44 547.41 623.38 0.870023
4 1181.82 674.77 1284.73 775.78 0.862140
4 615.44 239.12 655.56 274.14 0.845256
4 382.98 534.48 441.30 598.58 0.841591
4 569.19 375.09 610.85 417.26 0.836964
4 1300.39 396.73 1365.02 446.59 0.835003
4 551.90 300.57 589.76 337.81 0.827370
4 136.43 427.63 220.24 489.27 0.826283
4 1360.45 457.07 1444.15 516.01 0.823406
4 547.44 238.21 586.01 273.90 0.821957
4 1494.66 547.15 1586.78 617.02 0.813245
4 123.85 846.78 203.43 895.68 0.813045
4 206.80 621.50 285.50 717.77 0.812358
4 547.88 185.79 580.07 215.50 0.811881
4 320.34 411.86 379.52 470.37 0.809633
4 1027.25 309.56 1069.45 353.95 0.809113
4 104.93 847.36 203.41 976.19 0.808833
4 1183.11 260.60 1226.54 290.11 0.806758
4 299.61 753.15 393.31 867.02 0.800179
4 161.61 734.43 246.15 843.16 0.798284
4 1494.83 547.12 1586.40 617.29 0.797409
4 540.22 97.81 568.45 124.47 0.796260
4 246.44 533.91 317.39 614.30 0.791847
4 615.03 240.06 655.80 274.46 0.791436
4 364.36 364.17 414.18 414.55 0.790843
4 658.95 92.63 682.83 114.64 0.789843
4 1221.15 290.77 1271.04 328.95 0.787498
4 1300.58 396.18 1365.67 446.13 0.785393
4 22.48 489.24 133.97 552.72 0.782504
4 551.35 300.15 589.27 337.76 0.781746
4 1220.44 291.69 1270.62 328.70 0.780794
4 1597.09 772.07 1647.47 846.83 0.780667
4 394.07 316.80 439.94 361.60 0.780315
4 616.97 88.72 643.17 111.63 0.777977
4 621.54 58.26 644.62 77.43 0.775988
4 1103.30 499.61 1164.58 572.28 0.773733
4 1182.70 260.33 1227.06 289.42 0.770650
4 1122.43 576.98 1187.84 663.00 0.768544
4 465.07 201.15 501.70 234.47 0.765286
4 547.13 239.86 584.50 274.00 0.763594
4 1084.22 435.40 1136.82 497.44 0.757650
4 1064.56 382.98 1114.78 438.36 0.753200
4 1596.84 772.16 1646.91 845.57 0.741284
4 1103.03 498.86 1163.76 572.06 0.741114
4 161.03 734.64 245.58 843.02 0.738540
4 1584.16 644.99 1677.63 730.83 0.737526
4 599.70 8.46 624.04 30.78 0.737107
4 546.93 184.72 579.66 215.55 0.736789
4 1583.48 644.53 1678.48 730.47 0.735936
4 104.99 845.61 203.41 976.18 0.735344
3 857.05 508.33 890.49 535.11 0.733639
3 857.66 507.95 892.03 536.32 0.730438
4 1083.75 436.13 1136.58 497.80 0.728128
4 1121.81 577.01 1187.76 663.21 0.726304
4 136.62 427.56 221.37 489.33 0.724897
4 1582.89 643.97 1611.85 701.09 0.724653
4 1258.20 341.93 1316.99 389.92 0.717691
4 1026.71 309.58 1069.34 353.54 0.713808
4 447.08 230.75 486.35 268.93 0.707788
4 658.48 91.62 682.88 114.90 0.707116
4 283.69 466.26 349.73 538.36 0.702534
4 650.28 0.15 669.06 14.50 0.700818
4 540.12 97.49 567.66 124.77 0.694337
4 232.85 272.40 279.52 310.60 0.691993
4 1258.34 342.14 1317.06 390.04 0.691000
4 1596.73 771.65 1727.80 850.20 0.678486
4 206.56 621.36 285.53 717.65 0.676379
4 422.78 257.48 468.18 307.38 0.673248
4 1064.78 383.31 1114.70 438.36 0.670023
4 706.06 0.00 725.22 13.74 0.668686
4 621.17 57.92 644.87 77.57 0.662352
4 245.58 532.11 317.76 614.45 0.661350
4 318.73 410.80 378.20 469.86 0.660850
3 829.21 408.76 868.04 436.96 0.659768
4 83.58 417.52 148.06 474.88 0.655482
4 616.59 87.95 642.26 111.89 0.653263
3 850.79 462.09 882.76 499.16 0.652697
4 1146.76 232.16 1172.74 257.45 0.652419
4 392.63 316.82 441.42 361.82 0.650043
4 704.62 0.03 725.62 13.43 0.644238
5 197.97 302.09 253.18 346.40 0.638188
3 830.86 410.07 868.00 437.59 0.631523
4 599.51 9.57 621.43 30.64 0.624366
4 167.72 335.57 225.96 385.12 0.623851
1 1599.32 400.80 1615.87 436.99 0.604940
4 711.38 564.68 729.18 601.95 0.604756
4 286.53 220.46 326.68 257.14 0.603247
4 332.08 184.10 368.90 205.82 0.589271
4 124.22 375.60 185.83 427.70 0.585387
4 465.07 201.11 501.25 234.80 0.582458
4 32.02 1030.38 128.34 1079.41 0.581405
4 364.43 363.39 413.93 414.48 0.577837
4 34.12 210.63 84.54 246.03 0.577712
4 283.61 466.41 349.78 537.66 0.572573
1 1423.43 355.95 1436.56 388.18 0.568705
4 1147.06 231.49 1172.49 257.33 0.565348
4 262.72 239.63 305.39 281.01 0.559405
4 649.85 0.33 669.38 14.80 0.556635
1 1844.26 532.63 1866.38 576.03 0.544124
4 447.25 230.31 485.97 268.44 0.536733
4 1596.99 796.25 1611.83 838.43 0.533896
4 233.08 271.99 280.89 310.80 0.529938
3 853.03 448.26 888.00 481.55 0.527952
1 1520.82 290.18 1533.83 324.36 0.523373
4 353.94 153.52 391.17 184.36 0.522855
1 1599.35 400.31 1616.60 436.71 0.522404
6 31.81 74.04 90.45 116.95 0.517247
4 713.04 1005.88 794.29 1079.38 0.509854
1 1423.39 355.52 1437.20 386.72 0.507017
4 385.54 124.56 416.56 150.40 0.495217
4 166.87 123.57 207.32 152.77 0.486173
1 817.66 375.84 827.71 405.31 0.483983
4 311.39 198.93 347.06 230.73 0.482245
4 422.03 258.99 467.33 306.82 0.475873
1 817.79 376.05 828.96 404.42 0.472217
1 1303.72 139.98 1316.39 161.96 0.471614
4 530.59 0.09 550.60 12.46 0.468082
4 353.96 153.98 390.87 184.96 0.463162
3 850.48 453.77 887.78 499.56 0.462319
4 0.21 246.29 34.12 284.13 0.460438
1 1374.51 183.39 1384.90 206.02 0.459060
4 709.74 564.90 728.86 602.05 0.458680
4 83.73 418.10 146.92 474.81 0.454847
4 373.15 141.91 401.13 166.90 0.454333
4 167.64 334.02 228.87 385.30 0.442904
1 1844.21 531.84 1866.97 575.14 0.442715
4 331.46 173.83 370.01 206.95 0.438964
4 1596.75 772.11 1723.66 848.28 0.432504
1 1104.10 7.85 1111.27 25.55 0.424056
1 362.66 132.23 373.05 154.68 0.417338
3 744.33 683.44 766.80 726.44 0.416834
1 1386.79 155.36 1399.45 176.98 0.415471
1 1520.53 290.26 1533.69 324.86 0.414245
3 66.87 384.68 84.05 413.44 0.410186
4 662.24 317.20 676.26 344.64 0.400176
1 298.08 201.25 309.71 221.83 0.394199
4 198.88 301.47 253.31 346.25 0.392708
4 219.68 91.26 254.06 113.04 0.391907
4 262.64 239.47 305.13 280.11 0.389545
4 124.27 374.71 184.77 427.62 0.384647
1 1373.33 183.14 1384.79 206.12 0.382492
4 423.76 95.98 443.39 119.73 0.380893
4 287.21 219.63 327.05 256.96 0.379228
4 166.73 123.27 206.50 152.54 0.378878
4 661.75 316.84 675.91 346.30 0.377470
3 744.92 685.53 766.63 726.59 0.376703
4 34.42 210.85 83.94 245.81 0.368984
4 310.86 197.54 347.09 229.75 0.368950
4 82.07 91.74 118.80 118.99 0.363455
4 527.26 0.05 550.16 13.30 0.359170
4 432.78 78.62 458.54 104.11 0.353630
1 196.26 267.31 208.00 294.89 0.350930
1 196.34 268.55 211.74 295.81 0.334926
4 716.21 1005.24 795.35 1079.52 0.333752
2 1116.30 15.62 1123.30 31.50 0.333526
4 81.89 91.78 119.38 118.97 0.332041
3 0.18 455.75 36.31 500.67 0.331029
4 176.92 39.70 210.94 63.36 0.330325
4 215.57 24.87 245.25 42.90 0.324129
4 6.42 184.94 71.79 209.30 0.317720
4 0.00 245.32 33.83 282.66 0.306236
3 1773.10 751.70 1816.85 803.82 0.303885
4 30.62 170.37 91.99 200.08 0.296602
4 402.08 117.86 429.37 134.90 0.293695
1 710.61 72.80 719.27 94.20 0.287430
2 1365.61 192.30 1373.69 207.61 0.283582
4 422.64 95.78 442.06 119.35 0.276321
4 0.03 151.20 16.17 171.38 0.275225
4 156.57 49.10 182.30 72.74 0.272833
4 494.09 17.40 514.64 38.50 0.271318
2 786.59 7.46 797.45 32.16 0.269241
4 0.14 204.81 37.11 232.07 0.268633
3 0.10 454.91 36.12 500.12 0.265972
1 1223.46 518.20 1236.92 542.43 0.264575
3 68.34 376.49 89.37 411.88 0.260700
4 742.61 87.94 755.58 108.88 0.257773
1 711.81 73.87 719.23 94.55 0.255418
6 1611.44 669.92 1782.47 895.35 0.255166
6 1106.92 192.06 1176.75 257.50 0.251273
3 824.74 381.51 858.35 401.24 0.237816
4 0.04 220.47 19.57 244.02 0.230962
1 1763.91 446.47 1785.24 491.19 0.226564
3 6.23 455.96 36.43 475.99 0.217479
2 774.56 64.92 785.60 88.27 0.211367
2 24.31 140.09 35.56 161.33 0.207265
4 1001.42 346.34 1017.67 376.75 0.203694
6 1106.59 191.33 1177.19 257.46 0.202216
2 1387.77 153.90 1400.18 177.76 0.199319
2 205.93 272.74 215.38 295.05 0.198248
2 1294.43 142.60 1303.86 165.60 0.172927
1 1764.53 452.65 1782.28 491.15 0.171327
1 1331.31 710.10 1347.82 736.41 0.135306
3 1597.62 419.74 1611.94 437.20 0.133374
4 1583.67 644.58 1643.25 682.10 0.128946
3 1737.47 72.88 1789.19 162.46 0.124090
3 1831.11 174.10 1855.89 204.82 0.114059
2 1628.42 316.12 1652.33 365.60 0.111074
2 1253.90 1.61 1282.38 74.66 0.085383
