1 719.50 479.38 768.50 539.49 0.775358
3 524.92 176.33 541.71 206.15 0.724225
1 719.46 479.35 768.65 539.35 0.712704
3 525.23 177.85 542.01 206.09 0.638560
1 510.17 196.28 527.68 239.66 0.525115
2 510.17 196.34 527.55 239.60 0.481872
1 214.90 432.94 261.81 488.31 0.450856
2 416.28 127.41 425.27 148.08 0.440675
2 343.97 287.85 359.26 336.20 0.430364
1 566.49 494.61 619.40 539.42 0.426073
1 215.60 433.15 262.18 488.57 0.421848
2 104.98 453.82 144.78 506.59 0.421802
2 416.30 127.38 425.18 148.70 0.419855
2 443.22 221.41 460.60 275.26 0.410398
2 211.91 324.32 230.93 368.00 0.408721
2 343.96 287.47 358.98 336.39 0.403516
2 486.30 153.83 501.07 188.44 0.400048
2 201.67 357.35 222.35 408.51 0.388140
2 568.29 494.27 618.44 539.52 0.375730
2 233.65 386.04 268.98 418.51 0.375561
2 443.37 221.29 460.98 275.37 0.375161
2 486.35 153.80 500.73 188.07 0.369735
2 273.08 270.67 292.13 317.60 0.368874
2 242.67 327.44 255.60 367.34 0.363756
2 211.92 324.17 231.03 368.19 0.361187
2 462.83 192.08 477.56 232.63 0.357883
2 226.51 284.75 251.94 329.44 0.355201
2 450.01 199.06 467.30 237.54 0.352963
2 412.86 202.52 427.34 249.26 0.352349
2 273.73 270.32 292.97 317.27 0.342107
2 201.69 357.56 222.80 408.34 0.341992
2 226.55 284.72 251.94 329.30 0.330139
2 503.06 175.00 518.43 212.93 0.326695
2 463.12 192.29 477.45 232.58 0.324828
2 242.09 327.76 256.09 368.12 0.321061
2 412.43 202.47 427.41 249.11 0.319139
2 85.08 465.31 119.58 530.87 0.318619
2 471.59 144.40 483.52 185.63 0.313640
2 399.21 208.12 416.12 257.53 0.311306
2 107.85 453.74 144.73 506.59 0.310425
7 372.13 251.58 439.41 327.78 0.309349
1 514.07 466.30 544.28 495.30 0.307307
7 562.15 418.13 630.08 539.12 0.304950
2 449.69 199.32 466.59 237.02 0.304674
1 248.51 265.36 267.51 318.54 0.300053
2 503.24 174.95 518.33 212.33 0.297334
7 326.79 333.86 367.09 417.76 0.296261
7 326.70 334.65 366.40 417.62 0.294032
7 372.70 280.69 409.33 327.85 0.293559
2 234.02 382.26 268.87 418.55 0.288314
2 399.81 208.11 416.37 257.34 0.287937
7 390.77 255.27 439.38 296.64 0.275401
2 471.31 144.57 483.92 185.76 0.275187
2 502.56 126.33 512.92 156.23 0.266542
2 277.53 319.20 295.21 365.79 0.266181
1 248.60 265.43 267.72 319.08 0.265912
2 85.07 465.42 119.62 531.03 0.259469
2 502.56 126.19 512.98 156.61 0.259128
2 443.80 123.96 451.32 146.13 0.252095
6 598.34 15.83 614.05 27.54 0.246737
2 417.40 150.68 426.39 176.14 0.240149
2 295.45 306.62 319.27 364.33 0.239534
2 417.74 150.43 426.31 176.31 0.236681
7 372.58 253.04 440.03 327.74 0.218775
2 277.70 319.23 294.48 364.83 0.213207
2 443.70 124.03 452.33 146.38 0.203890
2 295.33 306.82 318.98 364.77 0.198750
2 258.61 357.91 291.85 404.49 0.194825
7 562.63 417.91 630.06 539.01 0.194229
2 73.99 437.97 98.04 520.63 0.191998
7 372.15 280.84 408.85 327.72 0.190576
7 393.16 255.31 439.46 296.44 0.185610
1 258.78 357.83 292.10 392.30 0.185292
2 288.37 322.63 312.79 372.84 0.164127
2 249.28 371.11 271.77 403.89 0.144908
2 74.39 437.84 97.60 520.80 0.129261
2 73.85 437.40 144.39 530.95 0.118077
2 73.70 33.40 568.85 535.43 0.111182
2 73.22 36.97 565.21 535.53 0.086755
2 74.17 437.13 144.40 531.45 0.075988
10 513.99 466.47 544.06 495.38 0.059055
2 201.88 265.33 320.48 488.71 0.037062
