4 1126.13 446.18 1178.07 570.31 0.759614
4 753.37 499.95 812.56 624.60 0.758513
4 828.52 487.67 885.39 599.33 0.756472
4 752.02 499.76 814.39 625.62 0.735217
4 1476.27 485.61 1539.62 610.37 0.717236
4 617.52 506.61 677.24 631.87 0.714628
4 1477.43 485.83 1539.90 610.08 0.706339
4 833.64 487.15 885.49 599.20 0.699702
4 1126.90 446.61 1178.25 570.42 0.689401
4 375.33 512.76 440.11 640.49 0.671449
4 770.26 745.18 861.04 780.20 0.656047
4 1385.03 673.07 1461.02 703.91 0.636160
4 423.34 182.18 478.92 214.63 0.624532
4 269.19 89.82 333.64 196.25 0.617832
4 1495.26 671.68 1596.60 705.12 0.599387
4 274.41 181.96 325.72 195.72 0.582681
4 489.47 99.28 546.99 225.28 0.565190
4 491.90 182.15 545.70 225.27 0.561884
4 614.11 506.53 677.52 633.72 0.541939
7 473.19 678.36 601.85 723.92 0.532302
4 1173.61 83.99 1227.29 209.64 0.530396
4 1506.67 95.63 1566.16 214.58 0.529438
3 185.12 119.00 208.77 152.73 0.518059
6 470.89 678.24 602.55 723.61 0.509782
4 1440.27 86.20 1497.72 212.22 0.495030
4 695.21 104.85 754.80 232.69 0.489398
4 403.54 681.81 478.29 707.55 0.464893
4 404.37 683.86 478.65 708.01 0.461450
4 489.09 99.33 546.82 225.71 0.459815
4 418.48 88.43 480.95 214.18 0.455300
4 269.88 89.65 333.76 196.67 0.448532
4 377.64 512.97 441.06 638.59 0.446977
4 1173.79 84.04 1227.66 210.06 0.435842
4 1497.64 96.59 1566.59 216.30 0.433931
4 766.70 103.12 827.00 238.19 0.416885
1 1628.77 518.82 1656.76 568.35 0.410090
4 1041.75 671.32 1136.21 704.89 0.356531
4 845.30 100.81 897.10 244.87 0.355952
4 1756.83 114.82 1810.58 230.47 0.340053
4 917.99 686.11 988.51 706.15 0.339024
4 767.80 103.19 826.61 237.51 0.334956
4 419.48 88.32 481.80 215.67 0.332439
4 1439.46 86.54 1498.42 213.59 0.332336
1 1630.75 521.95 1656.75 567.17 0.330558
4 844.72 101.29 896.96 245.39 0.304318
4 769.70 182.22 825.69 237.01 0.303553
4 716.10 105.25 754.76 232.30 0.284450
4 470.92 698.66 541.50 724.47 0.280692
4 1755.60 117.22 1810.02 230.00 0.247929
4 162.69 691.05 211.18 705.42 0.246776
4 716.11 182.42 751.70 232.19 0.207180
10 714.72 920.08 868.12 1020.81 0.203049
4 1440.42 181.99 1495.34 212.16 0.196616
1 1630.21 519.06 1644.04 540.08 0.188931
2 1339.93 548.11 1355.82 564.56 0.179234
4 1258.54 512.36 1327.26 649.38 0.177775
2 446.31 672.76 458.30 692.85 0.159886
2 542.53 700.02 558.13 721.04 0.156546
2 1393.71 697.89 1416.97 720.18 0.146399
1 214.55 358.32 250.14 401.91 0.138952
4 1860.42 600.76 1915.57 696.44 0.127390
4 1652.32 30.53 1679.27 57.76 0.103008
3 1571.07 545.39 1603.26 564.69 0.095867
7 1257.67 513.87 1328.87 650.40 0.093244
4 1616.69 69.91 1637.35 90.76 0.072685
10 780.02 819.21 862.71 892.41 0.069651
10 1271.50 573.19 1315.92 624.42 0.027080
10 1571.87 548.77 1610.63 597.69 0.008752
