3 490.02 253.98 507.01 288.57 0.774409
3 489.96 254.85 507.00 288.39 0.762591
6 262.22 316.78 377.11 417.48 0.699474
1 603.38 414.30 644.53 518.99 0.691801
1 845.75 217.32 864.13 246.00 0.631892
2 486.87 231.38 508.20 277.10 0.596317
1 603.78 414.48 643.59 519.24 0.577909
3 630.18 212.96 669.40 250.34 0.574154
2 633.42 249.36 656.90 304.62 0.559183
6 263.71 317.01 376.30 417.61 0.553833
2 486.50 231.73 508.14 278.80 0.550465
1 845.69 217.44 864.11 246.59 0.534163
3 654.45 258.16 687.22 296.88 0.533145
2 681.05 239.95 708.46 301.59 0.529720
7 706.27 340.53 808.64 430.48 0.523555
3 472.64 170.71 488.05 193.99 0.522896
2 719.81 418.43 755.61 516.78 0.521877
3 616.96 204.59 652.99 236.84 0.500577
2 804.27 449.64 840.02 539.06 0.494790
3 513.46 184.02 527.41 205.21 0.488501
7 706.11 340.74 808.38 430.94 0.488249
2 633.38 249.11 656.72 304.74 0.488113
3 641.26 270.63 675.70 296.42 0.480935
2 680.98 240.06 708.82 301.34 0.465341
3 498.67 203.20 522.53 233.48 0.464429
2 750.03 431.66 786.51 519.45 0.462317
4 632.03 72.18 644.83 79.70 0.435480
3 655.11 258.08 687.55 296.55 0.432092
3 513.83 183.66 527.80 205.24 0.412001
3 498.51 202.91 522.53 233.49 0.410297
4 549.08 67.55 558.20 74.64 0.401903
2 771.18 409.69 804.75 503.24 0.401300
2 804.02 449.92 841.05 539.05 0.391481
2 699.36 233.96 713.13 294.61 0.381894
2 566.43 114.75 576.62 137.33 0.378644
3 472.83 170.49 488.04 193.71 0.373072
2 719.33 417.75 754.83 516.94 0.365866
2 655.82 252.91 672.72 277.86 0.357814
4 549.23 67.96 558.54 74.45 0.356024
1 327.02 343.15 370.47 390.82 0.327673
2 750.00 431.85 786.92 519.49 0.317930
2 699.25 233.81 713.02 294.67 0.292322
2 502.71 191.33 518.80 221.97 0.284388
1 327.67 343.31 369.77 393.08 0.283156
2 826.51 431.01 848.53 516.66 0.280752
2 557.98 118.69 565.38 135.45 0.272840
7 617.30 204.86 669.38 249.80 0.270663
2 749.02 178.84 768.73 221.52 0.264212
2 655.42 252.84 671.37 278.26 0.258642
7 659.91 162.62 687.21 187.34 0.254675
2 771.03 408.68 804.83 503.12 0.239060
7 798.50 233.42 871.61 287.54 0.227314
2 748.85 178.88 769.09 221.67 0.226731
2 558.04 114.56 577.09 138.82 0.224860
2 502.03 191.46 518.92 222.70 0.224710
2 566.93 114.78 575.63 134.72 0.216255
2 558.51 118.53 565.34 135.01 0.213352
7 798.51 232.52 870.40 288.18 0.206893
2 719.12 405.22 848.64 538.32 0.206698
7 660.18 162.66 687.16 187.05 0.197206
7 374.51 354.05 485.08 456.88 0.194734
3 652.46 216.69 669.38 250.51 0.175171
2 826.90 431.48 848.28 517.72 0.168581
7 468.39 318.58 490.36 359.43 0.159886
7 712.94 368.58 757.63 422.70 0.139941
2 718.79 405.77 848.61 538.37 0.127777
