3 404.41 177.16 438.70 208.00 0.862431
3 403.41 177.18 439.19 215.58 0.833728
2 521.57 340.85 563.40 456.11 0.749925
2 269.56 269.09 318.50 362.72 0.747520
2 269.55 269.11 318.40 362.71 0.743560
1 666.55 340.29 707.61 474.51 0.722854
2 570.48 90.51 587.66 116.23 0.692050
2 570.09 90.89 587.77 118.31 0.691361
3 610.20 40.82 630.05 55.01 0.683596
2 77.56 166.25 106.48 197.07 0.675087
1 521.42 340.77 563.09 456.18 0.672112
2 332.97 69.26 345.45 101.14 0.663545
2 110.25 171.81 129.09 201.33 0.646313
2 77.69 166.37 106.41 196.62 0.645992
2 110.01 171.79 129.42 201.72 0.644640
2 196.10 166.96 223.71 230.99 0.640785
2 891.70 146.51 921.79 202.75 0.640058
2 644.43 86.39 657.70 124.96 0.638883
2 643.92 86.28 658.10 124.22 0.632876
2 224.24 61.29 233.56 85.78 0.628121
2 399.56 213.39 427.45 296.91 0.616957
2 333.07 69.26 345.61 101.64 0.615290
1 195.72 166.85 223.56 231.07 0.610532
2 399.80 213.74 427.51 297.03 0.608578
2 513.31 234.44 553.86 319.64 0.606225
2 401.52 53.26 413.63 78.44 0.604108
2 873.11 93.31 890.29 116.33 0.601230
2 515.70 234.54 553.73 319.43 0.599764
2 530.79 94.84 545.27 141.11 0.599546
2 851.29 145.88 879.28 213.58 0.597757
2 530.76 95.23 545.04 140.97 0.593836
2 891.56 146.95 921.37 202.32 0.593522
2 606.01 64.68 616.85 101.87 0.587690
1 666.56 340.32 707.22 474.86 0.578363
2 305.14 149.68 332.49 209.71 0.575439
2 305.15 150.06 331.23 209.14 0.575114
2 606.44 64.54 616.79 101.94 0.574698
2 938.03 187.16 959.65 255.39 0.573829
2 851.36 145.82 879.95 213.11 0.572892
2 332.06 259.95 368.90 350.13 0.569847
2 134.70 127.11 146.30 144.08 0.565003
2 349.21 198.53 382.17 278.24 0.564476
2 146.33 217.15 175.60 298.79 0.554058
2 134.84 127.68 146.05 144.15 0.552058
2 349.27 198.39 382.64 278.51 0.550390
2 516.33 168.48 539.78 203.21 0.549452
2 173.95 63.05 185.18 93.09 0.548418
2 938.33 194.09 959.61 255.82 0.542981
2 146.33 217.13 175.86 299.07 0.541138
2 873.02 94.24 890.24 116.18 0.540148
2 584.02 47.34 592.20 70.42 0.536744
2 331.99 259.89 369.14 350.04 0.536496
2 524.24 17.89 546.01 49.94 0.536489
2 524.00 17.43 545.92 49.96 0.527132
2 780.29 132.27 803.56 175.47 0.519747
2 402.21 53.68 413.55 77.70 0.507540
2 173.97 62.38 184.83 92.83 0.500488
2 127.75 57.69 144.49 85.19 0.496867
4 657.90 45.74 686.93 60.77 0.495459
2 654.75 65.74 663.99 88.02 0.490675
2 378.06 40.63 386.94 66.11 0.486105
2 378.15 41.00 387.33 66.57 0.485184
2 655.21 66.47 664.12 87.88 0.480588
4 655.50 45.17 688.61 62.08 0.476447
2 584.21 48.46 592.32 70.18 0.474927
2 901.27 107.78 916.96 148.67 0.474885
2 761.46 133.14 785.58 177.85 0.474154
2 715.95 63.16 729.08 94.52 0.467626
2 817.87 121.66 838.14 178.69 0.464659
2 247.60 25.88 270.96 55.99 0.461748
2 808.58 107.82 823.89 142.60 0.455388
2 922.33 111.67 957.16 155.59 0.454135
2 780.84 132.47 805.00 176.00 0.451962
2 509.35 52.25 520.39 67.69 0.447656
4 578.33 34.13 601.43 47.69 0.436726
2 808.42 106.42 823.77 141.82 0.436043
2 715.69 63.47 728.49 94.55 0.435718
2 87.78 117.24 109.03 141.36 0.431841
2 691.66 48.75 705.46 77.11 0.430578
2 313.28 224.79 338.88 306.87 0.430061
2 310.21 76.99 321.90 115.59 0.428853
2 691.31 48.79 705.37 76.79 0.428079
2 817.43 121.59 838.63 178.54 0.427420
2 224.37 60.98 232.94 85.53 0.421428
2 901.58 109.43 917.01 147.85 0.416103
2 804.31 86.55 817.82 113.10 0.408772
2 516.19 168.33 539.11 202.94 0.403600
2 510.63 197.75 549.17 276.87 0.400698
2 924.36 86.37 940.16 121.88 0.399317
2 313.44 224.58 338.96 307.70 0.394154
3 610.78 40.51 629.17 55.09 0.390307
3 793.71 65.02 826.60 92.42 0.358523
2 127.86 58.28 144.46 85.49 0.349372
2 761.53 133.27 786.48 178.14 0.347455
2 804.48 87.19 817.92 114.60 0.342615
2 743.17 36.28 753.98 57.89 0.341769
2 108.09 60.79 120.61 75.19 0.340387
2 108.28 61.42 120.22 75.33 0.339831
2 757.82 89.03 768.86 112.54 0.339798
2 87.67 112.89 132.75 142.00 0.333996
4 634.53 39.84 660.48 53.90 0.333551
2 247.74 26.65 271.19 55.50 0.332742
2 498.61 147.18 519.89 204.30 0.325427
2 87.28 112.92 146.56 145.21 0.320036
2 391.12 144.09 412.92 201.81 0.316818
2 752.07 104.88 783.34 133.06 0.314330
2 924.40 86.09 940.37 121.82 0.312803
2 510.89 198.84 549.74 275.82 0.304756
2 87.48 118.20 104.05 141.25 0.299979
2 176.91 45.83 189.57 70.36 0.287380
3 792.79 64.82 826.38 91.70 0.287292
2 577.00 37.27 583.70 56.60 0.280955
4 778.19 48.62 794.20 56.18 0.270502
6 888.06 55.06 959.66 122.39 0.270180
2 743.75 36.69 754.10 57.52 0.263029
2 127.88 58.23 137.53 74.14 0.262043
2 923.04 111.39 958.88 155.72 0.254996
2 105.76 115.89 121.11 141.00 0.254710
2 757.93 88.93 768.82 109.74 0.252682
2 577.00 37.40 584.04 54.99 0.245327
2 390.94 146.05 408.85 202.01 0.240289
2 310.19 77.07 322.06 115.68 0.223588
2 501.24 147.36 517.35 174.32 0.217432
2 176.70 46.13 187.95 69.21 0.204301
3 134.66 70.22 144.82 86.04 0.199017
2 499.90 147.24 526.14 204.95 0.181320
2 397.44 127.43 417.96 197.49 0.154971
2 157.51 21.92 181.45 68.96 0.132393
2 749.79 104.92 767.61 173.76 0.129794
2 157.30 21.71 180.68 67.42 0.129462
