4 799.36 577.23 1023.59 764.15 0.613417
4 640.83 170.22 703.03 243.33 0.579277
4 587.15 383.21 678.96 522.95 0.565405
1 38.26 382.71 81.84 449.74 0.559219
4 738.11 78.45 782.91 122.41 0.557494
3 603.33 72.58 615.58 97.87 0.551321
3 531.84 324.88 552.46 369.00 0.548146
3 554.78 255.79 575.90 293.12 0.545597
4 822.65 228.91 894.72 300.22 0.534228
4 831.34 312.52 936.79 413.81 0.533465
4 777.90 153.30 838.16 211.57 0.524521
3 1.77 324.25 90.81 369.85 0.511968
5 512.73 96.98 570.38 178.05 0.508376
1 928.94 236.65 947.44 288.21 0.496087
4 596.06 266.99 670.09 367.59 0.481180
1 1334.40 295.52 1359.71 354.48 0.477795
1 1318.94 443.59 1358.65 480.62 0.472807
4 737.58 11.75 779.68 52.10 0.472509
2 553.97 232.62 578.63 279.04 0.460547
4 340.61 219.61 428.03 274.55 0.454190
3 458.75 275.90 489.97 326.94 0.439732
1 950.41 179.26 968.92 219.51 0.416518
1 453.90 328.28 473.61 398.22 0.414978
4 866.31 13.41 900.65 43.00 0.414725
1 1107.95 400.94 1135.35 459.77 0.412354
2 530.63 298.41 557.90 354.71 0.400477
4 855.90 155.89 882.99 209.97 0.393004
9 1057.33 155.72 1089.71 214.86 0.383808
4 728.62 0.00 758.77 10.21 0.382356
4 672.89 0.00 701.51 7.35 0.381440
4 824.14 0.00 865.88 17.00 0.373976
2 399.23 277.87 425.24 355.64 0.365310
4 605.78 0.05 627.15 26.54 0.363620
9 914.70 156.02 976.26 212.34 0.359748
2 1118.34 427.78 1155.86 494.01 0.351305
3 1004.17 210.09 1024.07 244.35 0.349306
9 973.52 171.19 1019.04 200.67 0.347657
3 974.68 209.56 1000.06 240.64 0.341606
4 943.24 172.98 976.23 202.03 0.334385
2 991.87 131.18 1007.98 171.09 0.331302
2 936.25 130.18 950.17 157.42 0.320159
7 565.84 39.57 589.40 68.95 0.315385
2 978.45 135.22 989.49 170.62 0.313270
4 546.78 11.60 566.23 35.05 0.311929
4 279.11 209.13 427.87 292.45 0.295143
4 0.11 714.02 34.17 764.53 0.294012
3 789.19 13.07 800.71 30.24 0.293069
2 69.96 232.71 92.66 272.16 0.290178
3 929.94 205.56 942.67 225.73 0.289458
1 1033.81 59.30 1050.32 95.74 0.282773
2 602.97 58.73 616.06 84.89 0.274373
4 990.73 0.39 1010.97 20.37 0.259468
6 1003.05 98.32 1023.83 170.85 0.247567
9 1005.38 94.37 1122.26 178.67 0.246926
2 1054.57 131.48 1063.95 158.65 0.238751
2 962.42 92.60 974.20 124.21 0.237639
3 459.66 298.14 474.81 327.11 0.230511
2 932.80 69.02 943.09 91.72 0.208543
4 278.97 235.89 341.43 292.29 0.205701
