6 1141.70 786.14 1272.74 838.11 0.664440
3 1019.94 947.55 1036.91 977.84 0.605762
4 520.63 815.34 581.22 839.11 0.599854
4 712.60 815.31 777.47 839.15 0.593799
4 934.66 886.33 1008.10 921.47 0.573550
4 976.06 839.60 1023.89 870.81 0.558661
5 1616.58 1189.66 1802.96 1293.99 0.539671
5 1162.01 864.91 1242.11 905.23 0.509277
5 1316.93 1250.64 1528.12 1327.19 0.499552
4 699.38 881.77 718.59 901.97 0.499030
4 1069.33 1003.93 1163.88 1068.24 0.497700
5 760.41 1093.41 906.96 1177.82 0.496059
4 1075.51 871.68 1159.64 906.73 0.495514
4 1177.17 846.28 1259.22 874.05 0.495095
5 1232.14 1207.87 1408.61 1319.22 0.489198
4 825.72 865.53 911.11 897.71 0.472034
4 1247.08 870.47 1310.74 903.49 0.470451
4 1625.82 734.73 1663.95 750.98 0.469647
4 1070.01 1004.09 1140.29 1023.67 0.467286
4 1865.18 1364.35 1999.80 1499.38 0.460300
4 1868.42 1210.80 1999.68 1302.93 0.456571
4 1791.53 1279.15 1999.63 1407.03 0.453534
5 1127.21 1203.38 1213.33 1339.40 0.450102
4 1305.98 868.50 1346.87 890.15 0.446323
1 1401.19 1142.99 1430.02 1196.85 0.442806
1 1787.77 1222.83 1824.60 1280.14 0.437913
1 1069.95 1192.46 1099.42 1268.26 0.436225
1 979.57 1237.28 1014.21 1320.01 0.434202
4 1047.38 883.39 1087.84 921.61 0.432181
4 1791.06 1290.51 1842.92 1396.98 0.424285
1 1234.24 1145.22 1261.70 1198.97 0.423841
6 772.61 1006.28 944.67 1143.59 0.423215
4 342.52 746.49 377.18 760.14 0.421479
1 1345.42 1159.01 1372.36 1210.43 0.420252
4 1114.78 863.19 1168.05 890.26 0.419898
6 1187.53 917.48 1313.24 996.83 0.416792
1 1389.38 914.58 1406.32 951.30 0.413559
1 1019.89 1176.18 1053.00 1254.06 0.411049
5 1077.56 1054.65 1149.43 1142.56 0.409346
4 748.11 867.92 828.48 906.62 0.404248
6 1234.99 950.11 1495.14 1020.09 0.402093
4 813.99 818.24 837.74 838.92 0.400864
4 1043.73 916.73 1096.03 965.19 0.400356
6 977.74 806.53 1078.31 848.64 0.396779
4 664.23 752.47 700.66 766.23 0.395369
6 832.72 800.09 936.38 851.67 0.391206
1 983.16 1175.51 1014.45 1237.80 0.374627
1 992.82 1031.01 1014.25 1075.87 0.370243
1 994.57 1077.89 1021.80 1137.61 0.365201
7 1604.97 1278.75 1687.19 1372.33 0.360178
4 820.51 951.39 933.78 990.36 0.359424
1 937.29 1119.29 956.68 1179.46 0.340441
1 1948.04 1337.46 1977.90 1368.05 0.339677
7 1775.13 1268.09 1861.86 1321.82 0.337701
4 771.34 986.08 894.24 1032.16 0.333803
1 1005.41 1128.65 1027.22 1191.04 0.333313
4 1070.11 937.41 1121.03 1004.75 0.332057
4 799.24 961.98 918.62 1009.16 0.327401
10 911.84 1320.38 946.01 1359.22 0.312250
1 895.68 1190.18 918.44 1263.84 0.308919
3 646.19 1125.87 670.03 1186.80 0.304887
2 983.79 1068.10 1001.96 1128.93 0.301426
4 829.15 889.40 940.57 937.93 0.297607
4 819.31 988.36 894.58 1011.74 0.285275
3 1002.17 1052.47 1022.95 1085.31 0.279112
3 1496.84 1101.64 1533.82 1134.43 0.279017
1 1277.49 1078.04 1303.42 1108.70 0.278492
1 880.34 802.56 892.09 828.26 0.277425
2 907.45 1283.20 942.82 1328.16 0.274450
3 901.49 1124.01 930.21 1167.00 0.273534
6 833.44 800.01 873.19 849.89 0.271141
2 997.94 1161.88 1019.17 1232.46 0.265878
9 1791.06 743.89 1844.49 774.17 0.257189
9 739.44 665.67 773.08 677.40 0.250980
2 1394.24 1069.70 1416.59 1108.23 0.244816
3 1094.42 1212.97 1114.42 1256.54 0.236199
2 1271.15 1104.52 1299.89 1162.38 0.232832
2 1039.16 1069.32 1051.50 1101.46 0.230789
7 740.57 898.84 798.29 927.91 0.228364
4 323.25 635.99 343.46 642.65 0.225106
10 962.54 1288.47 993.43 1324.57 0.218746
3 1263.46 1167.32 1284.27 1211.47 0.215405
3 1330.01 1172.56 1352.20 1198.96 0.214824
4 285.29 635.33 307.46 642.85 0.213174
3 1605.09 1278.74 1636.24 1320.14 0.211145
6 1234.46 951.76 1337.52 1017.92 0.209303
4 1288.34 868.59 1347.34 906.37 0.205399
7 1146.73 891.83 1203.33 924.76 0.204403
4 315.81 748.80 341.70 762.10 0.203828
1 1020.97 933.34 1033.24 959.68 0.201306
