4 257.76 145.14 286.48 157.29 0.330061
4 127.01 170.62 153.08 184.16 0.302517
6 425.14 559.69 536.04 704.43 0.298806
6 304.52 481.55 540.67 645.35 0.236512
4 1240.32 306.03 1256.08 321.35 0.231803
6 805.45 263.87 831.38 285.07 0.231680
6 324.46 409.91 430.46 513.23 0.231034
6 1052.98 377.40 1105.87 417.49 0.230900
6 722.70 263.12 765.30 284.83 0.229727
2 580.48 388.81 602.52 416.34 0.220860
2 0.06 208.39 20.56 231.84 0.214041
6 846.06 298.86 880.81 322.45 0.211442
6 331.18 348.98 428.68 411.02 0.207273
2 228.99 678.55 261.79 710.13 0.204977
4 482.95 703.45 515.58 739.02 0.203878
