4 570.94 616.56 605.54 654.05 0.559857
4 496.34 311.88 520.90 329.94 0.538770
4 680.65 382.74 707.23 407.20 0.523533
4 789.00 288.66 810.72 306.07 0.492094
4 1362.24 13.70 1380.11 23.26 0.431553
5 655.00 333.05 704.35 361.50 0.426835
4 1154.39 16.42 1167.84 25.86 0.418626
4 1065.47 49.40 1085.34 65.39 0.401964
4 1345.43 285.51 1369.16 302.69 0.400099
5 828.38 390.08 863.73 429.32 0.396590
4 287.29 184.84 304.83 198.38 0.391218
4 1064.58 71.19 1077.44 80.64 0.388853
4 887.82 615.22 906.34 629.36 0.382578
4 1237.98 34.97 1253.73 44.88 0.380348
9 376.02 133.76 401.40 175.09 0.376652
6 1032.24 648.16 1067.91 678.47 0.370817
4 808.15 449.13 839.75 473.87 0.369010
4 390.19 731.37 431.03 773.49 0.368880
4 860.12 602.43 882.60 619.48 0.367697
5 882.42 193.69 910.52 220.21 0.356628
4 837.31 425.79 863.91 452.36 0.354420
4 353.61 120.06 369.71 130.66 0.351459
4 939.34 287.61 962.79 310.22 0.348706
4 863.63 403.08 881.95 426.29 0.340815
5 945.18 624.05 1008.03 664.27 0.338987
4 913.89 167.77 926.13 176.92 0.335356
4 127.13 360.90 170.26 400.28 0.328237
4 957.60 302.84 975.61 316.61 0.328147
4 234.80 203.85 269.80 229.22 0.323652
4 279.56 266.35 297.29 281.79 0.315994
4 205.26 211.40 228.93 229.27 0.314132
4 310.68 181.20 328.08 194.77 0.309696
4 554.22 330.62 583.32 359.24 0.305065
4 828.54 172.99 849.76 192.24 0.293593
4 42.00 287.74 64.24 302.13 0.287218
4 395.64 114.09 412.92 139.75 0.285026
4 1308.74 226.15 1325.68 237.93 0.275615
4 1300.83 205.69 1316.42 217.59 0.272091
4 113.71 191.67 136.51 204.46 0.266235
4 0.20 334.68 23.68 357.08 0.265792
4 927.23 99.07 951.43 113.69 0.263076
5 308.24 264.82 347.27 291.74 0.261694
4 352.54 150.87 365.07 163.46 0.259641
4 988.30 55.86 1004.81 70.24 0.249352
5 1158.93 266.86 1196.38 283.04 0.247318
4 947.85 119.93 959.02 129.72 0.239830
4 887.99 164.50 899.58 176.46 0.238314
4 332.98 293.63 347.56 304.01 0.236989
4 1178.38 70.79 1189.06 80.46 0.236923
4 1219.68 55.55 1248.33 67.50 0.236629
4 827.79 455.48 856.25 476.17 0.232982
6 858.48 624.46 894.61 695.69 0.228272
6 148.86 239.24 193.32 268.68 0.224007
6 952.72 430.12 986.83 455.91 0.220390
6 158.79 304.82 218.89 338.53 0.216848
4 412.89 563.63 430.57 578.63 0.215790
4 234.76 211.85 251.06 225.58 0.206935
4 665.86 322.71 684.50 335.80 0.202355
4 271.09 283.57 284.95 293.43 0.200350
