6 336.12 365.37 841.21 511.51 0.487008
6 1277.59 13.89 1359.73 80.12 0.441626
4 224.99 584.52 343.36 736.32 0.401741
6 336.89 247.78 853.92 378.37 0.363242
1 739.03 28.86 767.42 63.42 0.351231
4 895.56 0.00 927.96 25.49 0.347268
4 858.43 117.56 899.98 171.38 0.335445
6 552.98 76.81 817.41 135.97 0.322580
6 915.45 0.21 1078.80 50.33 0.306499
5 835.01 133.07 877.48 197.56 0.288693
6 444.54 166.62 798.74 272.28 0.281510
6 497.13 134.91 837.51 199.68 0.278422
6 452.26 39.83 770.25 113.61 0.261246
10 338.30 367.75 394.60 403.74 0.252236
6 224.86 585.28 879.38 764.20 0.249751
5 816.42 193.43 871.95 280.96 0.231920
6 574.69 0.17 767.09 33.84 0.230112
2 561.15 178.22 592.95 199.89 0.225457
4 830.43 174.20 870.70 212.19 0.216506
4 1316.90 93.29 1359.61 132.52 0.207629
4 731.45 0.00 764.40 21.19 0.203306
