4 0.06 155.85 25.76 183.30 0.564976
4 604.25 705.37 801.67 764.48 0.553706
4 999.52 117.30 1055.14 149.88 0.509528
6 485.94 307.83 758.80 438.62 0.507332
6 570.85 404.49 852.45 548.81 0.504481
4 110.91 65.50 143.55 96.81 0.499764
6 382.26 125.46 591.11 230.70 0.467700
4 449.81 207.21 537.02 252.71 0.465888
6 1222.50 399.95 1359.64 524.02 0.459342
6 528.05 518.33 793.09 669.44 0.457482
4 520.30 268.73 625.47 317.35 0.455272
4 504.91 245.47 607.74 292.78 0.427099
4 473.63 221.18 570.00 272.12 0.416162
6 1065.72 275.84 1359.45 387.61 0.412550
3 1185.26 465.13 1218.14 515.35 0.404057
6 803.65 0.15 888.97 56.71 0.393038
6 1181.32 0.25 1359.68 81.48 0.376791
4 212.68 34.81 256.89 73.68 0.376462
4 999.20 118.00 1023.83 144.45 0.367010
4 359.97 139.69 425.95 187.86 0.358927
6 1037.05 73.46 1259.04 150.06 0.355663
6 1016.50 146.60 1330.44 286.19 0.346912
6 951.30 149.57 1027.28 224.93 0.340697
6 311.92 21.32 445.03 134.35 0.340187
4 531.95 309.33 633.18 327.85 0.337279
4 1117.94 70.31 1184.64 94.92 0.321153
5 1138.10 55.63 1187.22 89.56 0.296385
5 492.17 45.78 544.50 108.56 0.289274
5 446.50 58.58 501.48 119.84 0.281294
6 666.58 0.00 798.86 72.32 0.271782
6 928.24 107.74 1002.25 172.54 0.268128
5 593.16 34.48 637.80 92.54 0.259636
6 534.29 0.77 638.12 92.61 0.258694
6 580.55 0.32 680.88 80.54 0.247979
4 948.70 0.00 984.47 26.52 0.236955
6 1025.65 242.14 1213.52 331.63 0.234252
4 24.24 102.92 45.59 114.37 0.231172
4 1152.53 49.22 1187.54 69.87 0.229611
6 336.60 0.55 544.09 133.77 0.226546
9 383.47 67.80 444.78 134.23 0.220471
6 372.93 11.50 472.95 93.69 0.205698
