4 707.41 310.65 751.03 332.02 0.543243
4 659.67 466.69 687.64 518.34 0.495536
4 614.70 352.68 653.81 384.81 0.480564
5 192.57 219.66 237.01 238.71 0.425881
4 667.44 68.58 680.94 83.40 0.377184
4 657.86 30.21 670.00 44.89 0.373373
4 656.91 219.20 672.55 234.83 0.346057
4 655.05 10.32 666.35 24.87 0.336875
5 525.98 319.80 571.59 347.04 0.328594
4 628.57 136.32 640.92 150.02 0.321642
4 627.34 94.43 638.90 107.06 0.319305
1 606.84 380.10 618.62 418.52 0.301901
4 631.37 120.04 642.65 134.96 0.298920
1 728.06 397.99 739.13 419.63 0.296910
1 546.85 417.60 556.88 435.02 0.292303
6 623.52 180.22 645.78 206.83 0.292006
1 639.73 412.57 648.83 435.34 0.281235
4 628.71 152.52 643.09 162.98 0.279322
4 705.02 212.08 724.01 231.35 0.274516
4 623.45 220.65 643.71 242.61 0.273826
4 1351.06 214.88 1372.10 230.14 0.273212
4 1101.26 226.32 1144.51 244.95 0.271847
2 653.56 253.97 664.49 271.13 0.271620
4 627.60 19.96 638.80 35.19 0.270908
4 674.08 50.77 686.15 60.89 0.268665
4 594.58 69.86 604.34 83.15 0.262452
4 679.77 32.57 694.36 46.49 0.260944
4 622.65 32.08 637.57 52.04 0.259212
9 765.91 234.90 811.93 272.17 0.256328
3 785.98 516.73 809.85 535.73 0.254200
2 679.14 163.07 688.41 180.58 0.249998
4 616.51 112.24 627.05 122.45 0.248103
4 689.71 86.66 701.31 101.29 0.242781
4 709.88 94.27 720.34 110.87 0.242613
2 641.32 281.88 651.50 300.20 0.240026
2 675.83 100.07 684.16 125.90 0.238708
2 627.18 275.51 637.51 297.25 0.232039
4 626.78 71.11 638.07 84.12 0.230570
4 627.09 61.67 638.29 75.04 0.230371
4 477.68 323.27 490.28 351.42 0.229043
2 705.44 129.61 715.67 144.83 0.228557
1 482.57 255.08 494.89 283.67 0.222887
6 728.90 143.93 741.69 171.97 0.221035
3 697.08 111.20 705.79 126.82 0.219018
4 589.75 151.60 600.84 168.38 0.217359
4 1369.70 227.41 1399.35 238.21 0.212690
6 547.16 37.45 587.96 81.80 0.210646
7 536.78 340.48 553.69 361.61 0.207631
9 849.75 210.74 1023.27 251.02 0.201273
9 956.19 224.01 1003.84 246.35 0.201011
3 554.19 291.08 568.80 306.59 0.200427
