4 548.53 65.82 571.41 90.59 0.548168
4 481.53 384.52 510.42 427.65 0.437945
4 531.08 405.42 561.83 452.42 0.425358
4 677.10 712.28 720.77 781.03 0.386796
4 615.69 214.43 639.99 250.81 0.378499
5 526.78 186.21 546.46 229.11 0.351988
4 592.06 215.28 610.80 251.09 0.347937
5 592.24 477.30 630.71 541.34 0.344695
6 494.67 419.52 564.10 563.69 0.318178
4 502.60 326.25 529.51 369.24 0.302032
5 584.91 709.24 625.19 777.76 0.290220
6 567.93 530.55 621.81 624.03 0.259156
5 619.22 566.80 659.99 629.91 0.257565
5 603.21 638.19 693.97 787.42 0.253203
4 551.83 478.11 589.12 533.63 0.246792
6 671.58 29.15 774.06 136.26 0.241475
4 239.51 294.38 291.17 318.34 0.227041
4 927.43 201.82 946.14 233.05 0.225527
4 260.21 0.02 293.12 11.53 0.221249
6 376.21 359.84 449.43 534.66 0.217851
4 720.01 315.45 734.69 327.28 0.212403
4 415.87 137.59 443.76 154.55 0.206763
3 117.46 309.79 161.09 367.32 0.203449
4 409.16 125.53 433.48 146.75 0.201607
