4 600.94 183.49 621.91 211.27 0.568806
4 657.88 109.05 672.66 128.12 0.562910
5 348.66 267.94 409.14 377.80 0.431449
4 859.59 183.64 877.03 207.39 0.385835
4 647.95 1015.88 686.48 1049.79 0.377314
4 695.06 415.57 714.57 455.82 0.318422
4 810.00 734.42 842.18 759.78 0.312499
4 784.70 16.01 802.38 32.96 0.301521
6 386.29 26.38 522.58 100.08 0.287531
4 743.52 67.15 761.51 81.55 0.283663
4 1071.98 386.95 1096.12 405.80 0.278707
4 363.25 43.97 381.03 63.50 0.263095
3 920.52 1023.13 975.00 1049.23 0.239039
1 825.52 997.54 840.84 1019.40 0.230234
6 970.15 7.50 1018.06 55.60 0.217208
4 755.48 20.99 767.25 33.60 0.205595
