3 879.58 878.90 917.81 910.62 0.547531
3 913.22 832.37 941.32 861.82 0.504905
5 1011.48 901.35 1074.04 1002.26 0.498438
4 1075.47 505.79 1100.41 527.70 0.473658
4 1098.51 553.78 1138.50 589.57 0.468650
3 1513.22 1028.45 1559.28 1065.07 0.467510
1 868.04 850.86 888.40 894.46 0.459961
4 862.95 936.76 959.97 1000.91 0.443620
7 1108.58 773.07 1136.06 826.15 0.428526
5 906.75 772.86 972.17 828.43 0.423269
4 1036.44 777.78 1071.00 827.71 0.386000
3 1171.72 589.55 1185.49 618.24 0.372784
3 893.81 917.59 944.61 942.11 0.364252
6 369.77 195.96 463.80 215.05 0.363655
3 1121.46 512.96 1136.02 538.32 0.361210
7 934.13 893.83 975.24 938.64 0.358769
6 1140.39 868.71 1175.38 944.49 0.357610
3 1130.65 489.98 1147.59 514.10 0.353701
4 1197.85 264.95 1211.39 282.44 0.348506
1 1347.17 858.42 1363.02 894.40 0.343717
4 1495.13 938.45 1539.23 986.45 0.343534
1 1388.73 595.47 1400.33 625.97 0.342091
4 1551.49 418.97 1601.08 442.60 0.334986
4 1280.23 579.13 1373.20 614.89 0.323732
4 1128.07 217.28 1142.23 230.79 0.317440
2 1160.60 489.29 1173.91 514.91 0.314940
4 1467.87 854.59 1505.10 883.69 0.309252
4 1185.95 207.90 1198.83 219.58 0.307996
3 1381.99 657.92 1420.88 681.72 0.304730
3 1453.95 1050.35 1480.71 1078.06 0.302587
3 1431.21 796.23 1466.35 821.31 0.296767
3 1326.27 868.27 1345.34 892.73 0.295080
1 1139.42 359.35 1149.81 376.99 0.293587
4 1411.85 936.82 1539.75 988.87 0.293047
4 1120.05 265.68 1132.29 281.88 0.292751
4 1442.43 239.93 1471.65 254.23 0.292141
1 1405.32 589.89 1423.34 622.84 0.283930
1 1156.53 423.29 1168.38 445.04 0.282261
3 1342.00 874.94 1362.98 903.49 0.280401
2 1197.42 361.04 1206.75 380.85 0.280393
3 1324.74 609.48 1361.37 631.90 0.260460
2 1415.96 838.77 1432.31 865.48 0.259670
4 203.12 654.79 242.09 678.54 0.259424
1 836.91 886.03 860.78 928.57 0.258815
9 1250.59 104.42 1287.01 114.68 0.258437
2 1327.52 855.91 1363.27 898.07 0.258105
4 1214.89 292.78 1226.09 305.70 0.251822
4 1400.00 869.16 1450.94 905.25 0.247782
9 930.38 106.11 996.56 135.01 0.245901
1 1638.40 501.46 1660.21 546.65 0.242745
4 1382.54 869.29 1500.09 929.27 0.239426
1 1005.74 914.26 1023.92 999.18 0.235125
2 1201.59 322.18 1210.40 338.24 0.232555
3 1542.88 1011.09 1567.33 1042.18 0.230448
4 1395.30 839.14 1437.04 865.93 0.229394
4 1170.73 234.20 1180.70 245.58 0.229301
3 1221.68 367.58 1237.50 388.93 0.224273
2 1452.59 690.76 1466.58 724.50 0.222312
3 1114.30 799.86 1132.82 826.39 0.218021
4 947.97 657.61 971.89 689.73 0.216341
1 1006.12 917.74 1023.73 949.31 0.214035
2 1159.54 237.63 1167.01 250.23 0.212199
4 1039.54 310.67 1063.73 326.90 0.209535
4 1371.09 360.28 1385.87 371.01 0.203054
