1 447.10 178.42 468.57 235.09 0.544003
1 340.43 199.12 372.25 267.63 0.506992
1 319.51 250.04 362.57 340.06 0.505723
2 544.73 149.93 565.92 189.85 0.387635
5 655.36 76.56 682.60 97.17 0.329794
4 260.50 52.43 286.71 61.58 0.326706
2 602.14 151.06 622.27 196.80 0.321217
7 598.82 99.01 633.80 123.28 0.315270
2 771.92 99.23 849.95 193.15 0.285086
2 657.29 182.43 671.64 207.64 0.254857
4 844.60 50.09 857.46 60.30 0.247836
2 631.98 138.94 644.61 181.16 0.245330
4 32.65 55.81 48.28 64.52 0.245324
7 619.02 160.47 655.35 189.83 0.229595
2 821.91 153.09 834.25 177.51 0.225765
3 648.77 116.51 665.07 134.53 0.218870
6 0.26 116.52 117.47 170.23 0.203166
