3 490.02 254.00 507.01 288.57 0.546046
1 603.39 414.30 644.53 518.98 0.532592
6 262.24 316.78 377.03 417.49 0.455231
2 486.86 231.39 508.20 277.10 0.436817
2 633.42 249.35 656.90 304.62 0.424671
2 719.81 418.44 755.60 516.78 0.418558
2 681.04 239.95 708.46 301.59 0.418103
2 804.28 449.64 840.02 539.06 0.383639
2 750.04 431.68 786.52 519.45 0.374074
2 771.18 409.69 804.75 503.24 0.365719
1 845.75 217.33 864.13 246.01 0.362347
2 699.36 233.96 713.13 294.61 0.356733
7 706.28 340.53 808.64 430.49 0.353636
3 630.18 212.94 669.39 250.33 0.316414
2 826.50 431.01 848.53 516.67 0.315846
3 654.45 258.17 687.22 296.88 0.308179
1 327.65 343.31 369.77 393.06 0.304740
2 566.43 114.76 576.62 137.34 0.278945
7 660.18 162.66 687.16 187.04 0.277070
3 616.97 204.59 652.99 236.85 0.276618
3 513.83 183.66 527.80 205.24 0.275453
7 468.38 318.58 490.36 359.43 0.265421
3 498.51 202.92 522.52 233.50 0.262210
3 472.84 170.49 488.04 193.71 0.259510
2 655.82 252.90 672.73 277.86 0.242964
2 719.13 405.20 848.63 538.31 0.242177
4 549.23 67.96 558.54 74.44 0.234378
2 557.98 118.69 565.37 135.45 0.231008
2 748.99 178.84 768.73 221.53 0.227721
7 798.50 233.42 871.63 287.54 0.224331
2 502.69 191.32 518.80 221.99 0.221047
7 712.95 368.68 757.54 422.64 0.210470
