4 1147.93 877.86 1262.82 990.82 0.592324
4 1374.94 978.35 1530.38 1079.58 0.576205
4 1024.29 596.92 1085.13 650.74 0.574138
4 903.64 529.45 951.24 570.48 0.571655
4 509.62 212.25 539.94 221.61 0.480984
4 855.51 363.04 879.60 384.93 0.436819
4 858.60 399.20 888.65 427.04 0.430620
4 781.68 268.48 798.98 282.44 0.426063
4 962.27 401.41 989.33 426.70 0.408530
4 184.81 217.86 228.12 227.62 0.398678
4 962.61 447.14 1001.69 482.43 0.390008
6 902.20 285.52 928.02 317.97 0.385714
4 760.83 256.42 781.22 267.16 0.384123
9 792.22 194.63 813.17 205.92 0.369778
4 838.45 249.84 853.92 261.79 0.345393
4 950.17 352.10 976.07 373.16 0.338592
4 914.23 394.42 943.88 418.75 0.334114
4 839.77 286.21 854.56 297.26 0.330073
9 822.18 195.23 842.67 204.84 0.322123
4 1149.78 877.69 1229.17 895.65 0.317524
4 835.14 272.12 848.73 285.27 0.316166
4 926.06 340.37 946.69 358.57 0.313999
4 792.96 250.04 809.31 262.41 0.308271
4 911.45 318.08 930.02 333.28 0.307174
4 910.17 378.38 936.97 400.03 0.304589
4 1279.69 213.32 1299.80 221.57 0.302216
6 880.96 234.54 895.93 268.53 0.298198
4 955.93 374.48 968.39 393.39 0.296334
4 899.88 361.97 923.05 382.10 0.293804
4 289.98 216.28 325.75 224.70 0.287366
1 1129.37 488.34 1138.18 506.53 0.280413
4 484.78 213.08 507.81 221.56 0.279444
4 749.24 277.75 764.62 287.72 0.265182
4 884.98 330.24 899.33 345.58 0.262172
4 1674.25 317.77 1701.86 340.83 0.254084
6 1847.22 296.70 1919.76 329.29 0.248929
4 873.24 298.98 888.99 313.08 0.242135
6 806.07 247.34 854.09 262.69 0.241751
4 859.36 268.51 873.25 282.26 0.241288
6 744.42 246.87 781.54 268.41 0.238567
4 757.04 327.44 774.13 337.79 0.236897
1 752.90 289.04 759.59 304.82 0.236758
9 1752.01 284.04 1877.02 318.88 0.232250
4 939.47 323.80 951.99 335.84 0.228744
4 1000.54 208.70 1025.98 217.52 0.225358
9 367.24 197.64 406.25 208.31 0.225093
9 855.45 219.89 870.02 227.99 0.224988
6 819.49 246.64 832.00 263.59 0.222387
4 955.50 239.97 971.77 251.52 0.221822
4 867.78 286.48 882.54 300.18 0.221594
4 882.03 310.08 901.09 327.10 0.219589
4 992.79 241.09 1009.38 253.52 0.217544
6 1253.65 213.20 1302.58 243.63 0.215894
4 1291.62 316.23 1305.45 327.89 0.215781
6 880.91 228.66 936.48 267.77 0.214906
9 1634.24 289.85 1770.72 322.85 0.212806
9 806.13 225.31 936.18 265.79 0.211832
4 895.55 338.84 928.40 367.63 0.204381
4 1787.18 323.10 1822.82 338.64 0.203244
