4 799.49 577.18 895.75 716.06 0.642504
4 640.82 170.07 703.00 243.31 0.607623
4 799.08 577.61 1032.78 764.34 0.600475
4 587.76 383.63 679.81 523.14 0.576845
3 554.61 256.27 576.78 293.12 0.570349
4 738.19 78.53 783.30 122.18 0.560627
4 822.54 228.69 894.81 300.15 0.552917
3 531.90 322.37 557.25 368.75 0.550608
4 831.20 312.60 936.81 413.89 0.541369
4 595.81 267.40 669.99 367.69 0.531188
4 777.83 153.32 838.26 211.30 0.530772
1 38.21 382.75 81.98 449.73 0.519533
2 554.44 232.53 578.76 278.03 0.511457
3 1.66 324.24 90.94 369.89 0.504348
1 453.67 328.23 473.50 398.49 0.502105
3 602.89 72.13 615.12 98.41 0.499063
1 928.42 236.82 947.16 288.81 0.491215
1 1334.03 296.27 1359.85 354.03 0.483225
2 399.16 278.29 424.16 355.79 0.481252
4 737.36 11.98 779.08 52.01 0.477491
1 1318.96 443.51 1354.87 480.38 0.468597
5 513.10 97.03 571.07 178.11 0.455366
4 856.45 155.63 883.10 209.71 0.448392
3 458.12 274.63 490.57 327.17 0.425183
4 604.71 0.01 628.50 26.27 0.419641
1 1107.89 400.65 1135.46 460.38 0.412512
1 950.98 180.26 968.93 219.83 0.396756
4 672.77 0.00 701.26 7.22 0.390295
9 973.28 171.14 1018.95 200.20 0.386333
4 729.03 0.00 759.45 10.41 0.386245
4 866.70 13.06 895.89 42.90 0.385757
4 824.08 0.00 864.34 16.98 0.380896
7 565.77 38.91 588.75 70.49 0.350785
3 789.64 12.21 800.81 29.08 0.331068
4 0.08 713.97 34.27 764.59 0.327241
4 914.40 155.90 948.76 211.81 0.322762
2 991.51 131.72 1008.10 171.14 0.322137
2 936.90 131.04 950.43 156.50 0.311418
2 977.55 135.19 990.55 171.39 0.310199
4 989.97 0.83 1012.33 29.94 0.304551
2 69.92 232.70 92.82 272.18 0.303927
4 278.93 209.06 428.12 292.57 0.301518
4 943.62 171.90 976.24 199.21 0.300664
3 929.35 206.40 942.53 225.51 0.300476
4 341.80 219.84 428.29 273.86 0.294685
3 974.43 210.32 1024.87 243.32 0.294318
3 1004.57 211.27 1024.78 244.07 0.293675
1 1032.79 58.88 1051.47 96.09 0.292241
2 1129.25 429.30 1155.92 494.06 0.289674
4 546.56 13.53 566.10 35.37 0.281786
2 464.05 330.88 473.92 385.10 0.274631
2 544.77 296.42 559.03 353.70 0.236840
3 974.55 216.88 1000.22 240.79 0.233588
3 1004.72 213.76 1035.30 263.92 0.232251
2 932.47 68.82 943.62 91.78 0.226072
2 967.03 121.55 979.42 145.57 0.223899
3 929.71 186.24 949.90 225.88 0.223335
2 961.42 131.91 974.78 163.70 0.221073
2 602.76 58.64 616.07 83.63 0.215396
3 566.62 50.11 578.47 72.05 0.210143
2 973.54 48.51 985.00 70.39 0.209837
4 278.90 235.95 341.58 292.43 0.205150
