1 1647.71 1401.06 1694.81 1476.82 0.523119
5 1138.91 687.63 1208.19 774.56 0.501436
4 1294.26 1047.69 1446.04 1229.50 0.499145
2 1286.62 1459.53 1334.21 1499.24 0.490681
4 949.53 455.08 985.43 493.35 0.487587
1 1083.34 1144.09 1120.38 1217.46 0.481249
1 1070.94 637.01 1091.46 679.26 0.478143
4 843.55 484.36 894.63 526.06 0.467662
1 934.45 1091.11 958.35 1149.44 0.461445
3 1166.78 887.14 1187.17 924.92 0.444825
4 934.23 417.68 967.57 454.73 0.443562
4 818.84 567.54 895.53 619.38 0.434795
6 776.37 1301.02 895.78 1423.11 0.421871
4 894.65 410.81 920.42 444.49 0.418434
6 1192.69 743.97 1281.37 833.47 0.413857
4 907.15 293.63 925.93 312.46 0.411733
2 1577.93 1365.50 1619.32 1418.76 0.401085
4 977.78 419.47 1011.23 452.41 0.392106
1 1011.81 708.33 1027.68 752.92 0.391847
2 1594.10 1335.06 1631.15 1408.82 0.391467
4 825.36 449.71 859.88 491.68 0.390252
1 1021.12 874.60 1044.29 895.71 0.380326
2 937.15 1142.83 954.10 1182.84 0.375071
7 1221.08 856.64 1274.33 895.51 0.374121
4 885.08 236.36 901.82 253.34 0.373971
4 745.25 286.30 766.54 300.96 0.362877
1 1003.67 636.18 1017.69 677.68 0.362633
7 945.29 728.14 1011.42 827.22 0.360371
2 486.34 1381.98 504.10 1419.18 0.359310
3 1099.24 604.02 1121.84 624.01 0.354546
3 1192.23 868.50 1211.54 897.44 0.352918
4 824.19 314.38 845.38 342.53 0.349639
4 974.84 385.21 1002.57 412.08 0.349097
2 1180.60 825.67 1210.46 893.91 0.345243
2 1167.48 872.19 1187.60 895.14 0.333614
2 1027.87 899.00 1049.78 950.25 0.331310
1 981.64 646.23 995.40 686.48 0.325599
2 471.80 1380.26 488.95 1416.86 0.321168
6 1058.00 535.82 1116.28 610.22 0.320203
4 1017.84 435.02 1047.66 454.91 0.319964
2 1104.16 587.72 1126.10 623.01 0.315763
4 896.69 451.08 918.53 471.22 0.309824
4 915.30 237.02 928.13 251.44 0.307406
4 892.04 199.26 904.05 210.63 0.294804
4 768.28 276.63 799.44 290.77 0.294245
1 840.89 424.50 852.04 449.56 0.292982
1 968.25 633.92 980.22 670.48 0.290976
7 834.73 337.39 868.59 370.24 0.288997
2 1103.98 1144.52 1120.56 1188.10 0.288896
9 834.52 296.65 854.87 334.61 0.288494
4 1103.97 585.98 1116.50 607.64 0.277609
4 956.10 334.56 973.09 345.08 0.277271
2 968.62 349.01 976.23 372.72 0.274676
4 1013.12 412.32 1032.18 434.12 0.273106
7 1173.61 816.69 1275.67 895.54 0.268290
4 505.77 263.61 525.28 276.83 0.267425
4 523.52 264.12 541.85 277.72 0.267296
5 812.49 287.59 845.08 309.09 0.267087
5 794.91 280.81 823.49 304.16 0.262651
3 991.33 657.37 1007.25 679.41 0.260671
3 1278.83 1440.94 1299.90 1499.20 0.257588
6 1017.85 435.48 1054.15 480.76 0.255203
7 942.72 645.80 969.64 682.84 0.250353
4 1604.12 879.35 1640.39 895.62 0.247979
3 955.16 604.58 975.94 632.25 0.247104
4 906.55 223.76 921.21 238.68 0.244852
2 825.71 399.53 837.49 419.79 0.243811
4 547.39 239.22 563.48 252.67 0.241735
3 1010.28 465.53 1029.50 483.07 0.237508
4 875.82 205.98 886.03 217.50 0.236695
2 1273.47 853.79 1295.74 895.38 0.233688
2 978.30 353.21 986.64 373.35 0.231288
3 1006.37 767.30 1022.49 805.24 0.230989
4 1070.56 603.92 1119.09 611.64 0.228420
7 1283.90 979.51 1350.45 1040.73 0.226761
4 651.54 187.15 663.65 196.74 0.223043
2 966.46 634.38 1017.86 681.59 0.221585
2 1239.96 890.43 1258.03 938.32 0.219244
6 1068.60 535.14 1102.80 586.71 0.216829
4 1059.26 407.12 1069.78 424.05 0.215263
2 898.70 379.48 909.22 404.69 0.214034
10 0.00 568.80 16.15 590.67 0.214013
4 1294.33 1048.23 1404.21 1114.42 0.213014
4 1064.35 494.97 1094.35 518.25 0.210459
6 1138.45 686.81 1282.41 835.43 0.210240
4 939.10 658.13 951.68 673.95 0.209367
3 1382.38 631.16 1406.45 666.15 0.208712
6 806.16 1037.84 924.23 1425.73 0.208154
2 1604.95 793.10 1640.37 823.91 0.205331
4 874.83 480.81 894.77 493.95 0.205251
9 586.07 250.27 745.51 302.86 0.204978
4 935.56 268.99 944.91 283.28 0.204255
4 1078.06 506.59 1095.70 518.81 0.200084
