6 1141.26 786.59 1272.24 837.87 0.659537
4 711.64 815.26 777.06 838.88 0.641914
4 517.92 815.90 580.78 838.71 0.597127
5 1615.36 1190.11 1701.76 1293.36 0.564681
4 934.32 885.66 1007.83 921.16 0.560908
4 976.20 838.87 1049.21 871.63 0.554251
4 1104.04 1003.13 1164.09 1068.57 0.539031
3 646.53 1126.69 669.11 1186.39 0.526332
5 1233.55 1208.23 1408.75 1319.12 0.524776
5 759.81 1093.14 895.79 1176.33 0.519908
1 1788.29 1223.60 1825.50 1280.77 0.513976
4 825.05 866.47 911.00 895.67 0.512055
4 699.20 879.58 718.26 901.57 0.505063
5 1315.73 1250.39 1528.38 1327.67 0.502253
4 341.85 746.27 378.10 759.79 0.493390
4 1176.92 846.33 1258.86 874.79 0.493012
4 1074.91 873.02 1160.54 906.17 0.489475
5 1868.84 1210.69 1999.72 1307.50 0.477137
1 1234.04 1137.87 1264.73 1199.62 0.476281
4 1111.66 862.93 1168.19 889.34 0.473346
4 1865.32 1364.16 1999.72 1499.53 0.470976
4 1791.76 1279.17 1999.70 1409.57 0.459439
1 1402.17 1142.22 1430.68 1196.14 0.456839
1 1948.17 1337.77 1977.53 1368.05 0.454826
4 1246.79 870.42 1315.15 903.99 0.450810
5 1127.07 1203.02 1213.04 1338.43 0.446899
4 1104.12 1055.17 1149.13 1142.53 0.445014
1 1345.48 1159.77 1372.25 1210.60 0.441412
4 1305.39 868.34 1347.81 889.26 0.439737
1 980.07 1237.16 1013.85 1320.17 0.435706
1 1069.55 1191.97 1099.91 1267.17 0.432927
3 1020.20 950.38 1036.75 977.34 0.430909
4 814.79 818.99 837.88 838.20 0.425422
4 1047.38 882.80 1088.13 920.56 0.411919
4 747.90 867.60 830.61 895.88 0.409555
1 1023.97 1176.71 1053.53 1254.86 0.409399
4 1626.56 733.50 1662.84 749.00 0.408317
1 993.19 1031.46 1014.87 1075.87 0.407723
6 1187.41 917.23 1313.08 997.24 0.406465
4 1161.63 864.69 1243.13 905.76 0.403327
1 935.65 1119.42 957.94 1179.56 0.389543
4 805.98 875.71 831.71 906.04 0.384401
4 933.48 885.86 987.32 895.93 0.381964
6 833.42 801.54 1077.41 852.61 0.379570
7 1606.48 1278.66 1686.69 1373.49 0.376288
2 984.32 1176.24 1015.24 1237.31 0.375260
4 820.86 952.46 933.94 991.06 0.373159
1 1278.00 1077.62 1304.29 1109.93 0.368390
6 833.40 799.99 895.55 850.93 0.362835
4 663.45 752.59 699.37 765.91 0.358577
1 994.77 1077.93 1022.68 1140.21 0.356445
4 806.24 963.81 918.06 1008.23 0.353217
4 1043.42 916.24 1097.87 965.17 0.352341
7 1775.66 1268.39 1862.34 1322.96 0.345188
1 1390.65 913.70 1405.96 950.92 0.344222
1 1005.21 1129.26 1027.38 1192.53 0.340981
1 782.93 1155.42 813.91 1175.77 0.339557
1 984.06 1069.37 1001.76 1129.99 0.326683
1 1393.80 1070.10 1414.88 1106.95 0.320622
4 1104.07 956.22 1119.45 1003.18 0.308636
10 912.60 1322.43 946.05 1358.67 0.306356
4 1047.59 882.53 1081.66 895.63 0.291222
4 806.08 985.70 895.92 1011.32 0.284055
3 840.16 1173.72 854.33 1188.17 0.283703
6 1234.44 950.37 1495.31 1018.72 0.279211
4 771.18 985.53 894.29 1034.21 0.277955
2 1265.29 1102.70 1294.23 1130.47 0.276400
4 1070.20 938.39 1119.28 1004.51 0.274855
3 451.55 822.45 510.36 847.36 0.269432
6 1234.46 952.66 1337.60 1018.70 0.269389
6 806.23 1005.96 947.85 1172.26 0.264889
7 1497.13 1102.68 1533.45 1134.81 0.262612
3 1095.04 1213.20 1113.52 1256.99 0.257677
3 699.32 910.01 712.22 949.18 0.252778
7 838.94 825.60 936.72 851.63 0.246921
1 881.60 802.88 892.51 827.84 0.237081
1 892.46 1190.24 918.68 1262.65 0.233899
4 321.86 635.45 344.15 642.46 0.228904
4 316.96 748.52 344.67 765.84 0.227956
2 1262.27 1149.50 1287.85 1202.84 0.227080
4 829.67 888.46 940.07 938.86 0.221080
2 1145.37 801.39 1164.90 820.82 0.208071
7 1147.37 894.36 1203.28 924.85 0.206020
4 822.53 934.64 850.13 955.76 0.202553
6 988.75 805.61 1076.33 848.14 0.201671
1 1038.49 1069.68 1051.46 1100.80 0.201364
