4 1454.84 758.03 1530.94 828.94 0.636159
4 327.00 496.64 432.51 544.59 0.590023
2 1820.05 1049.71 1849.99 1099.26 0.589962
4 158.21 543.48 267.47 588.70 0.589850
2 1307.39 975.88 1336.54 1028.40 0.581937
4 567.66 1122.52 705.70 1265.92 0.577462
4 1449.35 489.35 1534.08 529.93 0.562546
4 1665.30 550.13 1757.48 594.52 0.557176
4 1210.51 422.93 1291.19 456.08 0.548397
4 1665.83 556.38 1701.94 586.06 0.547796
4 534.28 440.81 621.37 481.80 0.542084
4 1534.62 518.89 1640.71 564.59 0.527570
5 1285.19 429.70 1369.87 476.34 0.505687
4 706.80 402.50 787.26 442.53 0.488669
4 1782.23 569.26 1892.20 610.81 0.487580
4 0.04 524.06 38.16 559.57 0.481339
4 44.54 521.73 145.65 562.96 0.463323
4 826.14 910.68 895.67 985.87 0.463093
4 1742.35 817.88 1803.31 870.81 0.449636
3 699.97 433.45 730.18 456.02 0.445576
4 829.97 314.48 863.51 345.62 0.440367
2 710.93 1319.62 738.49 1384.00 0.437867
4 847.34 293.36 881.42 322.28 0.402007
4 621.21 418.23 695.70 460.91 0.389677
2 1301.08 976.42 1317.97 1026.47 0.388642
3 1304.83 1003.57 1329.74 1030.00 0.365059
1 1516.24 435.21 1535.51 469.89 0.356537
4 834.65 278.85 846.90 294.08 0.342252
1 1894.55 169.13 1927.76 218.39 0.339493
6 1160.12 98.33 1192.37 116.43 0.326696
4 1080.15 149.53 1100.41 170.93 0.314553
4 1187.73 616.76 1219.71 653.37 0.292073
3 795.58 655.16 814.62 673.46 0.281193
4 1191.49 98.10 1217.10 112.25 0.280536
4 325.92 977.86 448.69 1145.61 0.270924
3 501.03 451.03 530.80 473.34 0.270561
3 1152.33 385.93 1173.11 405.72 0.268917
4 1374.45 1192.95 1431.96 1238.56 0.268515
3 1953.94 572.68 1996.71 599.44 0.261175
4 885.01 296.28 895.53 329.51 0.259597
1 1139.73 580.03 1155.48 615.62 0.248264
2 1862.96 148.30 1893.12 195.20 0.247349
6 1511.85 361.77 1559.40 392.23 0.227246
4 1208.64 90.24 1228.69 102.71 0.221518
3 817.21 592.39 830.59 607.65 0.217396
4 1292.94 29.29 1310.76 44.83 0.216475
4 140.63 872.78 257.11 926.27 0.215005
6 659.51 368.80 726.53 419.68 0.214941
4 1085.13 333.57 1096.99 344.70 0.210060
4 1241.74 39.56 1262.00 52.65 0.207538
2 719.11 1332.99 735.96 1370.46 0.206273
4 0.60 316.38 48.76 386.90 0.202857
2 1863.13 155.38 1927.72 219.29 0.202743
