4 1095.90 389.44 1142.69 432.82 0.582187
4 884.31 699.53 951.29 778.55 0.566316
4 808.82 853.94 883.35 895.50 0.544711
4 1148.55 327.79 1185.15 365.95 0.533160
4 1312.60 215.01 1340.91 248.56 0.528213
4 806.14 853.31 882.55 965.20 0.504688
4 975.69 571.88 1030.03 636.93 0.492190
4 525.59 1269.53 662.68 1441.26 0.480095
4 1213.10 249.19 1245.60 285.41 0.452794
4 624.48 1099.20 736.32 1254.10 0.423817
4 1009.73 503.07 1064.79 565.31 0.382015
4 867.27 723.10 895.85 775.75 0.316849
4 1264.92 193.39 1285.87 206.80 0.315811
4 62.83 256.43 89.96 271.85 0.309759
4 884.94 729.65 895.98 775.81 0.287008
4 1587.97 65.86 1597.44 73.94 0.246416
4 1538.90 132.18 1554.24 142.51 0.246235
4 106.65 243.75 172.85 265.07 0.243726
4 1272.74 115.81 1288.07 125.45 0.228464
1 672.03 1165.06 692.22 1200.10 0.216700
1 657.36 1165.70 678.91 1185.93 0.211529
4 1135.40 341.28 1153.25 364.62 0.205401
2 1609.59 1162.45 1796.30 1495.59 0.200179
