4 257.76 145.10 286.63 157.29 0.344310
6 425.09 559.75 535.93 704.33 0.313027
4 126.98 170.66 153.10 184.11 0.311488
5 504.11 560.37 535.53 637.87 0.304526
7 678.87 619.69 749.83 697.95 0.289286
6 724.37 263.42 765.33 284.85 0.278094
6 805.24 263.94 831.34 285.15 0.269230
6 324.55 410.00 430.08 513.19 0.235866
6 304.46 478.57 540.37 644.99 0.226261
6 846.22 299.19 880.35 322.58 0.225345
2 579.28 388.65 602.95 415.46 0.225263
6 836.69 246.67 886.90 287.78 0.220038
2 0.04 208.37 20.57 231.79 0.218133
5 575.11 526.85 646.31 559.44 0.216212
6 1140.10 578.84 1399.21 746.54 0.213961
6 331.18 349.12 428.54 411.20 0.213874
6 1041.42 377.39 1105.51 416.63 0.209516
2 1346.62 286.26 1394.58 320.74 0.207102
2 229.27 678.66 261.72 710.18 0.200713
