4 437.46 1066.05 488.46 1133.82 0.648603
4 290.74 1264.76 361.32 1354.63 0.599801
4 565.98 830.08 629.81 858.86 0.571120
4 743.40 718.42 777.36 748.57 0.547907
4 838.56 937.53 895.23 988.61 0.543610
4 749.28 875.07 798.22 906.91 0.532784
4 322.25 964.71 381.62 1022.83 0.532223
4 114.76 1238.07 178.38 1299.53 0.524213
4 808.13 733.27 850.87 765.50 0.522650
4 229.23 1071.74 298.27 1143.72 0.519040
4 1839.66 1140.77 1956.95 1188.17 0.502670
4 772.07 1257.30 821.76 1303.73 0.487633
4 511.43 887.02 550.65 937.23 0.485422
4 799.10 478.42 821.71 499.06 0.476890
4 843.91 551.59 864.56 574.41 0.474139
4 735.94 1208.28 783.87 1273.51 0.472948
4 762.72 1129.34 807.86 1188.60 0.468091
4 899.45 680.61 925.37 705.17 0.447393
4 518.02 822.42 541.51 855.75 0.445155
4 176.41 1146.02 242.26 1220.04 0.436579
4 776.19 1077.68 812.27 1126.95 0.434957
4 836.78 420.24 855.05 435.84 0.434797
4 887.87 531.90 911.14 552.31 0.433429
4 1523.08 1071.01 1567.10 1121.33 0.433146
5 1927.84 1273.96 1999.59 1381.46 0.430877
4 1427.98 1056.26 1474.01 1128.15 0.421884
4 646.53 781.34 679.30 821.32 0.419776
4 876.33 359.68 891.56 372.44 0.417776
4 1356.68 1232.63 1384.50 1315.70 0.415649
4 847.56 377.73 862.60 392.16 0.415587
4 1475.08 1069.99 1518.29 1130.34 0.396016
4 0.09 1396.49 50.86 1484.85 0.394114
4 1428.66 1192.89 1476.10 1253.92 0.390394
4 1632.96 1202.22 1688.25 1267.31 0.389741
1 846.76 1229.70 859.58 1258.71 0.388607
4 661.99 1469.13 718.59 1499.75 0.388515
4 645.31 571.12 673.24 596.49 0.387762
4 1658.05 1070.58 1719.82 1144.30 0.386360
5 1334.80 553.36 1383.65 587.86 0.379870
1 920.23 1119.26 930.24 1146.96 0.379200
4 1827.80 1286.86 1895.65 1366.82 0.378516
4 1507.32 386.96 1544.01 401.33 0.377024
4 1476.27 1193.81 1531.61 1262.64 0.374229
4 1578.21 1194.79 1634.08 1265.37 0.373638
4 1829.27 1212.23 1899.21 1280.77 0.373229
4 673.41 533.10 698.63 556.65 0.372970
4 886.32 529.69 895.88 551.71 0.371965
4 1419.03 538.14 1442.23 558.16 0.368596
1 871.62 1122.31 883.62 1150.17 0.368275
4 1607.95 1270.74 1672.65 1340.69 0.366750
4 954.30 318.60 970.96 331.08 0.366202
4 1784.39 1209.75 1848.54 1282.79 0.359336
4 1447.92 442.54 1477.35 455.59 0.359299
4 757.38 436.42 772.68 451.26 0.357796
4 1525.77 1192.93 1585.39 1266.95 0.354520
4 1933.66 1213.14 1999.81 1286.57 0.352878
4 63.55 1358.85 102.02 1411.39 0.349685
4 1679.10 1203.47 1743.37 1278.34 0.349508
1 892.80 1127.60 904.10 1159.74 0.348911
4 613.87 615.09 640.62 640.94 0.346778
1 189.08 1263.48 209.60 1294.22 0.343829
4 1597.20 1071.34 1648.91 1138.52 0.343334
4 1499.56 1267.64 1559.66 1334.65 0.341015
4 1679.23 1203.79 1701.83 1275.04 0.340979
4 1713.56 1280.57 1783.15 1348.42 0.337765
4 690.58 516.67 712.36 536.67 0.334089
4 1660.44 1274.84 1701.83 1343.53 0.329740
4 1731.54 1205.48 1798.79 1280.35 0.325105
4 556.69 686.77 580.49 713.00 0.323983
4 709.90 490.78 731.46 511.22 0.322503
4 927.82 371.75 942.63 386.89 0.320707
2 774.42 903.05 790.09 927.05 0.318346
4 914.39 275.24 926.57 287.45 0.314254
1 838.03 792.29 849.54 815.40 0.312006
4 806.04 375.51 816.42 389.95 0.311579
1 418.48 864.59 430.61 886.06 0.302502
4 1770.34 1279.65 1847.41 1364.01 0.302098
4 594.73 636.56 622.42 663.00 0.301086
4 706.40 578.58 719.04 597.84 0.299632
4 1554.76 1264.03 1614.84 1338.23 0.297976
4 725.56 474.52 743.38 490.72 0.295912
1 889.79 721.48 899.95 741.49 0.295120
2 1150.61 351.11 1213.93 405.47 0.288121
1 381.85 905.61 393.54 928.43 0.286932
4 961.48 253.90 980.02 264.56 0.285854
4 736.34 458.01 755.80 478.72 0.285510
4 1310.19 839.23 1341.33 859.13 0.285346
4 806.06 1257.79 820.21 1295.88 0.284579
4 951.08 508.18 969.46 529.22 0.283134
4 1453.42 540.80 1488.13 559.84 0.282804
6 909.11 635.28 933.21 681.88 0.282259
4 1543.57 416.61 1569.94 427.41 0.280121
3 852.36 1334.69 883.54 1385.31 0.279400
6 981.35 292.50 1012.53 310.08 0.273528
1 20.70 1442.80 42.68 1473.71 0.269507
4 651.88 603.90 670.35 618.89 0.268942
4 580.06 661.86 603.34 686.79 0.265980
4 1452.31 1257.52 1506.98 1331.48 0.265962
1 880.60 668.86 890.25 689.71 0.263707
5 916.44 617.70 942.46 640.75 0.261673
4 937.16 559.38 958.25 579.23 0.261062
2 457.06 877.07 473.38 902.52 0.258960
3 528.47 725.82 546.23 753.10 0.257495
1 863.53 753.95 874.53 774.70 0.256661
1 852.43 807.02 864.16 829.65 0.253733
3 444.51 887.68 476.04 915.43 0.252485
4 830.22 341.63 842.63 356.53 0.251787
4 1675.01 1095.87 1701.79 1143.20 0.249166
4 1321.89 884.95 1354.62 908.70 0.246775
4 961.72 268.28 975.51 278.91 0.240115
4 611.90 431.02 631.11 443.31 0.239664
4 961.01 218.94 971.86 228.66 0.236603
4 1420.39 466.91 1442.66 479.25 0.234576
4 1007.92 350.58 1028.50 364.39 0.233849
6 1525.72 1042.27 1565.76 1081.08 0.231946
4 493.14 249.08 510.27 262.56 0.229974
4 862.03 679.39 872.13 689.47 0.228177
4 981.95 192.42 993.34 201.24 0.227044
6 1011.68 260.32 1084.23 327.04 0.225804
6 1145.68 604.05 1265.38 630.88 0.224978
4 1506.55 369.75 1524.41 381.80 0.223100
2 954.15 748.93 966.59 773.18 0.217877
4 1060.46 343.03 1072.09 351.42 0.216842
4 1427.96 443.29 1444.61 454.23 0.214878
4 940.61 262.08 957.61 271.97 0.214484
4 716.60 512.66 729.05 527.99 0.213246
4 854.71 310.02 865.78 319.91 0.212502
4 565.86 832.61 590.59 856.18 0.212438
4 923.95 598.29 945.28 616.98 0.212072
2 614.45 674.00 624.90 693.75 0.211828
2 809.04 1484.16 852.16 1499.82 0.210452
6 923.21 604.19 958.48 623.83 0.210241
4 1518.08 423.50 1533.84 436.65 0.209146
4 1355.87 466.25 1380.41 487.70 0.207816
1 942.31 669.13 951.76 688.94 0.207194
4 981.42 172.77 996.01 182.75 0.206408
4 538.49 433.96 552.36 443.20 0.205891
4 573.31 435.46 607.29 445.10 0.205708
4 875.51 283.39 886.96 295.68 0.205566
4 943.66 435.76 952.12 447.74 0.202609
6 1399.47 237.18 1421.34 260.26 0.200384
4 998.72 197.78 1009.15 207.29 0.200355
