4 860.91 444.67 962.44 503.54 0.547667
4 881.82 69.16 974.56 115.66 0.547620
4 860.89 450.68 895.77 503.42 0.536458
4 1158.38 316.34 1208.79 397.49 0.533502
4 400.01 394.25 452.30 483.08 0.516385
4 980.98 233.82 1030.63 303.64 0.492938
4 548.33 284.12 596.15 369.21 0.489490
4 605.13 408.54 713.39 462.30 0.478065
4 869.08 242.83 919.07 325.86 0.457817
4 811.60 245.90 861.28 329.66 0.456545
4 1213.05 190.07 1274.74 272.23 0.456222
4 969.28 695.28 1036.81 817.72 0.447531
4 751.83 254.03 795.52 339.92 0.444773
4 915.43 227.30 964.27 305.52 0.432608
4 1153.60 534.25 1232.50 640.63 0.426206
4 1222.12 524.22 1296.50 620.85 0.394931
4 947.97 568.08 1010.13 671.53 0.388358
4 1287.20 516.05 1368.07 619.29 0.383312
10 672.72 657.04 719.95 713.84 0.380036
4 1095.70 549.33 1171.46 647.88 0.363516
4 881.61 77.62 895.82 113.40 0.355329
4 484.04 129.45 559.65 165.25 0.339828
4 595.27 609.39 651.36 719.73 0.335443
1 679.57 603.31 699.86 634.52 0.331687
4 1224.93 1021.43 1299.49 1053.69 0.322881
6 1524.18 451.36 1610.05 523.46 0.314767
6 1791.41 699.58 1915.65 850.56 0.309190
4 401.11 600.54 432.82 653.24 0.299901
4 1020.07 724.75 1036.17 816.28 0.283957
4 526.20 596.02 582.36 722.00 0.275725
4 359.48 596.11 386.84 628.40 0.275565
2 1057.98 773.22 1119.82 810.97 0.270611
2 1324.21 8.61 1393.05 41.48 0.268582
1 1246.14 691.07 1260.05 720.50 0.267353
2 248.41 610.78 262.77 633.86 0.249351
4 1020.02 250.06 1031.62 300.56 0.240522
6 216.61 0.00 349.93 30.38 0.237453
2 844.98 723.02 873.06 766.40 0.236286
7 1607.51 505.93 1701.63 600.85 0.230692
1 885.40 816.63 902.54 863.65 0.226197
2 36.02 295.64 51.50 315.40 0.224293
1 1057.57 779.73 1079.03 810.39 0.223656
2 1365.08 9.72 1392.52 34.78 0.220904
1 1247.55 897.65 1263.63 919.00 0.219708
6 603.48 299.97 661.44 375.01 0.219418
2 705.19 630.71 730.41 666.13 0.218982
4 1305.95 1048.34 1363.97 1071.32 0.213069
2 819.87 636.05 871.27 690.99 0.212387
2 792.04 587.88 813.86 633.56 0.209908
3 738.48 693.47 774.33 718.58 0.209777
2 1805.33 188.12 1824.92 215.85 0.209293
3 519.37 725.88 578.35 771.82 0.206133
6 806.09 567.52 887.01 718.11 0.205902
2 616.62 419.31 629.88 441.79 0.203586
4 1749.53 827.33 1781.27 854.88 0.200876
