6 247.67 346.22 840.83 511.23 0.495631
5 1277.55 13.52 1359.81 79.63 0.428090
6 913.48 0.20 1079.91 50.15 0.406437
4 224.96 584.51 343.44 736.44 0.397069
6 464.44 249.43 853.73 378.54 0.376347
4 896.08 0.00 927.75 25.73 0.357287
6 552.98 76.22 816.94 136.02 0.332848
4 1316.53 93.88 1359.83 131.53 0.321439
4 858.16 117.42 895.61 169.13 0.321094
6 444.12 166.97 798.90 272.01 0.305845
5 834.91 133.03 878.64 197.84 0.294155
6 497.23 135.86 836.36 199.48 0.293146
2 561.00 179.02 593.58 199.86 0.285943
4 1339.17 122.87 1359.89 175.46 0.264883
6 574.92 0.21 740.76 33.00 0.254921
5 806.90 193.95 872.26 281.57 0.246156
6 225.06 584.86 879.37 764.30 0.241814
10 338.23 368.02 394.56 403.73 0.240618
4 1109.20 0.00 1140.71 8.78 0.212586
6 454.48 38.22 770.24 111.88 0.207556
5 605.82 118.26 644.02 146.53 0.205931
