4 421.37 362.08 487.43 436.10 0.567657
4 579.34 232.66 620.88 281.90 0.559281
4 519.35 320.87 566.44 384.38 0.557778
4 532.67 206.04 571.40 247.69 0.531300
5 149.75 321.23 261.32 389.40 0.527651
4 625.63 147.40 668.62 176.41 0.523556
4 464.04 362.93 486.73 433.65 0.523365
4 676.91 492.08 756.39 610.53 0.503889
4 63.25 454.81 173.78 563.16 0.488317
4 686.37 55.83 702.89 71.89 0.486846
9 839.32 0.06 895.76 44.14 0.473509
4 246.92 297.74 311.88 345.75 0.464139
1 355.50 435.45 375.27 484.46 0.463974
3 712.08 178.02 722.63 193.54 0.413597
4 614.21 24.93 625.44 39.12 0.412697
3 290.91 649.00 332.61 719.59 0.402286
1 51.49 316.80 69.52 357.18 0.399239
1 921.99 279.25 936.56 312.27 0.395717
4 446.98 68.73 467.12 86.91 0.387438
3 745.91 182.23 757.24 201.48 0.387078
3 126.11 406.86 159.45 433.34 0.384714
4 762.03 47.16 778.94 63.37 0.383338
4 259.92 238.20 336.43 281.22 0.379954
4 876.03 145.40 895.88 199.25 0.371353
4 680.16 25.88 694.19 39.96 0.368519
4 0.13 599.72 52.22 708.50 0.364237
4 879.69 31.50 898.32 46.05 0.348199
4 729.55 8.40 744.23 20.18 0.347515
4 644.88 0.00 656.95 6.08 0.338848
4 667.77 10.63 681.31 21.94 0.321216
4 917.99 60.83 941.38 78.80 0.318651
4 653.62 25.88 668.35 37.11 0.314636
7 2.01 414.64 66.95 471.78 0.310998
4 646.41 13.78 658.25 26.97 0.308993
5 907.52 29.95 925.24 44.83 0.308448
1 745.88 129.82 755.96 152.06 0.306230
2 0.18 313.70 16.24 357.03 0.297308
4 618.92 2.29 632.57 16.02 0.294064
4 541.14 38.14 558.63 46.38 0.291864
4 389.24 39.92 402.88 55.83 0.281771
4 22.48 308.41 63.89 348.86 0.272896
2 576.22 68.94 584.97 87.91 0.271834
4 663.81 0.40 675.39 9.65 0.270526
6 922.88 30.79 951.12 45.39 0.262819
4 907.49 46.84 929.95 63.87 0.249620
2 502.05 41.11 511.84 59.63 0.248716
2 828.47 95.67 837.40 116.01 0.238040
2 572.28 53.17 581.54 66.71 0.235349
3 928.03 299.60 936.06 313.35 0.234606
4 930.52 47.33 948.60 63.69 0.231374
7 900.29 290.34 916.53 304.27 0.227597
4 498.35 30.71 512.69 45.93 0.223165
4 865.77 30.97 879.96 42.48 0.221322
2 818.03 84.46 826.52 99.92 0.218729
7 24.15 323.81 50.70 349.52 0.212018
2 597.77 0.01 605.50 9.97 0.202489
4 721.49 0.00 735.20 8.08 0.202455
