4 549.64 318.02 653.76 476.92 0.624083
4 962.66 915.57 1289.91 1049.41 0.585364
4 506.20 510.16 634.27 717.42 0.579564
4 947.48 759.91 1280.13 894.87 0.569266
4 814.27 260.05 1004.59 357.00 0.547229
4 812.38 409.66 1050.18 510.58 0.536259
3 841.77 36.61 888.16 83.23 0.532792
4 813.73 194.73 997.63 274.59 0.530140
4 843.20 514.89 895.85 617.66 0.518124
4 812.05 417.33 895.83 510.36 0.517883
4 182.16 5.43 285.51 105.99 0.516753
4 622.77 5.11 688.32 99.25 0.515165
4 843.88 501.06 1118.27 618.97 0.503850
4 805.27 0.00 883.23 47.11 0.500262
4 963.49 622.60 1231.50 750.41 0.488644
4 612.67 154.13 686.55 213.87 0.480858
1 766.59 8.36 783.14 55.73 0.470251
1 782.37 0.23 805.97 57.76 0.466406
4 414.12 0.24 490.48 79.73 0.445535
3 726.63 0.00 740.18 17.50 0.414117
4 648.82 0.00 696.46 9.31 0.347699
4 0.25 0.03 93.04 68.79 0.290639
2 361.31 520.54 423.09 597.86 0.247068
3 166.12 50.61 224.45 107.69 0.201520
