4 828.36 109.69 851.59 137.47 0.475006
4 811.77 51.81 832.52 81.20 0.471461
4 766.77 0.17 782.92 17.64 0.448023
4 331.24 297.99 388.74 327.42 0.420623
4 623.75 598.05 662.58 674.10 0.414776
4 694.31 601.87 730.41 678.93 0.414466
4 611.38 708.78 657.60 787.68 0.411082
1 265.77 735.87 283.96 765.11 0.389912
4 809.83 152.00 833.39 191.20 0.381863
1 213.47 769.64 230.36 787.82 0.368425
4 631.29 514.96 666.78 575.69 0.358648
2 571.32 363.64 582.10 385.15 0.349055
1 1155.41 326.46 1166.87 345.19 0.340441
2 517.21 458.24 529.77 480.05 0.335927
1 721.42 234.93 733.18 254.12 0.327244
4 692.09 508.73 724.71 578.45 0.323389
2 545.48 424.36 556.39 441.91 0.312355
4 801.55 120.79 811.59 135.73 0.309805
2 534.54 462.95 545.79 483.06 0.299424
2 983.68 306.33 996.07 329.02 0.296055
2 544.56 454.88 554.74 476.06 0.293428
1 581.80 432.94 589.42 449.76 0.290093
2 100.10 765.59 117.93 787.66 0.290042
2 583.12 273.17 592.78 289.00 0.283721
2 624.57 256.11 633.89 274.97 0.265653
6 514.69 169.41 587.55 244.25 0.262411
2 763.18 223.94 771.63 241.68 0.258746
4 74.03 310.78 102.55 319.87 0.253869
2 1082.95 622.43 1101.43 655.59 0.245953
2 561.97 362.75 572.51 380.21 0.242138
2 1355.75 318.46 1366.93 337.28 0.232543
2 283.76 267.90 294.60 291.01 0.230901
2 789.86 238.02 800.36 268.20 0.227163
4 780.70 32.97 788.72 45.39 0.223362
2 1006.47 290.94 1017.03 310.33 0.222394
4 807.25 32.54 815.63 44.85 0.219860
2 648.60 96.34 655.76 112.73 0.216152
4 789.70 103.20 800.08 110.62 0.213185
4 838.21 469.20 857.58 488.18 0.212701
6 1059.42 132.69 1073.87 144.94 0.205334
2 668.66 203.30 676.43 219.69 0.204328
6 0.28 140.27 127.78 528.09 0.202089
