6 1167.05 118.01 1351.78 226.62 0.544972
4 804.69 416.38 1021.04 524.69 0.530058
4 133.77 439.82 344.10 551.61 0.516377
4 649.27 635.06 912.25 764.63 0.504334
4 248.27 373.47 440.07 468.93 0.503432
4 0.29 508.56 233.94 650.02 0.496269
4 1155.63 151.64 1177.75 178.62 0.408067
4 875.68 325.98 1057.29 418.09 0.395186
4 612.35 179.18 733.74 246.26 0.392164
4 818.95 51.32 905.52 95.44 0.391404
4 0.18 354.12 129.22 491.82 0.387956
4 805.68 416.21 895.78 502.06 0.387359
4 878.55 15.81 956.28 54.28 0.378492
4 153.00 276.13 308.08 379.85 0.377191
3 1345.68 157.41 1359.97 199.48 0.362832
4 930.48 0.00 972.74 19.14 0.351756
4 639.91 164.49 753.62 217.19 0.350779
4 677.12 144.88 784.78 199.46 0.338496
4 727.99 116.00 828.78 163.93 0.331117
4 756.21 101.64 841.18 147.80 0.327511
4 894.22 298.61 1063.93 363.55 0.324867
4 922.97 267.77 1086.75 332.79 0.323311
4 591.14 117.94 630.64 153.87 0.322482
4 704.48 132.80 807.21 181.20 0.318246
4 465.28 105.10 499.01 171.14 0.317841
7 1199.03 3.78 1260.90 63.75 0.317327
6 1092.87 0.10 1184.40 40.96 0.316519
4 936.95 232.61 1087.42 289.26 0.315198
4 951.39 204.98 1102.14 259.69 0.296734
4 589.65 137.08 607.96 175.45 0.294886
4 961.57 180.34 1095.09 220.49 0.290412
4 274.71 238.31 351.01 277.80 0.289967
5 1294.14 138.89 1351.20 226.93 0.284351
4 867.57 45.83 945.68 79.67 0.284021
4 981.53 140.29 1107.96 182.64 0.282069
4 764.69 82.96 845.82 122.49 0.265568
1 864.74 24.47 937.41 102.38 0.265388
6 1167.28 118.34 1233.58 212.70 0.257988
4 853.67 334.92 895.78 398.51 0.255976
4 177.22 217.70 218.74 244.44 0.255431
4 1023.47 109.84 1137.89 149.28 0.255056
4 717.82 82.04 730.62 105.55 0.254663
4 76.96 336.15 179.45 387.26 0.242295
4 337.86 215.68 378.91 252.29 0.241004
4 1084.05 0.00 1113.01 8.18 0.230680
4 1069.53 33.85 1150.88 59.64 0.216903
4 1050.61 62.44 1146.59 96.10 0.215933
