6 609.16 328.00 765.74 419.44 0.543167
1 599.81 328.36 614.79 361.41 0.524128
4 4.83 506.12 155.98 581.16 0.508033
4 267.09 703.16 463.22 764.48 0.492838
4 40.40 463.57 186.69 525.61 0.491727
4 319.71 639.73 479.51 716.66 0.483878
4 372.72 520.48 517.81 585.69 0.465748
4 348.00 583.38 492.54 651.42 0.462651
4 97.62 423.71 227.34 483.86 0.457731
4 394.12 470.03 532.19 530.10 0.439566
4 134.48 392.79 256.34 447.58 0.435206
4 166.94 360.69 284.93 412.60 0.431043
4 442.82 359.40 558.29 406.04 0.428893
4 652.40 316.64 744.39 347.87 0.428627
4 410.15 429.16 534.78 481.07 0.422902
6 613.76 57.87 680.32 102.89 0.402022
4 438.36 397.51 553.84 446.69 0.401140
5 427.98 89.79 471.69 140.40 0.397737
4 464.08 520.96 518.27 585.97 0.394487
4 204.75 332.50 293.74 381.17 0.383783
4 387.52 157.69 447.02 184.95 0.381948
4 147.14 300.46 183.71 344.11 0.375373
4 490.01 61.26 543.85 85.23 0.373360
4 291.63 232.83 383.94 279.41 0.372816
4 345.15 205.52 428.70 245.39 0.366713
6 701.91 63.58 766.70 102.46 0.362454
4 386.47 192.06 456.32 230.24 0.361950
4 134.96 210.77 178.76 262.81 0.354258
4 91.29 265.46 116.31 290.48 0.352702
4 480.17 319.60 585.74 368.38 0.352430
7 677.12 117.21 755.75 182.42 0.346887
4 43.32 289.35 71.82 323.79 0.340790
4 491.86 296.23 597.77 338.18 0.337480
6 582.11 105.00 661.58 155.72 0.333112
4 464.11 586.38 492.25 651.82 0.331188
4 67.29 269.19 96.29 310.21 0.311088
4 498.32 275.41 595.04 311.28 0.310800
4 464.04 642.02 479.59 712.32 0.304096
6 720.09 29.10 772.83 69.06 0.302820
4 0.10 444.87 13.98 483.33 0.300767
4 529.97 220.22 615.76 254.28 0.298854
7 698.19 146.55 753.37 181.69 0.295934
4 366.29 164.54 439.51 199.78 0.294423
4 535.33 48.64 564.94 73.45 0.293054
4 56.31 152.72 95.73 174.75 0.290689
4 518.72 238.05 604.21 275.57 0.290051
5 717.54 114.10 763.27 153.49 0.289673
4 521.49 10.45 544.01 32.01 0.283537
4 510.23 254.90 595.07 289.48 0.282985
4 218.13 301.36 335.93 351.12 0.282642
4 538.47 188.74 618.99 221.93 0.274215
4 742.84 15.45 759.54 30.98 0.269222
4 554.36 167.05 625.99 199.52 0.261436
4 501.95 10.50 519.64 29.32 0.257708
4 572.31 151.69 635.53 173.52 0.257290
4 505.48 42.51 536.35 63.41 0.251054
6 546.61 2.43 590.68 34.53 0.237903
1 177.01 339.11 193.03 366.94 0.237029
4 541.76 202.19 616.49 235.75 0.234405
4 566.63 15.07 589.54 34.41 0.231434
6 464.04 89.70 471.78 130.91 0.229609
4 0.18 416.99 42.00 483.14 0.227469
6 654.36 7.10 698.02 39.33 0.221217
4 319.27 206.94 352.65 233.04 0.217740
