3 1840.53 632.57 1875.66 669.97 0.754156
4 289.91 720.98 487.19 851.48 0.610679
4 1368.05 1182.42 1715.51 1382.66 0.574947
4 1229.65 619.92 1316.45 693.69 0.567452
4 1125.69 618.24 1217.17 696.07 0.565173
4 1027.27 603.92 1074.30 644.82 0.553966
4 1491.58 591.36 1655.04 669.65 0.551906
5 555.02 543.57 666.76 619.76 0.545144
4 1976.33 773.67 1999.82 835.27 0.543421
2 1858.34 613.06 1884.70 662.32 0.525903
4 814.20 604.30 882.20 672.46 0.519244
4 906.42 604.05 973.96 652.71 0.506588
4 726.96 570.44 822.33 631.77 0.474693
4 638.26 560.94 753.66 623.86 0.472634
4 199.66 500.91 333.93 552.11 0.467248
4 1702.85 558.79 1864.23 623.32 0.465233
4 0.31 452.23 100.54 490.66 0.457351
1 365.27 406.16 384.21 444.45 0.454572
4 361.52 523.37 456.28 577.30 0.453686
4 0.17 490.43 62.62 533.17 0.441976
6 75.79 218.43 98.60 241.38 0.440045
4 57.74 402.30 167.40 436.11 0.426860
4 159.44 327.92 235.31 349.86 0.425930
4 1980.11 521.81 1999.86 553.98 0.421944
4 638.83 604.03 707.53 623.07 0.410977
4 1742.63 603.67 1863.20 622.81 0.410663
4 138.98 343.60 217.05 366.32 0.409396
4 806.03 578.24 822.59 607.87 0.403044
4 418.59 532.13 530.64 591.79 0.397890
4 255.75 266.39 297.62 283.45 0.394462
4 105.73 364.95 194.42 390.59 0.394020
4 223.77 462.53 340.82 503.37 0.388645
4 291.09 354.50 376.09 390.62 0.379178
1 337.29 417.01 358.45 460.88 0.376429
4 88.37 383.55 182.92 412.11 0.375806
4 220.68 441.07 341.81 473.95 0.372800
4 557.41 604.07 616.86 619.02 0.366544
4 311.24 335.19 382.10 359.74 0.365360
5 215.17 402.82 360.46 460.76 0.363134
4 0.17 526.80 13.74 559.57 0.341033
6 474.17 435.92 593.62 523.59 0.328039
4 343.41 289.56 380.64 309.95 0.324963
4 216.36 300.94 249.87 329.44 0.314850
4 318.05 314.88 386.29 340.09 0.314396
4 327.06 210.43 345.72 220.85 0.311253
1 1464.49 1236.08 1533.27 1313.83 0.303574
4 106.51 226.84 132.43 236.46 0.298896
4 341.10 216.40 357.97 227.76 0.298568
4 48.73 200.82 63.82 214.28 0.294236
4 282.70 223.33 308.86 235.31 0.288795
4 348.62 273.26 374.60 290.77 0.262944
1 1396.64 604.12 1414.16 630.59 0.254492
4 348.33 283.40 376.19 296.75 0.224837
3 342.55 257.49 364.43 273.51 0.223572
6 108.90 200.30 134.02 215.84 0.215612
1 1467.49 1261.95 1508.19 1316.37 0.212604
3 976.27 194.15 1003.86 237.93 0.208434
4 350.27 268.24 373.50 280.79 0.208017
4 1507.93 550.04 1547.44 581.32 0.205272
