4 877.96 205.42 923.73 262.92 0.578714
4 806.64 128.35 860.89 168.05 0.542173
1 313.18 917.13 355.01 971.51 0.525036
4 913.70 148.68 958.34 198.94 0.516479
4 1448.19 147.76 1486.01 188.37 0.512737
4 330.42 991.04 453.57 1139.90 0.500521
4 109.92 1288.51 305.14 1499.13 0.500400
4 697.73 440.25 786.96 543.07 0.487366
4 1305.71 3.17 1339.28 45.65 0.462701
4 1019.73 0.00 1052.75 27.38 0.455583
4 876.70 206.92 895.84 264.98 0.442938
4 1459.26 362.17 1508.67 428.20 0.432535
4 1238.00 199.17 1282.33 260.92 0.430669
4 803.55 49.49 852.03 91.78 0.425558
1 1016.99 110.67 1031.03 141.36 0.424478
4 1310.90 218.63 1356.61 278.40 0.423826
1 999.24 104.77 1013.22 139.96 0.423405
1 1517.40 255.69 1548.87 295.85 0.408917
1 1495.55 217.71 1513.80 258.27 0.404198
4 1454.24 231.57 1493.64 279.11 0.402413
4 1464.52 438.82 1534.58 509.37 0.391445
4 848.89 59.21 888.67 99.81 0.387543
10 1525.44 1072.47 1660.97 1334.28 0.383670
1 1521.58 284.00 1542.81 342.07 0.377581
4 1303.03 73.93 1344.68 120.46 0.375762
10 1221.95 1110.37 1312.18 1336.34 0.371982
4 1445.81 41.17 1478.04 77.05 0.367421
4 1216.77 359.51 1275.94 446.91 0.366983
4 865.10 0.15 895.70 22.17 0.353979
1 1415.04 226.07 1430.42 253.99 0.346858
4 1240.90 77.51 1277.80 121.48 0.345839
1 419.70 647.96 454.75 693.11 0.345650
4 1447.64 15.55 1474.71 46.06 0.330425
1 1453.37 205.59 1478.56 239.21 0.325170
4 1447.75 0.00 1476.23 17.16 0.318800
2 970.95 48.09 986.36 74.78 0.299891
1 1435.43 249.28 1455.79 293.27 0.295241
3 760.65 336.16 797.78 360.22 0.289961
3 1571.95 229.05 1602.09 280.86 0.287444
3 1406.51 240.27 1427.64 268.70 0.275402
2 1572.79 208.66 1595.49 243.17 0.258963
4 1313.13 74.26 1343.26 98.14 0.244130
1 63.61 1045.97 104.00 1096.68 0.240781
4 765.86 0.00 780.41 24.17 0.227661
4 711.13 653.26 750.37 720.56 0.218973
4 930.43 20.08 941.52 42.65 0.216770
4 911.43 10.39 941.30 44.43 0.215624
