4 987.51 807.73 1344.54 1088.20 0.676355
4 1842.59 127.53 1999.73 364.53 0.602057
4 1079.79 807.72 1343.52 895.60 0.581552
4 1755.37 687.35 1999.62 956.75 0.571693
4 1415.14 277.03 1718.15 484.71 0.570435
4 1508.09 385.10 1701.68 611.95 0.561644
4 880.92 617.74 1224.97 857.21 0.555399
6 1281.41 135.69 1571.13 356.11 0.545825
4 971.98 0.10 1109.50 65.45 0.531566
5 1078.06 0.09 1341.68 141.90 0.530871
5 1198.74 27.28 1440.00 207.02 0.529801
4 1104.20 617.60 1224.58 792.58 0.503495
3 551.86 145.13 588.12 200.57 0.419721
2 534.43 403.48 608.08 494.70 0.407688
4 1666.80 0.00 1822.31 137.19 0.371506
10 1163.64 1207.52 1710.92 1498.67 0.368583
10 1201.05 231.00 1243.54 292.85 0.360021
10 661.92 693.97 736.37 773.40 0.350455
3 806.15 943.98 848.74 1098.58 0.345691
4 1668.05 0.00 1701.56 124.42 0.333054
7 437.22 282.26 575.72 370.76 0.324665
4 806.11 264.50 823.66 328.32 0.316611
1 1333.15 287.27 1376.60 326.58 0.294470
2 484.92 925.05 528.48 991.54 0.289991
3 384.71 129.89 427.05 200.49 0.281764
3 721.88 394.69 773.21 469.05 0.272077
1 775.32 412.73 796.83 446.10 0.267062
7 722.58 190.03 823.86 322.52 0.258488
7 526.93 487.79 590.34 558.97 0.240760
7 806.24 263.99 834.17 453.47 0.229385
2 570.79 780.61 633.26 833.92 0.229082
7 586.88 137.76 650.10 190.02 0.227450
10 785.15 1004.57 820.47 1050.39 0.220672
10 1303.89 334.45 1346.43 389.44 0.218110
4 603.11 610.48 681.01 706.53 0.210041
10 1445.43 193.34 1470.59 231.50 0.207811
3 806.14 944.01 842.01 1011.59 0.205676
6 806.41 1054.27 1038.65 1499.09 0.204308
2 534.64 456.89 569.97 495.81 0.203771
