3 1521.98 712.26 1599.94 777.70 0.662697
2 857.06 688.32 892.68 767.88 0.569921
2 685.56 726.15 719.09 784.29 0.569070
3 1188.22 584.98 1233.83 632.19 0.564524
2 813.92 661.78 849.22 698.88 0.531619
2 923.68 546.38 947.28 594.57 0.510192
2 898.92 686.34 933.88 734.73 0.495680
2 1016.72 792.40 1048.57 853.69 0.483926
2 997.32 832.03 1025.76 888.83 0.481223
2 895.49 520.23 919.22 588.15 0.480723
2 865.29 623.13 895.50 679.38 0.478245
2 972.96 801.69 999.98 872.02 0.471851
3 1751.71 846.83 1844.35 909.54 0.463728
2 965.58 742.32 993.11 787.57 0.457547
2 883.98 639.40 906.28 695.37 0.437279
2 206.57 279.17 236.46 337.42 0.427777
2 727.40 622.71 759.87 680.49 0.410754
2 942.07 721.61 961.91 761.84 0.394615
2 960.47 713.94 989.48 759.04 0.394423
2 683.44 758.00 701.20 797.64 0.387176
2 773.02 636.72 807.44 677.53 0.376027
3 1428.02 526.00 1460.81 588.27 0.364962
1 1104.08 565.27 1128.42 622.30 0.361832
10 280.36 1027.47 603.01 1298.19 0.359587
7 1036.32 758.23 1079.58 819.19 0.346930
3 909.35 769.60 951.40 821.60 0.344709
1 1406.96 515.80 1431.18 571.23 0.300362
2 762.11 634.45 781.84 671.41 0.298328
3 1104.01 604.00 1124.54 623.46 0.290135
7 919.23 725.22 990.73 784.82 0.281728
7 994.95 896.52 1039.85 944.69 0.273890
2 1034.76 845.67 1070.86 889.14 0.260632
2 982.19 801.71 1001.22 843.37 0.218599
2 812.97 620.31 1080.10 944.59 0.218066
3 1390.36 507.67 1460.92 589.15 0.213121
