4 1098.29 554.17 1138.42 589.16 0.531647
4 1075.95 505.62 1100.32 527.88 0.493209
3 879.26 878.49 918.00 910.42 0.479579
3 913.32 831.45 940.84 861.41 0.465965
1 868.67 851.44 889.09 899.48 0.464289
9 907.24 772.34 972.44 828.86 0.461230
4 862.50 934.56 959.91 1004.15 0.453584
5 1009.44 901.52 1074.83 1002.88 0.450775
7 1109.15 772.36 1136.04 825.62 0.440993
4 863.37 937.20 895.89 975.23 0.440322
4 1441.24 239.47 1471.70 253.53 0.414624
6 1140.56 868.27 1175.23 944.58 0.402990
2 1171.44 590.34 1186.01 617.87 0.395743
6 369.32 198.40 464.06 214.75 0.395363
3 877.28 877.83 894.65 903.43 0.394423
3 1121.55 512.43 1136.27 538.76 0.384382
4 1119.50 266.18 1133.10 281.70 0.379254
4 1127.80 217.41 1142.58 231.90 0.376251
4 884.98 140.93 895.86 151.28 0.370538
4 1197.20 265.57 1211.84 282.27 0.367213
1 1388.60 595.84 1399.53 625.88 0.360643
1 1416.22 837.03 1431.92 865.46 0.356485
3 893.01 917.61 944.87 942.16 0.350952
3 1160.92 494.74 1173.71 515.60 0.350444
4 1186.28 208.58 1198.49 220.04 0.345593
6 1035.18 766.06 1071.73 829.38 0.342022
3 1431.50 794.86 1469.65 822.45 0.340988
1 1522.51 1013.99 1554.79 1061.52 0.340585
4 1280.46 580.22 1373.64 613.65 0.339740
1 1347.29 858.37 1363.04 895.67 0.335083
4 1496.12 938.43 1539.05 986.39 0.329367
6 1550.81 400.53 1601.15 442.69 0.327193
4 1019.95 753.71 1036.05 775.04 0.324373
1 1156.43 423.14 1167.93 445.81 0.314948
3 1131.48 497.41 1147.10 515.68 0.312077
1 1327.55 855.90 1344.59 890.24 0.307887
4 1168.73 219.97 1185.66 232.03 0.307128
4 1169.68 235.09 1179.86 247.08 0.300431
4 203.04 652.84 240.35 678.62 0.298385
1 1139.89 359.62 1149.88 377.06 0.297975
7 929.81 893.34 975.28 938.69 0.296577
3 1383.54 657.85 1420.89 682.24 0.296260
4 1016.49 477.16 1045.03 494.63 0.285156
1 1405.36 590.84 1423.35 623.62 0.284558
1 1197.19 361.22 1206.28 379.64 0.277634
4 1150.54 141.67 1161.80 148.78 0.267941
1 1451.86 685.28 1466.26 724.02 0.261613
4 1038.20 312.95 1060.35 327.63 0.260271
1 1201.54 322.38 1210.54 337.81 0.256503
3 1343.44 875.63 1362.40 902.56 0.255272
4 1215.09 290.77 1226.04 305.30 0.249712
3 492.37 635.22 526.57 683.03 0.243570
3 1115.70 799.91 1130.80 826.98 0.243458
3 1324.20 611.08 1361.09 630.95 0.242926
4 365.52 129.52 387.39 138.11 0.242613
7 1466.89 853.11 1506.09 883.67 0.238740
2 1203.07 395.20 1213.82 419.96 0.234370
4 793.86 134.59 814.43 147.34 0.233927
4 1178.80 186.63 1188.48 199.38 0.232902
1 234.85 782.78 253.79 812.28 0.228720
9 1008.46 189.33 1082.22 211.85 0.218313
4 1056.32 106.61 1072.67 117.00 0.211549
2 895.91 963.25 915.34 990.46 0.211177
4 345.35 201.46 361.55 211.91 0.209572
3 447.79 639.43 514.77 707.48 0.207183
2 1327.07 855.71 1362.86 901.03 0.205901
1 836.67 885.80 860.54 927.99 0.205734
2 1159.60 237.22 1167.14 249.40 0.204527
9 1242.98 103.37 1286.30 114.31 0.204294
2 1046.55 767.64 1060.14 788.90 0.201915
