4 489.09 99.33 546.82 225.71 0.455779
4 752.33 499.62 813.56 625.08 0.451855
4 1127.08 446.50 1178.11 570.21 0.445996
4 832.21 487.43 886.49 599.07 0.443048
4 269.88 89.65 333.76 196.67 0.434834
4 1173.68 84.12 1227.35 210.01 0.422492
4 614.11 506.53 677.52 633.72 0.416740
4 1438.66 86.67 1499.87 213.36 0.416305
4 1477.49 485.79 1539.44 610.54 0.415248
4 377.64 512.97 441.06 638.59 0.397701
4 845.18 101.26 896.82 245.24 0.397089
4 419.48 88.32 481.80 215.67 0.394146
4 1501.71 95.88 1566.33 215.49 0.391886
3 185.12 119.00 208.77 152.73 0.384491
4 1385.03 673.07 1461.02 703.91 0.384330
1 1632.55 525.14 1656.75 566.69 0.377239
4 1755.60 117.22 1810.02 230.00 0.373956
4 692.87 105.40 755.43 231.82 0.367171
4 1495.26 671.68 1596.60 705.12 0.360706
4 806.07 103.85 826.14 237.97 0.360529
4 766.19 103.03 826.58 237.11 0.339871
4 491.90 182.15 545.70 225.27 0.338611
4 770.26 745.18 861.04 780.20 0.337974
4 423.34 182.18 478.92 214.63 0.328526
10 1271.64 573.18 1316.14 624.47 0.322861
4 274.41 181.96 325.72 195.72 0.301655
7 473.19 678.36 601.85 723.92 0.285216
4 403.54 681.81 478.29 707.55 0.281280
1 1630.21 519.06 1644.04 540.08 0.278493
4 806.07 182.19 825.32 239.44 0.269792
1 214.55 358.32 250.14 401.91 0.253926
4 769.70 182.22 825.69 237.01 0.252547
4 1860.42 600.76 1915.57 696.44 0.252100
10 714.72 920.08 868.12 1020.81 0.250352
2 1339.93 548.11 1355.82 564.56 0.249819
4 1652.32 30.53 1679.27 57.76 0.248840
4 806.14 684.95 860.59 785.51 0.248584
4 915.49 678.54 989.07 705.82 0.231408
10 1571.64 548.94 1610.07 597.84 0.229412
4 1616.92 69.52 1637.04 90.30 0.221687
10 780.02 819.21 862.71 892.41 0.220281
4 1040.69 674.24 1122.37 704.75 0.218028
4 470.92 698.66 541.50 724.47 0.217488
4 1673.56 51.54 1700.59 75.73 0.214132
3 1571.07 545.39 1603.26 564.69 0.212289
6 1257.86 513.34 1328.84 650.10 0.210560
2 542.53 700.02 558.13 721.04 0.209776
4 162.69 691.05 211.18 705.42 0.209055
2 446.31 672.76 458.30 692.85 0.207705
2 1629.04 520.32 1657.66 609.72 0.200642
