4 458.26 36.87 483.68 70.11 0.516885
4 824.56 148.46 856.83 185.48 0.504080
4 649.36 53.41 672.54 86.43 0.495985
4 812.39 229.14 852.16 284.69 0.466098
6 679.25 145.25 714.27 198.15 0.459991
4 613.82 38.83 636.68 72.05 0.459945
4 550.38 34.23 577.96 71.45 0.453683
4 159.56 472.83 255.12 531.27 0.452714
4 1101.37 228.21 1148.48 269.52 0.430353
4 1098.49 186.05 1117.01 222.96 0.410910
4 734.80 522.34 783.35 606.45 0.410264
1 505.62 166.23 519.78 193.35 0.401199
1 62.35 499.30 83.69 523.01 0.395344
4 521.70 44.91 535.48 65.99 0.391722
4 791.84 516.80 842.91 608.45 0.378546
1 353.95 740.14 372.03 767.80 0.374179
6 688.91 542.05 725.78 623.01 0.372898
1 339.91 728.31 355.45 757.47 0.363140
1 498.91 132.15 512.61 157.71 0.349602
4 1200.41 375.86 1252.98 416.58 0.349216
1 130.83 878.94 180.36 899.23 0.337509
1 948.01 458.47 963.08 479.90 0.312060
2 337.59 728.00 371.47 770.32 0.291805
3 335.69 744.97 355.43 774.36 0.276691
2 0.08 641.18 13.47 666.60 0.249742
2 347.55 728.28 357.32 750.88 0.245852
4 102.21 979.63 154.46 1016.33 0.243496
3 56.22 503.51 96.26 527.29 0.234531
2 347.45 758.39 356.62 775.66 0.233183
7 411.15 180.30 427.84 206.90 0.226037
3 946.41 469.73 962.74 490.78 0.224120
1 605.14 335.09 616.94 345.33 0.220628
7 12.75 641.34 58.08 670.78 0.217601
4 564.62 594.68 589.13 608.74 0.214944
4 732.96 0.08 744.14 9.83 0.209775
