4 1146.90 877.75 1263.49 990.32 0.604349
4 1022.23 597.41 1084.53 650.48 0.579181
4 1374.94 978.35 1530.38 1079.58 0.576205
4 903.70 529.54 951.18 570.48 0.571331
4 509.62 212.25 539.94 221.61 0.480984
4 855.51 363.04 879.60 384.93 0.436819
4 858.60 399.20 888.65 427.04 0.430620
4 781.68 268.48 798.98 282.44 0.426063
4 962.23 401.21 989.50 426.76 0.413808
6 900.80 285.45 928.16 317.90 0.403651
4 962.47 447.17 1001.68 482.36 0.400221
4 184.81 217.86 228.12 227.62 0.398678
4 760.83 256.42 781.22 267.16 0.384123
9 792.22 194.63 813.17 205.92 0.369778
4 914.07 394.44 944.20 418.61 0.344674
4 837.32 249.15 853.04 261.60 0.334750
4 839.77 286.21 854.56 297.26 0.330073
4 950.15 351.99 975.85 372.97 0.329534
6 822.58 194.92 842.55 204.70 0.323238
4 1149.78 877.69 1229.17 895.65 0.317524
4 835.14 272.12 848.73 285.27 0.316166
4 793.11 249.74 809.26 262.34 0.313811
4 910.59 378.20 936.41 400.15 0.313413
4 926.10 339.70 946.76 358.43 0.304260
4 1279.69 213.32 1299.80 221.57 0.302216
6 880.96 234.54 895.93 268.53 0.298198
4 899.82 361.76 922.80 382.22 0.297093
4 911.46 318.12 929.87 333.43 0.297067
4 289.98 216.28 325.75 224.70 0.287366
4 484.78 213.08 507.81 221.56 0.279444
1 1129.26 488.39 1138.33 506.53 0.272033
4 954.63 240.16 972.28 252.49 0.267580
4 749.24 277.75 764.62 287.72 0.265182
4 884.71 329.09 899.52 344.94 0.257404
4 872.91 298.29 888.81 312.90 0.254385
6 1847.22 296.70 1919.76 329.29 0.248929
6 820.09 247.34 853.10 262.52 0.247826
4 993.06 241.27 1009.14 253.71 0.241464
4 859.36 268.51 873.25 282.26 0.241288
9 855.13 219.68 870.01 227.89 0.240813
1 955.64 374.53 968.73 394.47 0.239938
1 753.17 289.46 759.81 304.89 0.239207
6 744.42 246.87 781.54 268.41 0.238567
6 734.45 224.90 936.22 267.85 0.237718
4 757.04 327.44 774.13 337.79 0.236897
9 1752.01 284.04 1877.02 318.88 0.232250
9 1251.46 213.79 1303.05 243.56 0.227594
9 367.24 197.64 406.25 208.31 0.225093
3 1399.81 697.08 1448.87 757.71 0.222803
6 819.49 246.64 832.00 263.59 0.222387
4 882.25 312.22 901.12 329.53 0.220798
4 1291.62 316.23 1305.45 327.89 0.215781
4 867.71 286.57 882.94 300.56 0.214372
4 939.85 324.31 953.09 336.85 0.213149
9 1634.24 289.85 1770.72 322.85 0.212806
4 1787.18 323.10 1822.82 338.64 0.203244
