1 1647.71 1401.06 1694.81 1476.82 0.523119
4 1293.99 1047.82 1445.73 1229.76 0.522959
5 1138.53 687.67 1207.76 774.71 0.512566
4 949.47 454.99 985.30 493.32 0.492247
4 843.55 484.36 894.63 526.06 0.467662
2 1286.37 1459.73 1333.95 1499.20 0.467240
1 1070.81 637.05 1091.52 678.80 0.464244
5 819.09 566.38 913.67 619.57 0.459290
3 1166.78 887.14 1187.17 924.92 0.444825
4 934.18 417.69 967.53 454.73 0.444530
6 1057.56 536.41 1115.78 610.11 0.430593
5 1192.69 744.11 1280.50 832.50 0.427597
1 934.41 1091.04 958.24 1150.39 0.425814
6 776.37 1301.02 895.78 1423.11 0.421871
4 894.64 410.73 920.16 444.46 0.420394
1 1083.29 1144.14 1120.39 1216.50 0.413468
4 976.99 419.29 1011.21 452.50 0.408886
4 906.94 293.45 925.71 312.22 0.403451
2 1577.93 1365.50 1619.32 1418.76 0.401085
2 1594.10 1335.06 1631.15 1408.82 0.391467
4 885.12 236.12 901.81 253.32 0.381962
1 1021.50 874.53 1044.36 895.63 0.380729
1 1011.96 708.26 1027.67 752.66 0.380084
7 1221.08 856.64 1274.33 895.51 0.374121
2 1180.27 825.41 1210.26 894.43 0.373690
4 974.60 385.21 1002.60 412.33 0.365476
3 1099.40 603.92 1122.17 624.06 0.363405
4 745.25 286.30 766.54 300.96 0.362877
2 486.34 1381.98 504.10 1419.18 0.359310
2 937.26 1142.49 954.22 1182.84 0.358580
1 1003.89 636.20 1017.90 677.12 0.352187
7 945.56 728.70 1010.90 826.18 0.345597
4 825.96 449.84 859.61 491.53 0.342560
4 896.46 451.01 918.52 471.05 0.341233
2 1167.48 872.19 1187.60 895.14 0.333614
6 1017.75 435.53 1054.34 480.77 0.329149
3 1187.33 867.55 1211.83 898.29 0.326162
2 471.80 1380.26 488.95 1416.86 0.321168
1 981.48 646.18 995.57 687.21 0.321100
2 1104.16 587.72 1126.10 623.01 0.315763
4 824.08 314.24 845.08 342.28 0.311169
4 891.83 198.32 904.06 210.55 0.309527
4 915.20 236.68 928.24 251.54 0.296683
4 1017.95 435.28 1047.60 454.76 0.295997
3 1010.49 465.62 1029.14 483.24 0.295761
4 768.28 276.63 799.44 290.77 0.294245
1 840.89 424.50 852.04 449.56 0.292982
2 1103.98 1144.52 1120.56 1188.10 0.288896
9 834.52 296.65 854.87 334.61 0.288494
7 834.48 337.59 869.28 369.14 0.285013
4 1103.97 585.98 1116.50 607.64 0.277609
2 968.80 348.98 976.50 372.38 0.275091
4 813.10 287.55 844.55 309.10 0.272152
1 968.72 634.24 980.17 668.18 0.271000
7 1173.61 816.69 1275.67 895.54 0.268290
4 505.77 263.61 525.28 276.83 0.267425
4 523.52 264.12 541.85 277.72 0.267296
4 956.28 334.19 972.62 344.97 0.263945
5 794.91 280.81 823.49 304.16 0.262651
2 1027.50 897.98 1049.97 950.63 0.259987
3 1278.83 1440.94 1299.90 1499.20 0.257588
4 940.56 648.84 970.46 678.10 0.254820
4 1070.47 603.91 1120.35 611.56 0.252743
4 1015.20 411.82 1031.36 423.70 0.252516
4 1604.12 879.35 1640.39 895.62 0.247979
4 818.02 603.77 909.11 620.48 0.247925
4 876.79 206.97 886.68 217.07 0.247833
2 978.29 352.81 986.82 373.22 0.246839
4 1064.84 495.20 1093.99 518.49 0.246759
2 968.12 634.86 1017.85 683.29 0.246322
2 825.71 399.53 837.49 419.79 0.243811
2 993.75 735.57 1010.15 764.31 0.243732
6 775.94 1036.20 923.68 1424.85 0.242845
4 547.39 239.22 563.48 252.67 0.241735
4 935.51 269.16 945.68 284.20 0.240272
2 1271.73 853.27 1295.91 895.41 0.233302
3 955.66 604.18 976.19 632.10 0.233181
3 991.38 656.74 1008.69 679.02 0.228320
4 939.05 656.66 952.05 673.77 0.227348
7 1283.90 979.51 1350.45 1040.73 0.226761
4 906.44 224.02 921.25 238.76 0.225462
4 651.54 187.15 663.65 196.74 0.223043
2 1239.96 890.43 1258.03 938.32 0.219244
3 1006.04 767.16 1022.55 805.35 0.214329
10 0.00 568.80 16.15 590.67 0.214013
4 881.83 175.37 890.37 184.82 0.210413
6 1138.45 686.81 1282.41 835.43 0.210240
2 1604.95 793.10 1640.37 823.91 0.205331
4 874.83 480.81 894.77 493.95 0.205251
9 586.07 250.27 745.51 302.86 0.204978
2 1183.64 824.24 1201.16 849.54 0.201028
