6 1141.26 786.59 1272.24 837.87 0.659537
4 711.64 815.26 777.06 838.88 0.641914
4 517.92 815.90 580.78 838.71 0.597127
4 934.18 885.70 1007.90 921.19 0.550210
5 1615.77 1190.04 1801.55 1293.75 0.545601
4 1104.04 1003.13 1164.09 1068.57 0.539031
4 976.22 838.92 1049.53 871.64 0.536013
3 646.53 1126.69 669.11 1186.39 0.526332
5 759.81 1093.14 895.79 1176.33 0.519908
5 1231.78 1208.24 1408.63 1319.04 0.517864
1 1788.29 1223.60 1825.50 1280.77 0.513976
3 1020.34 949.86 1037.21 976.98 0.511495
4 699.20 879.58 718.26 901.57 0.505063
5 1315.98 1250.09 1522.64 1327.80 0.495814
4 341.85 746.27 378.10 759.79 0.493390
4 1176.92 846.33 1258.86 874.79 0.493012
4 1074.95 873.40 1159.68 906.12 0.485829
4 826.42 866.62 911.19 895.59 0.481348
5 1868.84 1210.69 1999.72 1307.50 0.477137
6 833.18 801.43 1077.64 852.08 0.476521
1 1234.04 1137.87 1264.73 1199.62 0.476281
4 747.67 867.68 830.98 906.98 0.471475
4 1111.55 862.79 1167.36 889.60 0.471028
4 1865.32 1364.16 1999.72 1499.53 0.470976
5 1126.93 1203.27 1212.76 1338.89 0.463930
4 1791.76 1279.17 1999.70 1409.57 0.459439
1 1948.17 1337.77 1977.53 1368.05 0.454826
1 1401.97 1141.96 1430.81 1196.02 0.454271
1 1069.59 1191.96 1100.10 1267.64 0.453034
4 1246.79 870.42 1315.15 903.99 0.450810
4 1104.12 1055.17 1149.13 1142.53 0.445014
1 1345.48 1159.77 1372.25 1210.60 0.441412
1 980.31 1237.73 1013.81 1320.05 0.436341
4 1305.24 868.49 1347.76 888.72 0.426884
5 1161.88 864.97 1242.96 905.67 0.421868
4 814.54 818.30 838.38 838.32 0.414417
4 1047.65 882.96 1088.13 920.44 0.412811
1 1023.53 1176.78 1053.70 1254.87 0.408450
4 1626.56 733.50 1662.84 749.00 0.408317
6 1187.41 917.23 1313.08 997.24 0.406465
1 993.07 1031.38 1014.60 1074.19 0.405309
4 771.83 986.15 895.79 1033.89 0.394161
10 911.61 1319.00 946.51 1358.67 0.387489
4 933.71 885.78 987.00 895.95 0.374404
5 833.59 800.13 874.12 850.70 0.370215
2 983.93 1176.68 1014.95 1237.86 0.369566
2 937.11 1119.67 957.92 1179.47 0.369014
4 798.56 964.19 917.95 1007.39 0.368751
1 1278.00 1077.62 1304.29 1109.93 0.368390
4 663.45 752.59 699.37 765.91 0.358577
1 994.68 1077.81 1022.33 1140.73 0.357489
4 1043.59 916.25 1096.65 951.80 0.357450
4 820.24 952.06 933.49 989.98 0.356274
7 1775.66 1268.39 1862.34 1322.96 0.345188
1 1390.65 913.70 1405.96 950.92 0.344222
1 782.93 1155.42 813.91 1175.77 0.339557
6 781.30 1007.56 943.49 1139.99 0.338635
7 1604.17 1278.89 1687.50 1373.31 0.334639
1 1005.39 1129.23 1027.22 1192.03 0.332636
1 984.07 1069.48 1001.82 1129.83 0.326355
4 1070.31 938.23 1119.40 1004.54 0.324166
3 1330.63 1172.12 1350.49 1201.53 0.322006
1 1393.80 1070.10 1414.88 1106.95 0.320622
1 894.73 1190.21 919.20 1262.79 0.313671
4 1104.07 956.22 1119.45 1003.18 0.308636
3 1095.08 1213.39 1113.29 1256.48 0.293853
3 1006.04 1057.16 1021.88 1084.09 0.289900
1 881.63 802.86 892.66 828.74 0.287993
3 840.16 1173.72 854.33 1188.17 0.283703
6 1234.44 950.37 1495.31 1018.72 0.279211
2 1265.29 1102.70 1294.23 1130.47 0.276400
3 451.55 822.45 510.36 847.36 0.269432
6 1234.46 952.66 1337.60 1018.70 0.269389
4 1048.00 882.10 1081.16 895.54 0.266994
7 1497.13 1102.68 1533.45 1134.81 0.262612
7 837.61 826.25 936.89 851.67 0.259672
3 699.32 910.01 712.22 949.18 0.252778
1 908.68 1281.89 933.39 1314.00 0.246411
4 831.62 888.52 939.63 937.26 0.230409
4 321.86 635.45 344.15 642.46 0.228904
4 316.96 748.52 344.67 765.84 0.227956
2 1262.27 1149.50 1287.85 1202.84 0.227080
2 1145.37 801.39 1164.90 820.82 0.208071
4 822.53 934.64 850.13 955.76 0.202553
