4 627.07 1135.85 705.19 1260.96 0.625485
4 1455.78 758.87 1530.17 828.59 0.615022
4 327.00 496.64 432.51 544.59 0.590023
2 1820.05 1049.71 1849.99 1099.26 0.589962
4 158.21 543.48 267.47 588.70 0.589850
4 1449.95 489.46 1522.93 530.28 0.589636
4 1665.30 550.13 1757.48 594.52 0.557176
4 1210.51 422.93 1291.19 456.08 0.548397
2 1308.67 975.97 1336.62 1028.19 0.546506
4 534.28 440.81 621.37 481.80 0.542084
4 1534.62 518.89 1640.71 564.59 0.527570
4 707.20 402.40 787.41 442.36 0.508574
5 1285.19 429.70 1369.87 476.34 0.505687
4 1782.23 569.26 1892.20 610.81 0.487580
4 0.04 524.06 38.16 559.57 0.481339
4 627.15 418.43 695.76 460.97 0.476465
4 44.54 521.73 145.65 562.96 0.463323
4 826.14 910.68 895.67 985.87 0.463093
4 1742.35 817.88 1803.31 870.81 0.449636
3 699.97 433.45 730.18 456.02 0.445576
4 829.97 314.48 863.51 345.62 0.440367
2 710.93 1319.62 738.49 1384.00 0.437867
4 846.97 293.05 881.28 322.66 0.397801
2 1301.08 976.42 1317.97 1026.47 0.388642
3 1305.05 1003.63 1330.20 1030.91 0.369269
1 1516.24 435.21 1535.51 469.89 0.356537
4 834.65 278.85 846.90 294.08 0.342252
1 1894.55 169.13 1927.76 218.39 0.339493
1 1144.27 579.84 1155.84 614.73 0.328803
6 1160.12 98.33 1192.37 116.43 0.326696
4 1078.16 150.00 1100.48 170.94 0.313032
3 1151.80 385.79 1173.85 405.81 0.308673
4 1187.73 616.76 1219.71 653.37 0.292073
3 795.58 655.16 814.62 673.46 0.281193
4 325.92 977.86 448.69 1145.61 0.270924
3 501.03 451.03 530.80 473.34 0.270561
4 1374.45 1192.95 1431.96 1238.56 0.268515
3 1953.94 572.68 1996.71 599.44 0.261175
4 885.01 296.28 895.53 329.51 0.259597
4 1192.04 97.78 1217.76 111.84 0.253975
2 1862.96 148.30 1893.12 195.20 0.247349
1 1081.08 334.75 1096.84 382.92 0.247214
3 1139.42 601.27 1154.07 616.05 0.246040
3 817.21 592.39 830.59 607.65 0.217396
4 1292.94 29.29 1310.76 44.83 0.216475
4 140.63 872.78 257.11 926.27 0.215005
6 659.51 368.80 726.53 419.68 0.214941
4 1085.29 334.27 1096.55 344.39 0.210919
4 1241.74 39.56 1262.00 52.65 0.207538
2 719.11 1332.99 735.96 1370.46 0.206273
4 0.60 316.38 48.76 386.90 0.202857
2 1863.13 155.38 1927.72 219.29 0.202743
4 1207.52 90.07 1229.52 102.71 0.200924
