4 93.26 387.10 167.34 427.41 0.566189
4 276.50 510.55 363.02 539.81 0.549796
4 194.53 356.43 255.32 399.34 0.544810
9 390.95 283.28 435.80 321.45 0.540563
4 96.46 451.60 178.45 501.03 0.486706
4 240.66 426.85 295.65 483.96 0.456329
1 168.75 392.62 182.84 416.10 0.454734
4 114.41 520.23 183.02 539.57 0.435368
5 730.50 152.33 766.73 178.90 0.433823
4 76.67 489.60 167.88 539.23 0.430966
2 274.21 268.74 675.78 523.53 0.423612
6 82.07 334.28 126.60 372.67 0.350291
3 370.15 476.91 385.77 512.49 0.320891
1 231.76 417.19 243.16 442.27 0.318429
2 1.38 103.64 222.13 432.59 0.315866
6 715.59 181.81 738.16 200.90 0.315623
4 709.60 238.76 760.32 263.52 0.315533
2 742.08 55.63 959.22 199.67 0.313827
4 631.62 221.65 666.89 242.27 0.309538
4 647.36 271.19 694.70 294.00 0.304080
1 36.23 405.97 48.42 428.55 0.280737
4 679.56 248.68 726.65 277.69 0.269357
4 666.50 261.43 709.70 284.71 0.253622
3 74.92 367.26 97.83 391.06 0.250445
4 176.81 292.91 197.41 306.86 0.248829
4 31.50 322.57 57.57 343.39 0.246497
7 368.90 298.81 392.30 331.49 0.245677
3 768.58 172.01 784.87 187.57 0.244389
7 416.54 417.42 455.93 448.96 0.233088
1 818.93 249.22 828.97 266.24 0.216825
4 179.54 302.50 203.90 316.17 0.215461
3 372.80 448.13 394.37 471.94 0.207718
