4 1095.75 389.42 1143.01 432.92 0.583492
4 1148.52 327.79 1184.83 366.03 0.560102
4 884.44 699.49 951.04 778.52 0.545381
4 802.35 853.93 882.93 895.39 0.540424
4 1312.60 215.01 1340.91 248.56 0.528213
4 973.32 571.75 1030.02 636.78 0.524572
4 1213.15 247.48 1245.91 285.28 0.490948
4 627.03 1272.84 662.28 1375.20 0.486768
4 525.59 1269.53 662.68 1441.26 0.480095
4 789.11 853.59 882.67 964.94 0.473491
4 627.26 1099.28 736.41 1254.30 0.455881
4 978.47 604.39 1020.99 637.21 0.433543
4 1009.70 502.84 1064.90 565.77 0.410195
4 867.27 723.10 895.85 775.75 0.316849
4 1264.92 193.39 1285.87 206.80 0.315811
4 62.83 256.43 89.96 271.85 0.309759
4 884.94 729.65 895.98 775.81 0.287008
4 1587.97 65.86 1597.44 73.94 0.246416
4 1538.90 132.18 1554.24 142.51 0.246235
4 106.65 243.75 172.85 265.07 0.243726
4 1272.74 115.81 1288.07 125.45 0.228464
1 672.03 1165.06 692.22 1200.10 0.216700
1 657.36 1165.70 678.91 1185.93 0.211529
4 1135.40 341.28 1153.25 364.62 0.205401
6 755.65 137.36 789.85 161.23 0.203072
2 1609.59 1162.45 1796.30 1495.59 0.200179
