4 701.02 694.64 723.87 729.01 0.396644
4 712.06 739.93 729.99 772.05 0.391299
4 736.80 941.70 768.61 1011.35 0.389693
4 643.02 766.70 666.08 806.55 0.385357
4 645.63 810.70 671.06 859.45 0.364955
4 675.12 1018.97 701.64 1048.55 0.355349
4 726.44 871.05 757.51 930.54 0.351328
5 605.78 694.30 650.81 724.48 0.348047
4 726.74 871.13 750.96 895.78 0.327073
4 720.01 828.57 745.35 870.05 0.316279
4 643.08 573.66 658.60 599.75 0.308605
4 594.95 669.30 630.13 689.67 0.307717
4 660.56 475.43 673.54 491.37 0.287460
4 619.24 486.65 635.25 505.69 0.285703
4 621.87 429.19 634.37 448.04 0.284066
4 622.40 399.64 632.22 412.58 0.260913
4 629.03 652.10 645.09 671.26 0.256119
4 625.62 537.33 639.03 559.15 0.247063
4 1151.54 568.74 1183.85 583.05 0.246155
4 605.02 697.66 626.76 722.45 0.241482
4 644.60 415.61 658.31 427.79 0.239757
4 589.69 583.75 612.84 605.32 0.230445
9 851.39 200.84 895.76 230.71 0.226198
4 638.58 955.87 665.90 1008.51 0.222493
1 679.97 871.63 689.65 893.98 0.222387
4 647.81 369.21 659.54 381.42 0.220623
4 665.45 536.91 685.02 557.55 0.219753
4 689.90 618.62 724.12 642.27 0.219562
3 641.42 872.03 672.69 912.73 0.219489
4 669.34 505.26 683.92 517.33 0.218194
6 692.68 536.77 704.59 555.51 0.213053
