4 437.46 1066.05 488.46 1133.82 0.648603
4 290.74 1264.76 361.32 1354.63 0.599801
4 743.25 718.44 777.27 748.54 0.573327
4 565.98 830.08 629.81 858.86 0.571120
4 749.28 875.07 798.22 906.91 0.532784
4 322.25 964.71 381.62 1022.83 0.532223
4 808.26 733.52 851.00 765.51 0.529957
4 114.76 1238.07 178.38 1299.53 0.524213
4 838.79 937.97 894.02 987.92 0.523755
4 229.23 1071.74 298.27 1143.72 0.519040
4 646.71 781.37 679.51 821.32 0.505292
4 1839.66 1140.77 1956.95 1188.17 0.502670
4 772.07 1257.30 821.76 1303.73 0.487633
4 511.43 887.02 550.65 937.23 0.485422
4 799.10 478.42 821.71 499.06 0.476890
4 843.96 551.63 864.68 574.50 0.476493
4 735.94 1208.28 783.87 1273.51 0.472948
4 762.72 1129.34 807.86 1188.60 0.468091
4 1427.80 1056.17 1474.28 1128.02 0.455419
4 518.02 822.42 541.51 855.75 0.445155
4 176.41 1146.02 242.26 1220.04 0.436579
4 776.19 1077.68 812.27 1126.95 0.434957
4 836.78 420.24 855.05 435.84 0.434797
4 1523.08 1071.01 1567.10 1121.33 0.433146
4 1476.30 1193.73 1522.84 1263.53 0.432892
5 1927.84 1273.96 1999.59 1381.46 0.430877
4 887.94 531.81 910.95 552.35 0.430373
4 1475.19 1069.82 1518.19 1130.67 0.426485
4 661.93 1469.14 718.33 1499.63 0.416159
4 899.49 680.34 923.97 704.86 0.410309
1 847.07 1229.80 859.51 1258.61 0.408735
4 1356.65 1232.62 1384.83 1316.31 0.405911
4 645.21 571.38 673.71 596.45 0.400128
4 876.18 358.92 890.68 372.25 0.397938
4 847.63 377.34 862.70 392.14 0.397714
4 1428.79 1193.11 1475.77 1254.48 0.394661
4 0.09 1396.49 50.86 1484.85 0.394114
1 920.08 1119.48 930.35 1147.42 0.393549
4 1658.05 1070.58 1719.82 1144.30 0.386360
1 892.51 1127.64 904.00 1157.95 0.384310
5 1334.80 553.36 1383.65 587.86 0.379870
4 1827.80 1286.86 1895.65 1366.82 0.378516
4 1632.56 1201.99 1688.96 1266.73 0.378139
4 1507.32 386.96 1544.01 401.33 0.377024
4 1829.27 1212.23 1899.21 1280.77 0.373229
4 673.41 533.10 698.63 556.65 0.372970
4 886.32 529.69 895.88 551.71 0.371965
1 871.81 1122.03 883.45 1150.40 0.369474
4 1419.03 538.14 1442.23 558.16 0.368596
4 1607.95 1270.74 1672.65 1340.69 0.366750
4 1784.39 1209.75 1848.54 1282.79 0.359336
4 1447.92 442.54 1477.35 455.59 0.359299
4 928.11 371.79 942.00 386.92 0.358689
4 757.38 436.42 772.68 451.26 0.357796
4 627.02 614.77 640.58 640.31 0.357563
4 1577.19 1194.76 1634.28 1265.14 0.355636
4 1933.66 1213.14 1999.81 1286.57 0.352878
4 63.55 1358.85 102.02 1411.39 0.349685
4 1679.10 1203.47 1743.37 1278.34 0.349508
1 189.08 1263.48 209.60 1294.22 0.343829
4 1597.20 1071.34 1648.91 1138.52 0.343334
4 1499.56 1267.64 1559.66 1334.65 0.341015
4 1713.56 1280.57 1783.15 1348.42 0.337765
4 690.58 516.67 712.36 536.67 0.334089
4 953.91 317.62 970.23 330.90 0.332670
4 1660.52 1276.13 1729.82 1345.43 0.326997
4 1731.54 1205.48 1798.79 1280.35 0.325105
4 556.69 686.77 580.49 713.00 0.323983
4 914.52 274.96 926.16 287.03 0.323849
4 709.90 490.78 731.46 511.22 0.322503
4 1525.60 1193.11 1586.05 1267.28 0.321644
2 774.42 903.05 790.09 927.05 0.318346
4 937.13 559.78 957.09 579.26 0.312171
4 802.84 374.48 815.89 389.83 0.303047
1 418.48 864.59 430.61 886.06 0.302502
4 1770.34 1279.65 1847.41 1364.01 0.302098
4 594.73 636.56 622.42 663.00 0.301086
4 706.40 578.58 719.04 597.84 0.299632
4 1309.95 839.17 1341.00 858.79 0.297990
4 1554.76 1264.03 1614.84 1338.23 0.297976
4 725.56 474.52 743.38 490.72 0.295912
4 1322.03 885.16 1354.72 908.86 0.294326
1 889.83 721.41 899.94 741.64 0.288170
2 1150.61 351.11 1213.93 405.47 0.288121
1 381.85 905.61 393.54 928.43 0.286932
4 923.97 597.53 943.77 616.51 0.286234
4 736.34 458.01 755.80 478.72 0.285510
4 950.77 507.62 969.37 529.18 0.281849
4 1543.57 416.61 1569.94 427.41 0.280121
4 961.42 253.75 979.98 264.33 0.271185
4 1447.78 538.59 1473.85 559.69 0.271041
6 981.10 291.98 1012.86 309.93 0.270717
1 20.70 1442.80 42.68 1473.71 0.269507
4 651.88 603.90 670.35 618.89 0.268942
4 580.06 661.86 603.34 686.79 0.265980
4 1452.31 1257.52 1506.98 1331.48 0.265962
2 852.50 1345.69 872.32 1385.48 0.264923
4 911.04 635.89 931.30 658.20 0.260772
2 457.06 877.07 473.38 902.52 0.258960
4 917.47 617.97 942.17 640.25 0.258412
3 528.47 725.82 546.23 753.10 0.257495
1 863.53 754.20 873.82 774.07 0.255483
4 961.49 268.14 975.09 278.79 0.253982
3 444.51 887.68 476.04 915.43 0.252485
4 830.22 341.63 842.63 356.53 0.251787
4 909.45 657.54 932.24 681.31 0.250275
1 880.84 669.06 890.18 689.87 0.249400
2 837.98 792.55 849.21 815.39 0.246986
1 851.81 806.17 863.67 828.69 0.245782
4 1060.50 342.99 1072.07 351.19 0.242575
4 611.90 431.02 631.11 443.31 0.239664
3 894.51 1141.22 906.81 1160.09 0.234844
4 1420.69 466.97 1442.53 479.70 0.233764
4 493.14 249.08 510.27 262.56 0.229974
4 963.63 455.64 972.16 469.67 0.225573
4 1398.68 236.83 1421.07 260.16 0.223871
4 1463.49 1273.10 1499.87 1315.49 0.223667
4 1014.72 351.63 1027.54 363.87 0.223402
6 909.12 614.92 943.75 684.05 0.222582
2 954.74 749.48 966.79 772.93 0.220738
4 961.21 219.07 972.06 228.72 0.220671
4 981.56 192.23 993.44 201.54 0.219798
4 1506.12 371.08 1522.79 388.06 0.218082
4 943.66 435.44 952.45 448.48 0.216948
4 952.49 480.22 964.85 492.15 0.216830
4 940.54 262.40 954.65 272.23 0.216019
4 981.27 172.51 995.98 182.60 0.215902
4 716.60 512.66 729.05 527.99 0.213246
4 854.71 310.02 865.78 319.91 0.212502
4 565.86 832.61 590.59 856.18 0.212438
4 1427.54 443.13 1443.54 454.06 0.211979
2 614.45 674.00 624.90 693.75 0.211828
4 1506.39 388.51 1522.87 400.88 0.211524
2 941.97 669.89 950.99 689.62 0.211382
2 809.04 1484.16 852.16 1499.82 0.210452
4 861.80 678.43 873.24 690.26 0.210175
3 889.11 737.02 909.22 763.43 0.208919
4 943.93 314.16 955.17 323.11 0.208570
4 949.99 371.69 964.68 382.97 0.207869
4 1355.87 466.25 1380.41 487.70 0.207816
4 538.49 433.96 552.36 443.20 0.205891
4 573.31 435.46 607.29 445.10 0.205708
4 875.51 283.39 886.96 295.68 0.205566
4 998.75 197.88 1009.26 207.63 0.204904
1 853.62 854.73 864.79 875.48 0.204308
6 1012.45 259.84 1084.12 326.91 0.203613
2 935.36 760.07 947.68 778.33 0.200935
