4 860.79 444.96 962.25 503.65 0.557804
4 1157.84 316.42 1208.86 397.51 0.542732
4 860.89 450.68 895.77 503.42 0.536458
4 881.88 69.32 974.65 115.41 0.535800
4 400.01 394.25 452.30 483.08 0.516385
4 980.76 233.72 1031.22 303.57 0.507136
4 627.17 408.11 713.57 461.62 0.496048
4 548.33 284.12 596.15 369.21 0.489490
4 1212.81 190.26 1274.61 272.13 0.482448
4 751.98 253.96 795.85 340.04 0.456362
4 869.09 243.13 895.80 325.60 0.451410
4 811.15 246.13 861.33 329.71 0.445488
4 1153.44 534.20 1231.69 640.43 0.440222
4 915.67 226.94 963.98 305.42 0.439255
4 968.71 693.89 1036.65 817.99 0.438625
4 1222.36 524.35 1296.30 620.38 0.422992
4 1287.48 516.13 1367.73 619.30 0.421171
4 947.99 568.13 1010.40 671.39 0.403003
4 1224.43 1020.33 1303.70 1055.12 0.401968
10 672.72 657.04 719.95 713.84 0.380036
4 1095.70 549.33 1171.46 647.88 0.363516
4 881.61 77.62 895.82 113.40 0.355329
4 484.04 129.45 559.65 165.25 0.339828
4 627.06 609.59 650.85 718.00 0.339254
1 679.57 603.31 699.86 634.52 0.331687
6 1791.41 699.58 1915.65 850.56 0.309190
4 401.11 600.54 432.82 653.24 0.299901
4 1020.07 724.75 1036.17 816.28 0.283957
4 526.20 596.02 582.36 722.00 0.275725
4 359.48 596.11 386.84 628.40 0.275565
1 1246.14 691.07 1260.05 720.50 0.267353
2 1057.57 773.13 1119.52 810.88 0.262144
4 627.08 303.53 661.04 375.66 0.261928
2 248.41 610.78 262.77 633.86 0.249351
2 819.84 636.22 872.82 691.18 0.244313
1 704.94 630.38 730.72 666.31 0.243597
4 1020.02 250.06 1031.62 300.56 0.240522
3 738.05 693.46 774.19 719.02 0.240257
2 791.78 586.71 825.48 646.96 0.238271
6 216.61 0.00 349.93 30.38 0.237453
4 1296.50 1043.74 1363.97 1071.72 0.236547
2 844.98 723.02 873.06 766.40 0.236286
6 1522.75 450.78 1610.77 522.94 0.233479
2 36.02 295.64 51.50 315.40 0.224293
1 1057.57 779.73 1079.03 810.39 0.223656
1 1247.55 897.65 1263.63 919.00 0.219708
2 1323.85 10.18 1393.37 41.90 0.215969
2 1805.33 188.12 1824.92 215.85 0.209293
3 519.37 725.88 578.35 771.82 0.206133
2 616.62 419.31 629.88 441.79 0.203586
4 1275.56 996.97 1316.33 1022.16 0.201911
2 886.39 816.69 902.83 862.78 0.201637
5 734.87 586.84 786.41 689.45 0.201398
4 1749.53 827.33 1781.27 854.88 0.200876
6 1404.79 0.48 1522.81 384.89 0.200507
