1 1129.13 579.73 1175.45 661.78 0.543950
2 1290.05 718.14 1347.96 817.25 0.498568
3 1359.45 781.02 1399.77 834.30 0.482360
1 736.55 557.04 767.90 634.03 0.478036
2 754.13 643.08 793.51 729.86 0.458476
2 591.51 642.79 633.57 730.00 0.448522
2 1250.83 752.55 1289.15 815.46 0.446335
4 75.76 451.44 149.45 509.94 0.434375
2 821.67 610.12 867.22 693.02 0.425035
4 0.23 400.41 149.48 510.14 0.424663
2 799.39 578.71 832.84 655.10 0.404098
3 1023.49 672.22 1072.01 700.10 0.396545
2 629.40 652.49 659.56 713.53 0.372036
3 1293.15 361.74 1348.99 397.87 0.357198
3 1303.43 445.34 1384.69 498.59 0.354368
2 478.41 485.16 506.82 555.28 0.337155
3 1147.74 710.85 1200.46 740.45 0.336532
7 604.36 534.49 652.32 587.00 0.323254
2 1227.16 288.04 1250.41 316.39 0.313521
2 527.92 555.82 552.19 611.88 0.306724
3 504.44 517.28 539.05 558.26 0.305990
3 1295.68 297.57 1340.90 329.12 0.304322
2 565.11 559.31 608.56 636.62 0.301579
2 578.16 514.03 620.02 573.81 0.293201
2 474.72 515.20 500.50 562.18 0.289392
3 1252.84 291.61 1293.04 326.81 0.288451
6 504.27 450.95 539.67 551.40 0.253272
2 797.02 652.00 826.90 711.02 0.252629
3 1193.55 285.37 1219.59 313.97 0.251153
4 1082.22 998.20 1272.05 1049.48 0.249649
4 575.10 409.56 607.57 439.12 0.246586
2 526.10 492.60 558.27 561.60 0.245936
3 735.32 601.70 758.68 633.59 0.240849
2 548.48 553.73 583.36 633.38 0.236917
3 1365.22 296.43 1399.28 333.03 0.222079
7 1291.82 330.79 1356.88 366.82 0.207185
4 4.05 352.12 51.34 387.84 0.204588
10 181.19 647.43 228.56 716.83 0.203182
