4 320.47 336.20 413.90 387.61 0.585955
4 732.44 591.92 897.09 680.24 0.571596
4 789.25 546.92 924.79 620.08 0.570232
4 847.02 481.23 985.53 546.05 0.549232
4 650.27 643.60 781.83 731.03 0.496057
6 464.18 329.26 688.94 576.46 0.486556
4 973.29 27.96 996.70 44.18 0.484031
4 847.58 482.24 895.81 529.09 0.481796
4 752.01 123.58 805.92 149.92 0.472604
4 960.50 344.19 1065.63 394.13 0.457155
4 976.06 326.61 1073.56 368.70 0.439767
4 797.22 98.52 850.98 125.38 0.435886
4 902.11 394.87 1016.01 457.79 0.431988
5 353.82 514.18 474.71 651.32 0.414379
5 946.49 235.81 1168.61 362.37 0.400600
4 483.57 258.60 582.05 311.08 0.374257
4 183.65 379.37 269.38 440.67 0.371993
4 784.63 112.07 837.36 138.00 0.362770
6 0.21 393.47 235.93 649.12 0.344897
7 869.95 415.83 990.36 494.10 0.330435
4 1194.90 67.57 1253.61 86.64 0.321438
6 1228.79 94.76 1349.88 152.00 0.319582
4 464.08 306.32 489.43 347.39 0.317320
5 1066.75 195.55 1218.04 261.77 0.302504
4 0.16 71.10 33.28 92.46 0.288286
5 1264.45 110.09 1301.96 153.63 0.284441
6 441.31 681.68 769.19 764.63 0.277855
6 1147.94 128.70 1306.86 218.00 0.271970
4 621.63 0.29 657.70 10.55 0.269380
5 719.25 119.13 755.45 149.87 0.268215
6 1200.58 73.41 1328.02 122.97 0.262423
6 327.69 220.98 489.34 365.30 0.256575
4 164.53 325.82 211.12 363.17 0.251776
6 1168.76 40.38 1282.89 79.73 0.250795
5 1024.60 235.26 1168.43 286.32 0.242416
4 1080.63 7.35 1101.71 27.81 0.232654
10 556.23 170.91 737.87 278.90 0.232105
6 693.11 147.29 798.18 215.45 0.231113
5 1033.32 188.25 1076.08 237.84 0.229941
4 1024.73 236.03 1067.15 263.23 0.224361
4 84.91 70.91 116.08 80.50 0.222623
4 1153.04 43.80 1173.89 66.59 0.216408
3 280.21 234.32 316.56 262.55 0.202472
6 1134.93 0.90 1211.01 44.75 0.200569
