3 1840.53 632.57 1875.66 669.97 0.754156
4 289.91 720.98 487.19 851.48 0.610679
4 1368.05 1182.42 1715.51 1382.66 0.574947
4 1229.65 619.92 1316.45 693.69 0.567452
4 1125.69 618.24 1217.17 696.07 0.565173
5 555.02 543.57 666.76 619.76 0.545144
4 1976.33 773.67 1999.82 835.27 0.543421
2 1858.34 613.06 1884.70 662.32 0.525903
4 1026.96 603.97 1074.13 644.85 0.524933
4 814.26 600.95 882.37 673.01 0.518133
4 1489.91 604.14 1655.95 670.32 0.499752
4 906.42 604.10 973.63 652.92 0.490948
4 726.86 603.95 814.90 631.88 0.482667
4 638.26 560.94 753.66 623.86 0.472634
4 199.66 500.91 333.93 552.11 0.467248
4 1702.85 558.79 1864.23 623.32 0.465233
4 0.31 452.23 100.54 490.66 0.457351
1 365.27 406.16 384.21 444.45 0.454572
4 361.52 523.37 456.28 577.30 0.453686
4 0.17 490.43 62.62 533.17 0.441976
6 75.79 218.43 98.60 241.38 0.440045
4 1491.11 592.04 1522.77 632.90 0.431397
4 627.17 545.82 667.74 603.85 0.428680
4 57.74 402.30 167.40 436.11 0.426860
4 159.44 327.92 235.31 349.86 0.425930
4 639.21 604.11 707.63 623.59 0.425534
4 1980.11 521.81 1999.86 553.98 0.421944
4 1742.63 603.67 1863.20 622.81 0.410663
4 138.98 343.60 217.05 366.32 0.409396
4 418.59 532.13 530.64 591.79 0.397890
4 255.75 266.39 297.62 283.45 0.394462
4 105.73 364.95 194.42 390.59 0.394020
4 223.77 462.53 340.82 503.37 0.388645
4 291.09 354.50 376.09 390.62 0.379178
1 337.29 417.01 358.45 460.88 0.376429
4 88.37 383.55 182.92 412.11 0.375806
4 220.68 441.07 341.81 473.95 0.372800
4 557.41 604.07 616.86 619.02 0.366544
4 311.24 335.19 382.10 359.74 0.365360
5 215.17 402.82 360.46 460.76 0.363134
4 0.17 526.80 13.74 559.57 0.341033
6 474.17 435.92 593.62 523.59 0.328039
4 343.41 289.56 380.64 309.95 0.324963
4 216.36 300.94 249.87 329.44 0.314850
4 318.05 314.88 386.29 340.09 0.314396
4 327.06 210.43 345.72 220.85 0.311253
1 1466.21 1261.55 1508.47 1316.85 0.309986
4 106.51 226.84 132.43 236.46 0.298896
4 341.10 216.40 357.97 227.76 0.298568
4 48.73 200.82 63.82 214.28 0.294236
4 282.70 223.33 308.86 235.31 0.288795
4 348.62 273.26 374.60 290.77 0.262944
1 1396.64 604.12 1414.16 630.59 0.254492
4 348.33 283.40 376.19 296.75 0.224837
3 342.55 257.49 364.43 273.51 0.223572
4 1231.80 551.69 1268.14 592.66 0.223178
4 1506.39 559.33 1522.83 578.66 0.217281
6 108.90 200.30 134.02 215.84 0.215612
4 350.27 268.24 373.50 280.79 0.208017
4 1507.93 550.04 1547.44 581.32 0.205272
