4 877.27 205.50 923.96 265.24 0.540164
1 313.18 917.13 355.01 971.51 0.525036
4 805.73 129.08 860.67 168.20 0.508601
4 330.42 991.04 453.57 1139.90 0.500521
4 109.92 1288.51 305.14 1499.13 0.500400
4 1448.15 147.50 1487.24 188.32 0.489867
4 697.73 440.25 786.96 543.07 0.487366
4 913.74 148.66 958.32 199.07 0.480850
4 1238.41 199.64 1281.93 261.17 0.449254
4 1019.70 0.00 1053.09 27.46 0.447689
4 803.85 49.64 852.07 91.36 0.447503
4 876.70 206.92 895.84 264.98 0.442938
4 1305.59 3.59 1339.07 45.48 0.441229
4 1308.62 218.72 1356.15 278.89 0.438871
4 1461.47 362.28 1508.68 427.82 0.437578
4 1454.62 231.39 1493.67 279.08 0.425408
1 999.17 105.35 1013.51 140.17 0.419339
1 1016.96 110.80 1030.92 142.16 0.417448
4 711.82 652.31 750.89 720.22 0.405952
4 1445.77 41.65 1477.84 77.03 0.401821
4 848.91 59.44 888.48 99.50 0.398693
4 1240.87 77.49 1276.67 121.32 0.395372
4 1464.52 438.82 1534.58 509.37 0.391445
1 1495.97 217.22 1513.72 258.81 0.385033
4 1216.90 359.60 1275.36 447.03 0.383773
10 1525.44 1072.47 1660.97 1334.28 0.383670
1 1517.20 255.51 1539.32 293.80 0.382827
4 866.09 0.09 922.67 22.21 0.379096
4 1303.03 73.93 1344.68 120.46 0.375762
10 1221.82 1110.39 1311.99 1336.46 0.369599
4 1447.73 17.89 1474.44 43.32 0.358057
1 1415.04 226.07 1430.42 253.99 0.346858
1 419.70 647.96 454.75 693.11 0.345650
4 1449.07 0.11 1475.69 16.65 0.336922
1 971.11 48.16 985.04 74.54 0.336589
1 1522.08 284.92 1542.44 339.09 0.328464
1 1460.10 204.95 1479.04 233.16 0.311857
1 1451.17 205.74 1478.77 258.82 0.306749
3 760.65 336.16 797.78 360.22 0.289961
3 1571.95 229.05 1602.09 280.86 0.287444
2 1572.79 208.66 1595.49 243.17 0.258963
1 1435.51 249.07 1456.05 293.23 0.253756
3 1406.25 239.81 1426.11 268.59 0.247316
4 1312.74 73.74 1340.09 98.00 0.244920
1 63.61 1045.97 104.00 1096.68 0.240781
4 765.86 0.00 780.41 24.17 0.227661
4 627.07 621.73 663.88 677.36 0.227137
2 930.95 20.36 941.32 42.77 0.209218
