4 937.19 132.08 1191.60 359.83 0.707658
4 834.60 869.89 1139.68 1095.30 0.678489
5 325.80 604.23 511.30 883.88 0.534850
4 1104.13 100.01 1191.57 280.24 0.517123
4 0.32 875.37 232.27 1031.11 0.496662
4 165.71 307.70 543.55 485.69 0.495885
4 834.27 956.15 895.66 1095.03 0.453779
4 175.62 47.75 450.46 222.64 0.422705
4 999.29 611.57 1371.56 824.39 0.405274
4 0.33 761.53 291.86 895.50 0.404404
7 0.29 758.63 319.79 1498.49 0.348951
4 1874.87 1070.49 1999.43 1499.05 0.329786
7 220.64 583.61 324.38 779.46 0.311117
4 1104.04 850.85 1140.67 993.95 0.310683
4 1791.09 146.59 1997.65 350.39 0.307559
10 820.03 1126.61 1098.54 1375.78 0.301996
1 1134.27 1419.63 1176.87 1498.99 0.297431
4 958.19 0.00 1229.51 80.95 0.278908
4 1929.79 517.88 1999.24 637.38 0.246091
1 872.99 982.19 922.06 1059.69 0.235966
6 1104.48 375.31 1342.58 595.17 0.220316
5 1233.09 399.47 1342.27 582.42 0.209618
