4 1104.33 807.69 1344.28 1073.96 0.666669
4 1415.84 326.06 1522.80 484.33 0.644459
4 1080.39 807.86 1343.26 895.64 0.611339
6 1281.68 136.62 1522.47 356.35 0.606576
4 1842.59 127.53 1999.73 364.53 0.602057
4 1755.37 687.35 1999.62 956.75 0.571693
4 1415.14 277.03 1718.15 484.71 0.570435
4 972.03 0.17 1108.30 65.53 0.540637
5 1078.43 0.16 1341.81 142.02 0.529160
5 1198.79 27.08 1439.93 206.72 0.528649
4 880.80 617.76 1224.86 857.34 0.521626
4 1104.20 617.60 1224.58 792.58 0.503495
10 662.00 694.02 736.33 773.78 0.426221
3 551.86 145.13 588.12 200.57 0.419721
2 534.43 403.48 608.08 494.70 0.407688
4 1666.80 0.00 1822.31 137.19 0.371506
7 722.80 190.07 824.08 322.77 0.370456
10 1163.64 1207.52 1710.92 1498.67 0.368583
4 1507.98 353.36 1847.37 611.57 0.357271
3 721.89 394.46 772.98 469.02 0.357039
1 627.20 496.35 663.92 567.65 0.352652
1 774.92 412.96 797.35 446.80 0.347976
3 774.00 941.55 842.30 1013.57 0.341798
7 437.22 282.26 575.72 370.76 0.324665
10 1201.09 230.60 1243.01 292.15 0.305090
3 677.01 464.76 777.55 550.66 0.298828
9 627.24 706.93 726.15 895.48 0.296202
2 484.92 925.05 528.48 991.54 0.289991
4 627.10 610.69 680.96 707.41 0.283914
3 384.71 129.89 427.05 200.49 0.281764
4 627.10 142.64 650.56 193.15 0.268806
3 809.10 1048.92 851.18 1098.36 0.264838
7 526.93 487.79 590.34 558.97 0.240760
2 570.79 780.61 633.26 833.92 0.229082
7 586.88 137.76 650.10 190.02 0.227450
1 1332.10 286.94 1376.56 322.90 0.224442
10 785.15 1004.57 820.47 1050.39 0.220672
10 1303.89 334.45 1346.43 389.44 0.218110
3 717.90 1211.53 796.51 1306.16 0.208073
2 534.64 456.89 569.97 495.81 0.203771
