3 1521.40 711.13 1599.79 776.82 0.648510
2 857.06 688.32 892.68 767.88 0.569921
2 685.56 726.15 719.09 784.29 0.569070
3 1188.22 584.98 1233.83 632.19 0.564524
2 814.49 661.81 849.53 698.75 0.516780
2 923.24 546.61 947.71 594.18 0.512769
2 899.12 686.12 933.63 735.89 0.493572
2 972.94 801.76 1000.05 872.14 0.491771
2 895.30 520.31 919.27 588.00 0.485848
2 865.29 623.13 895.50 679.38 0.478245
2 997.25 833.13 1025.77 889.34 0.474297
2 1016.93 792.69 1049.45 853.55 0.473227
3 1751.71 846.83 1844.35 909.54 0.463728
2 965.51 742.57 993.39 787.91 0.449986
2 206.57 279.17 236.46 337.42 0.427777
2 883.52 639.45 906.32 698.34 0.421505
2 727.40 622.71 759.87 680.49 0.410754
2 683.44 758.00 701.20 797.64 0.387176
2 773.50 636.96 807.77 677.68 0.383555
2 959.99 714.03 989.59 759.04 0.380633
3 1428.02 526.00 1460.81 588.27 0.364962
1 1104.08 565.27 1128.42 622.30 0.361832
10 280.36 1027.47 603.01 1298.19 0.359587
3 909.14 770.04 951.09 821.86 0.358659
2 941.41 721.57 962.03 761.85 0.345357
2 763.29 634.50 781.11 670.25 0.319660
2 1045.75 773.52 1078.71 817.58 0.312211
1 1406.96 515.80 1431.18 571.23 0.300362
3 1104.01 604.00 1124.54 623.46 0.290135
7 995.35 896.86 1039.05 944.48 0.255136
7 919.61 726.23 989.57 783.27 0.235890
7 1034.06 845.71 1071.43 889.21 0.224276
2 681.73 619.95 1081.72 944.93 0.216866
