4 1098.04 554.41 1138.63 588.92 0.516706
4 1077.10 505.34 1100.31 529.04 0.492199
1 868.67 851.44 889.09 899.48 0.464289
3 878.30 878.58 917.83 910.42 0.458455
5 906.71 771.84 972.07 829.78 0.454658
3 913.13 830.82 941.20 861.60 0.442758
7 1109.15 772.36 1136.04 825.62 0.440993
4 863.37 937.20 895.89 975.23 0.440322
4 1008.49 901.42 1074.57 1003.09 0.433801
4 1441.24 239.47 1471.70 253.53 0.414624
3 1171.12 591.93 1185.99 618.65 0.397529
6 369.32 198.40 464.06 214.75 0.395363
3 877.28 877.83 894.65 903.43 0.394423
7 1140.01 868.38 1175.33 944.75 0.393522
3 1121.55 512.43 1136.27 538.76 0.384382
4 1127.80 217.41 1142.58 231.90 0.376251
4 1281.08 583.09 1373.38 615.18 0.372421
4 884.98 140.93 895.86 151.28 0.370538
4 1119.06 265.60 1132.65 281.80 0.370525
4 1197.36 265.55 1211.47 282.10 0.365770
3 1161.03 493.01 1173.82 515.89 0.355634
6 1036.21 770.64 1071.14 827.98 0.354034
4 863.41 936.14 959.54 1003.50 0.348023
1 1388.75 595.87 1399.65 625.78 0.347428
4 1186.28 208.58 1198.49 220.04 0.345593
1 1522.51 1013.99 1554.79 1061.52 0.340585
3 893.89 918.82 943.85 942.13 0.337078
1 1347.29 858.37 1363.04 895.67 0.335083
3 1431.38 797.08 1469.35 823.13 0.334624
3 880.78 878.95 910.18 895.62 0.331871
6 1550.81 400.53 1601.15 442.69 0.327193
4 1019.95 753.71 1036.05 775.04 0.324373
1 1416.33 836.74 1432.01 865.68 0.323273
3 1382.25 657.46 1421.03 681.08 0.315578
3 928.24 906.33 972.32 938.12 0.314417
4 1494.12 938.24 1539.38 986.78 0.313955
3 1131.48 497.41 1147.10 515.68 0.312077
3 1156.81 431.00 1167.65 446.01 0.311125
3 1323.96 610.33 1360.35 632.07 0.308589
4 1168.73 219.97 1185.66 232.03 0.307128
1 1329.23 855.87 1344.84 887.47 0.302359
4 1169.68 235.09 1179.86 247.08 0.300431
4 203.04 652.84 240.35 678.62 0.298385
1 1139.90 359.74 1149.86 377.21 0.294410
1 1196.74 361.38 1206.27 379.84 0.278830
1 1405.84 591.53 1422.93 623.45 0.277863
4 1367.60 868.51 1500.32 930.16 0.276117
4 1037.74 311.63 1062.88 327.17 0.266164
4 1016.30 478.26 1045.52 494.80 0.263141
4 1215.41 291.47 1225.74 305.40 0.262571
1 1451.86 685.28 1466.26 724.02 0.261613
2 1201.48 322.56 1210.48 337.51 0.252372
3 1343.84 876.13 1362.36 901.59 0.249726
3 929.09 732.25 940.64 754.54 0.245072
3 492.37 635.22 526.57 683.03 0.243570
4 365.52 129.52 387.39 138.11 0.242613
2 1327.20 856.00 1362.88 897.49 0.239508
4 1150.75 141.66 1161.14 148.98 0.238472
7 1466.88 853.60 1504.94 883.01 0.237997
3 1326.79 870.84 1339.49 893.04 0.236611
4 1330.31 462.88 1349.28 481.54 0.235906
4 793.86 134.59 814.43 147.34 0.233927
1 234.85 782.78 253.79 812.28 0.228720
2 1202.94 395.00 1213.79 420.08 0.224025
4 1178.93 186.63 1189.33 199.83 0.215877
2 1191.94 245.01 1200.89 258.96 0.211573
2 1159.78 237.74 1166.86 249.67 0.209978
4 345.35 201.46 361.55 211.91 0.209572
3 1115.60 800.94 1130.64 827.42 0.208067
2 1039.35 348.28 1050.18 373.24 0.207747
4 1499.25 257.60 1518.11 275.18 0.207379
3 447.79 639.43 514.77 707.48 0.207183
2 1009.77 447.77 1020.12 469.17 0.206238
4 1413.95 936.81 1522.70 982.25 0.205910
4 1056.91 106.89 1072.43 117.67 0.204151
2 1046.55 767.64 1060.14 788.90 0.201915
