4 490.67 559.87 547.61 623.55 0.636628
4 382.85 534.02 441.13 597.96 0.619453
4 569.12 375.69 610.73 417.42 0.611908
4 388.49 904.70 474.43 1022.76 0.595292
4 300.16 753.35 393.28 866.95 0.577411
4 1494.92 547.07 1522.87 592.85 0.568316
4 32.33 1031.44 127.70 1079.73 0.563617
4 1376.55 803.23 1548.86 892.62 0.563433
4 22.67 489.35 133.72 552.57 0.562541
4 1182.15 674.94 1284.52 775.95 0.559334
4 104.93 847.36 203.41 976.19 0.552203
4 206.80 621.50 285.50 717.77 0.547347
4 615.44 239.12 655.56 274.14 0.543691
4 161.61 734.43 246.15 843.16 0.538581
4 551.90 300.57 589.76 337.81 0.535757
4 1027.25 309.56 1069.45 353.95 0.530625
4 547.44 238.21 586.01 273.90 0.525254
4 246.44 533.91 317.39 614.30 0.523475
4 136.43 427.63 220.24 489.27 0.516138
4 320.34 411.86 379.52 470.37 0.513155
4 547.88 185.79 580.07 215.50 0.511545
4 1183.11 260.60 1226.54 290.11 0.498539
4 364.36 364.17 414.18 414.55 0.495414
4 1494.66 547.15 1586.78 617.02 0.494701
4 1360.45 457.07 1444.15 516.01 0.491537
4 540.22 97.81 568.45 124.47 0.489102
1 1599.32 400.80 1615.87 436.99 0.488141
3 857.23 508.52 891.17 535.30 0.484193
4 123.85 846.78 203.43 895.68 0.480398
4 394.07 316.80 439.94 361.60 0.480036
4 1596.84 772.16 1646.91 845.57 0.475511
4 1220.44 291.69 1270.62 328.70 0.474264
4 1084.22 435.40 1136.82 497.44 0.474225
4 1064.56 382.98 1114.78 438.36 0.469276
4 658.95 92.63 682.83 114.64 0.469149
1 1844.26 532.63 1866.38 576.03 0.462728
4 465.07 201.15 501.70 234.47 0.460684
4 283.69 466.26 349.73 538.36 0.458767
4 1300.49 396.18 1365.02 445.90 0.458561
4 1103.03 498.86 1163.76 572.06 0.457122
4 1583.48 644.53 1678.48 730.47 0.457099
4 1146.76 232.16 1172.74 257.45 0.454552
4 1121.81 577.01 1187.76 663.21 0.450752
4 616.97 88.72 643.17 111.63 0.447413
4 621.54 58.26 644.62 77.43 0.444687
1 1520.82 290.18 1533.83 324.36 0.444140
4 83.58 417.52 148.06 474.88 0.441385
1 1424.03 356.19 1436.64 387.31 0.435696
4 1258.20 341.93 1316.99 389.92 0.433439
4 232.85 272.40 279.52 310.60 0.424013
4 422.78 257.48 468.18 307.38 0.423878
4 599.70 8.46 624.04 30.78 0.422213
4 447.08 230.75 486.35 268.93 0.421761
4 650.54 0.25 668.83 14.36 0.416516
4 706.22 0.17 725.07 13.68 0.408426
4 167.72 335.57 225.96 385.12 0.407548
5 197.97 302.09 253.18 346.40 0.403503
4 124.22 375.60 185.83 427.70 0.398055
3 850.79 462.09 882.76 499.16 0.397732
6 31.81 74.04 90.45 116.95 0.386933
4 286.53 220.46 326.68 257.14 0.380139
4 34.12 210.63 84.54 246.03 0.379625
4 262.72 239.63 305.39 281.01 0.378725
4 0.21 246.29 34.12 284.13 0.376914
1 1374.51 183.39 1384.90 206.02 0.368468
3 744.65 686.16 766.08 726.80 0.366111
1 817.91 376.23 827.73 405.36 0.365986
4 662.25 317.41 676.20 344.90 0.356411
1 1303.72 139.98 1316.39 161.96 0.352787
3 0.18 455.75 36.31 500.67 0.346151
1 1386.79 155.36 1399.45 176.98 0.344247
2 1104.24 7.69 1110.33 25.18 0.332174
4 332.08 184.10 368.90 205.82 0.323310
3 853.37 450.12 887.44 483.24 0.321709
4 709.74 564.90 728.86 602.05 0.321548
1 196.26 267.31 208.00 294.89 0.321262
1 362.66 132.23 373.05 154.68 0.316822
2 1116.30 15.62 1123.30 31.50 0.314607
4 353.94 153.52 391.17 184.36 0.312561
2 1365.61 192.30 1373.69 207.61 0.311795
4 311.39 198.93 347.06 230.73 0.308233
4 166.87 123.57 207.32 152.77 0.303908
1 298.08 201.25 309.71 221.83 0.297977
4 385.54 124.56 416.56 150.40 0.297372
3 830.81 410.39 867.91 437.41 0.292849
6 1611.44 669.92 1782.47 895.35 0.290571
1 1764.53 452.65 1782.28 491.15 0.288230
4 373.15 141.91 401.13 166.90 0.287873
4 1596.75 772.11 1723.66 848.28 0.286846
4 530.59 0.09 550.60 12.46 0.282145
3 68.34 376.49 89.37 411.88 0.278109
4 423.76 95.98 443.39 119.73 0.275190
1 1223.46 518.20 1236.92 542.43 0.274994
4 712.46 1004.96 795.89 1079.55 0.261169
1 711.76 73.54 719.08 94.22 0.260229
2 786.59 7.46 797.45 32.16 0.252018
4 432.78 78.62 458.54 104.11 0.250593
2 1294.01 141.23 1304.25 166.62 0.246213
4 0.03 151.20 16.17 171.38 0.244578
4 219.68 91.26 254.06 113.04 0.243627
4 81.89 91.78 119.38 118.97 0.240110
2 1628.42 316.12 1652.33 365.60 0.237951
6 1107.02 192.00 1175.26 230.13 0.233806
3 825.00 379.96 857.63 401.11 0.226283
4 0.04 220.47 19.57 244.02 0.225342
2 1254.04 0.53 1282.80 74.92 0.223732
4 0.14 204.81 37.11 232.07 0.223087
2 774.56 64.92 785.60 88.27 0.220243
4 156.57 49.10 182.30 72.74 0.218159
3 1597.00 419.50 1613.58 437.12 0.216805
2 205.93 272.74 215.38 295.05 0.215819
4 494.09 17.40 514.64 38.50 0.214390
2 24.31 140.09 35.56 161.33 0.213228
4 1000.79 346.66 1017.87 377.13 0.212547
4 215.57 24.87 245.25 42.90 0.212421
4 30.62 170.37 91.99 200.08 0.211884
3 6.23 455.96 36.43 475.99 0.209933
1 1332.86 710.02 1347.86 736.58 0.208725
4 1583.67 644.58 1643.25 682.10 0.208195
4 402.08 117.86 429.37 134.90 0.205034
4 682.77 0.00 700.41 2.18 0.201564
4 6.42 184.94 71.79 209.30 0.201558
