4 752.73 499.71 813.71 625.25 0.499062
4 1126.81 446.45 1178.27 570.53 0.483167
4 833.31 487.30 885.96 598.54 0.480305
4 1476.79 485.53 1522.71 611.34 0.467365
4 1173.48 84.05 1227.24 209.94 0.466172
4 627.08 506.23 677.40 644.08 0.460668
4 1439.42 86.54 1496.57 213.62 0.457380
4 489.09 99.33 546.82 225.71 0.455779
4 269.88 89.65 333.76 196.67 0.434834
4 844.87 101.29 897.41 245.27 0.411311
4 377.64 512.97 441.06 638.59 0.397701
4 419.48 88.32 481.80 215.67 0.394146
3 185.12 119.00 208.77 152.73 0.384491
4 1385.03 673.07 1461.02 703.91 0.384330
4 768.54 103.13 826.60 237.21 0.382623
4 1504.32 96.01 1565.92 215.87 0.376449
4 1755.60 117.22 1810.02 230.00 0.373956
4 692.87 105.40 755.43 231.82 0.367171
4 1495.26 671.68 1596.60 705.12 0.360706
1 1630.75 521.95 1656.75 567.17 0.349921
4 491.90 182.15 545.70 225.27 0.338611
4 770.39 745.16 859.63 780.29 0.338192
4 423.34 182.18 478.92 214.63 0.328526
4 274.41 181.96 325.72 195.72 0.301655
7 473.19 678.36 601.85 723.92 0.285216
4 403.54 681.81 478.29 707.55 0.281280
10 1271.93 573.37 1316.39 624.34 0.280187
1 1630.21 519.06 1644.04 540.08 0.278493
4 1487.88 686.30 1522.80 720.22 0.265619
4 1040.96 672.98 1134.73 704.80 0.261760
1 214.55 358.32 250.14 401.91 0.253926
4 769.70 182.22 825.69 237.01 0.252547
4 1860.42 600.76 1915.57 696.44 0.252100
10 714.72 920.08 868.12 1020.81 0.250352
2 1339.93 548.11 1355.82 564.56 0.249819
4 1652.32 30.53 1679.27 57.76 0.248840
3 1266.10 542.27 1303.20 574.98 0.243622
4 917.90 684.84 989.81 705.64 0.243246
4 1494.49 99.39 1522.64 216.46 0.239407
10 780.02 819.21 862.71 892.41 0.220281
7 1257.76 513.83 1327.13 650.18 0.220154
4 470.92 698.66 541.50 724.47 0.217488
3 1571.07 545.39 1603.26 564.69 0.212289
2 542.53 700.02 558.13 721.04 0.209776
4 162.69 691.05 211.18 705.42 0.209055
4 1616.69 69.91 1637.35 90.76 0.208264
2 446.31 672.76 458.30 692.85 0.207705
10 1571.87 548.77 1610.63 597.69 0.200869
