1 446.82 178.46 468.16 235.01 0.552550
1 319.31 250.06 363.13 339.70 0.527992
1 340.49 199.40 372.37 265.47 0.508925
2 544.65 149.46 565.58 188.45 0.406943
2 600.86 151.21 622.21 196.30 0.320272
7 598.87 98.74 633.83 123.69 0.307820
4 844.22 50.52 856.99 59.72 0.304961
6 655.12 76.08 681.69 97.28 0.304941
2 657.29 183.16 671.66 207.33 0.298211
4 826.04 51.40 834.09 57.06 0.281719
2 821.74 152.75 834.04 176.86 0.262670
2 772.56 99.59 849.75 194.14 0.261713
2 631.96 139.37 644.68 181.07 0.251812
4 258.19 52.66 288.09 61.98 0.241004
7 619.57 160.39 654.57 189.54 0.238560
2 773.37 158.13 787.70 189.77 0.233937
2 783.14 159.84 796.56 193.95 0.226561
4 32.18 56.55 47.60 64.22 0.222751
2 648.30 105.62 661.64 133.01 0.211533
3 643.53 157.88 667.16 185.68 0.208511
