3 489.96 254.85 507.00 288.39 0.539795
1 603.78 414.48 643.59 519.24 0.526158
2 486.50 231.73 508.14 278.80 0.443263
2 633.38 249.11 656.72 304.74 0.424043
2 680.98 240.06 708.82 301.34 0.416974
2 719.33 417.75 754.83 516.94 0.410259
2 804.02 449.92 841.05 539.05 0.397214
6 263.71 317.01 376.30 417.61 0.395934
2 750.00 431.85 786.92 519.49 0.373154
7 706.11 340.74 808.38 430.94 0.368607
1 327.02 343.15 370.47 390.82 0.364889
2 771.03 408.68 804.83 503.12 0.355233
2 699.25 233.81 713.02 294.67 0.351577
1 845.69 217.44 864.11 246.59 0.350945
7 659.91 162.62 687.21 187.34 0.338345
3 472.64 170.71 488.05 193.99 0.336447
3 513.46 184.02 527.41 205.21 0.324117
2 826.90 431.48 848.28 517.72 0.320914
3 498.67 203.20 522.53 233.48 0.303671
3 655.11 258.08 687.55 296.55 0.303287
7 617.30 204.86 669.38 249.80 0.302677
4 632.03 72.18 644.83 79.70 0.289348
3 641.26 270.63 675.70 296.42 0.289146
4 549.08 67.55 558.20 74.64 0.280456
2 718.79 405.77 848.61 538.37 0.249160
2 748.85 178.88 769.09 221.67 0.246420
7 798.51 232.52 870.40 288.18 0.239649
2 655.42 252.84 671.37 278.26 0.239041
2 558.51 118.53 565.34 135.01 0.223745
2 502.03 191.46 518.92 222.70 0.223310
2 566.93 114.78 575.63 134.72 0.223060
7 374.51 354.05 485.08 456.88 0.216120
2 558.04 114.56 577.09 138.82 0.210742
3 652.46 216.69 669.38 250.51 0.203288
