4 708.52 470.67 780.52 506.40 0.514342
4 168.92 112.42 184.56 126.27 0.438937
9 471.99 121.96 498.27 142.87 0.426279
2 409.05 114.85 632.09 194.94 0.418531
5 513.31 333.94 582.22 369.51 0.401059
6 734.92 79.31 757.00 94.78 0.389087
4 0.06 298.33 25.41 330.57 0.384205
4 595.39 399.68 658.45 450.98 0.384179
3 56.16 344.71 67.68 365.10 0.381743
4 638.33 423.35 699.93 471.70 0.375777
4 258.87 376.28 287.21 418.80 0.372519
3 47.35 398.91 60.48 418.33 0.368840
4 48.44 242.82 75.33 272.30 0.362809
4 249.35 302.74 266.04 328.45 0.362797
4 86.44 125.24 102.53 142.14 0.360482
6 315.11 188.58 360.82 225.94 0.359773
3 232.81 236.20 242.84 251.87 0.358071
4 103.28 82.21 115.44 95.73 0.350830
4 539.99 371.03 603.92 405.79 0.350805
4 561.73 389.43 625.33 428.60 0.350505
1 898.57 224.07 906.76 241.03 0.339370
4 422.60 431.86 494.05 477.19 0.337096
4 708.55 91.01 725.42 104.44 0.329402
3 192.43 239.78 201.82 252.52 0.329105
4 345.10 163.72 382.07 180.74 0.325866
3 177.05 236.71 186.07 249.29 0.320443
4 383.95 165.70 409.69 187.71 0.315812
4 310.68 150.92 347.42 166.28 0.312561
4 398.11 191.29 432.15 207.83 0.300764
4 360.82 143.61 393.05 161.31 0.298566
4 33.12 278.50 63.18 311.06 0.297688
4 392.77 392.01 459.90 429.70 0.292054
4 397.28 408.37 469.61 458.63 0.291257
1 880.69 256.10 891.60 273.75 0.280599
1 53.12 311.44 64.09 337.02 0.279420
4 357.61 312.78 416.02 343.52 0.278636
4 88.15 79.44 98.53 92.65 0.277719
4 501.80 317.77 563.26 348.77 0.277592
4 110.20 29.67 120.38 39.76 0.273268
4 378.10 363.74 442.63 402.92 0.269816
4 231.71 116.95 251.92 130.78 0.267786
4 370.28 347.03 430.81 379.11 0.265588
4 307.04 178.28 347.06 197.05 0.260409
4 217.71 345.10 236.74 377.04 0.251971
4 322.17 214.05 369.46 237.78 0.246380
4 196.36 54.24 205.56 69.90 0.245155
5 303.12 130.25 325.08 148.91 0.245025
4 25.12 63.62 38.04 72.69 0.241834
3 844.27 485.48 858.52 512.35 0.237215
4 71.52 211.35 91.63 231.08 0.233732
9 118.19 2.26 139.53 14.19 0.232121
4 53.44 34.30 64.08 44.42 0.231905
4 87.72 106.47 97.01 115.86 0.231766
4 84.25 98.89 96.78 115.79 0.229904
4 725.01 76.81 738.16 88.85 0.229792
4 358.68 297.17 414.06 319.20 0.227243
4 64.05 243.14 75.58 270.88 0.227147
5 490.30 285.62 538.02 311.84 0.227104
4 442.63 230.24 489.19 250.47 0.226599
4 690.31 97.63 705.47 107.98 0.226307
4 498.93 299.74 545.79 327.75 0.226200
4 458.17 251.27 504.76 275.79 0.224610
9 289.87 45.86 333.56 88.97 0.221416
4 446.09 241.13 493.52 263.65 0.219333
2 752.61 27.41 959.89 109.27 0.216510
3 117.08 206.41 126.60 218.56 0.215941
4 346.67 269.73 397.91 291.57 0.214748
5 346.58 283.66 392.01 312.87 0.211844
4 334.43 230.66 382.72 258.00 0.211325
4 192.90 72.51 200.18 83.25 0.210381
1 46.70 389.51 58.06 409.80 0.206522
4 20.28 224.09 40.53 244.64 0.206051
4 98.86 17.06 108.66 26.65 0.205637
1 233.86 399.18 246.05 415.89 0.204623
4 463.98 262.33 511.68 291.27 0.204464
4 315.12 186.97 354.68 200.87 0.202666
3 339.70 306.79 350.52 327.24 0.202182
1 931.08 165.66 938.02 178.93 0.201301
