1 1647.71 1401.06 1694.81 1476.82 0.523119
4 1294.26 1047.69 1446.04 1229.50 0.499145
4 949.84 454.91 985.71 493.40 0.490744
5 1138.90 687.62 1207.62 774.81 0.490488
4 843.55 484.36 894.63 526.06 0.467662
2 1286.37 1459.73 1333.95 1499.20 0.467240
1 1070.72 637.06 1091.04 678.51 0.465346
3 1166.78 887.14 1187.17 924.92 0.444825
4 934.25 417.71 967.53 454.71 0.441300
4 818.84 567.54 895.53 619.38 0.434795
1 1083.13 1144.23 1120.02 1217.15 0.425453
1 934.49 1091.17 958.04 1149.77 0.424696
6 776.37 1301.02 895.78 1423.11 0.421871
4 894.66 410.86 920.48 444.21 0.420600
4 907.31 293.73 925.85 312.31 0.416637
6 1192.69 743.97 1281.37 833.47 0.413857
2 1577.93 1365.50 1619.32 1418.76 0.401085
4 977.41 419.39 1011.24 452.42 0.392030
2 1594.10 1335.06 1631.15 1408.82 0.391467
4 744.60 285.74 767.21 301.03 0.380795
6 1057.61 535.26 1115.22 610.50 0.379863
1 1011.84 708.06 1027.52 753.39 0.379706
7 1221.08 856.64 1274.33 895.51 0.374121
4 885.51 236.67 901.63 253.31 0.374052
2 937.56 1142.54 954.19 1182.96 0.363435
2 486.34 1381.98 504.10 1419.18 0.359310
4 974.84 385.45 1002.54 412.08 0.350269
1 1020.93 874.59 1044.59 895.64 0.346417
6 946.40 728.03 1012.84 823.82 0.345824
2 1180.60 825.67 1210.46 893.91 0.345243
4 825.84 449.62 859.71 491.61 0.344343
1 1003.78 636.25 1017.77 676.02 0.337002
4 1294.50 1048.68 1404.08 1115.00 0.335586
2 1167.48 872.19 1187.60 895.14 0.333614
3 1099.60 604.01 1121.83 623.95 0.332439
3 1187.33 867.55 1211.83 898.29 0.326162
2 471.80 1380.26 488.95 1416.86 0.321168
2 1104.16 587.72 1126.10 623.01 0.315763
4 897.47 451.08 918.33 470.87 0.313612
4 824.54 314.09 846.55 342.56 0.312002
4 1018.59 435.05 1047.83 454.56 0.311292
1 981.40 646.06 995.67 688.97 0.309324
4 915.22 237.14 928.40 251.51 0.304885
4 766.78 275.35 800.67 291.44 0.300293
4 891.73 198.98 904.15 210.42 0.295841
1 840.89 424.50 852.04 449.56 0.292982
2 1103.98 1144.52 1120.56 1188.10 0.288896
7 776.23 1037.34 923.92 1424.35 0.288793
9 834.52 296.65 854.87 334.61 0.288494
7 834.48 337.59 869.28 369.14 0.285013
6 1018.41 435.50 1054.25 480.98 0.279932
4 1103.97 585.98 1116.50 607.64 0.277609
4 955.75 333.72 974.63 344.97 0.271722
7 1173.61 816.69 1275.67 895.54 0.268290
4 505.77 263.61 525.28 276.83 0.267425
4 523.52 264.12 541.85 277.72 0.267296
5 812.49 287.59 845.08 309.09 0.267087
5 794.91 280.81 823.49 304.16 0.262651
2 1027.45 898.43 1050.20 949.47 0.257593
3 1278.83 1440.94 1299.90 1499.20 0.257588
7 943.20 645.96 971.08 681.99 0.255253
3 1010.28 466.01 1029.33 483.14 0.250328
3 955.97 604.85 976.03 631.61 0.248899
2 968.83 349.54 976.10 372.12 0.248247
4 1604.12 879.35 1640.39 895.62 0.247979
4 1015.30 411.97 1031.31 424.83 0.246956
2 825.71 399.53 837.49 419.79 0.243811
2 1239.87 890.38 1256.46 935.24 0.242911
2 967.74 634.00 980.18 670.56 0.242181
4 547.39 239.22 563.48 252.67 0.241735
4 906.57 224.35 921.71 238.85 0.237067
4 1038.72 493.09 1070.65 526.84 0.235956
4 1070.48 603.94 1121.11 611.77 0.229479
3 1380.87 627.41 1407.40 664.74 0.228301
7 1283.90 979.51 1350.45 1040.73 0.226761
4 651.54 187.15 663.65 196.74 0.223043
4 939.56 659.20 952.17 673.73 0.219831
4 875.42 205.39 886.44 216.82 0.217824
2 966.91 634.71 1017.98 683.83 0.217762
4 881.64 174.90 890.71 184.64 0.216955
3 991.71 656.01 1007.22 678.92 0.215781
4 1063.99 494.51 1092.32 517.44 0.215153
3 1006.19 767.52 1022.35 805.28 0.214589
2 1028.36 483.11 1039.85 512.16 0.214353
10 0.00 568.80 16.15 590.67 0.214013
4 1077.79 499.57 1096.11 519.25 0.212138
2 1183.40 824.45 1200.75 851.59 0.210315
6 1138.45 686.81 1282.41 835.43 0.210240
2 1274.42 854.02 1295.66 895.28 0.208933
7 1381.99 994.15 1438.58 1059.39 0.206236
2 993.79 736.03 1009.93 761.39 0.205527
2 1604.95 793.10 1640.37 823.91 0.205331
4 874.83 480.81 894.77 493.95 0.205251
9 586.07 250.27 745.51 302.86 0.204978
4 716.16 288.20 737.89 302.16 0.201741
2 1594.53 1340.71 1611.86 1377.06 0.201615
