4 642.17 596.05 665.68 648.27 0.475414
4 1326.28 298.08 1355.20 348.10 0.445792
4 464.03 389.58 482.50 440.35 0.427499
4 472.07 7.44 510.64 47.32 0.406944
4 464.05 268.73 501.75 311.34 0.400993
4 551.92 337.79 575.54 377.41 0.391291
4 530.10 624.70 556.06 684.19 0.383905
4 1250.81 295.62 1276.73 342.30 0.380174
4 667.57 0.30 686.87 22.81 0.380158
4 1189.61 290.50 1217.26 340.31 0.375782
4 1222.31 294.66 1249.55 342.27 0.361182
4 483.90 676.34 531.32 724.85 0.360855
4 475.84 105.88 497.38 152.39 0.348533
4 464.12 315.12 491.99 356.62 0.347985
4 796.97 67.03 841.26 100.49 0.345287
4 1057.91 162.39 1084.05 192.91 0.343322
1 561.94 509.92 572.27 530.30 0.340385
4 836.71 332.18 861.73 381.73 0.332100
4 1283.12 417.92 1332.50 453.30 0.327624
4 794.43 204.04 829.74 254.12 0.324590
4 464.04 544.95 487.93 602.45 0.324290
4 794.88 31.00 834.43 66.14 0.295650
1 757.76 419.52 768.78 440.57 0.290502
10 431.50 613.14 455.61 665.01 0.286195
4 995.26 0.08 1021.94 24.89 0.285694
4 786.53 335.36 811.14 385.80 0.267321
4 15.61 693.64 39.64 705.29 0.264198
4 1171.60 0.06 1194.24 18.73 0.259489
3 1174.39 430.44 1192.95 460.79 0.243789
5 1212.33 421.96 1261.51 455.45 0.232610
4 1226.84 0.00 1249.81 16.33 0.230426
3 1069.46 242.41 1089.12 282.08 0.225353
4 1067.58 3.58 1094.69 37.43 0.224235
4 1253.03 735.23 1308.35 759.63 0.224153
5 793.45 261.69 833.76 303.91 0.222844
4 1201.98 0.00 1224.84 15.42 0.222000
5 6.41 40.71 34.42 85.47 0.220828
2 589.59 197.60 598.60 214.82 0.216734
2 577.73 137.77 586.17 156.03 0.214937
4 800.44 121.44 817.87 145.21 0.206082
4 314.06 594.08 329.50 626.68 0.203112
