4 655.32 259.58 734.30 296.99 0.602145
4 1301.51 695.77 1359.79 764.52 0.492313
1 1179.31 344.25 1194.60 372.52 0.409968
6 322.59 428.43 441.56 520.24 0.398582
5 1159.71 686.16 1300.70 764.74 0.396644
5 539.90 361.59 653.95 439.03 0.393774
6 547.16 308.73 620.34 343.11 0.365796
5 1033.13 661.01 1155.06 764.53 0.355745
6 1236.63 300.94 1359.98 391.16 0.352538
6 816.08 391.64 895.56 499.11 0.342262
6 1213.79 240.08 1315.08 310.34 0.341904
6 592.82 599.74 760.87 764.56 0.325631
5 909.33 646.79 1063.13 764.50 0.318163
6 1157.51 144.94 1265.19 199.84 0.315396
6 754.78 627.07 879.95 764.50 0.314830
6 1105.52 371.62 1224.57 450.96 0.312885
5 768.99 313.87 835.05 372.28 0.312361
6 1246.49 416.51 1359.69 510.26 0.311152
3 1253.52 674.72 1290.82 716.94 0.309704
5 718.22 323.98 783.31 382.84 0.306287
5 674.77 341.29 743.74 402.12 0.306200
1 1255.95 350.19 1272.94 385.55 0.305102
6 464.17 574.30 644.67 764.68 0.304316
6 144.87 254.98 272.93 315.80 0.303503
6 816.47 333.73 1155.59 499.20 0.301881
6 1173.22 391.67 1298.98 474.05 0.296089
5 809.11 302.51 873.77 359.95 0.293295
1 1336.94 228.06 1347.43 252.82 0.285070
5 588.47 353.17 695.30 420.93 0.277003
4 908.15 644.48 1018.98 684.59 0.276912
5 855.80 205.98 895.74 247.45 0.272940
5 862.59 287.73 895.86 347.46 0.262748
6 1012.91 154.09 1119.61 214.24 0.250207
6 1287.11 252.21 1359.88 310.74 0.248809
5 274.94 540.51 376.05 608.87 0.243246
6 464.12 321.52 520.84 487.50 0.240994
5 1324.32 482.68 1359.85 538.66 0.239778
6 1126.27 187.80 1238.98 241.12 0.238224
6 1044.90 341.24 1146.11 422.99 0.237992
6 866.85 390.80 1008.01 477.53 0.237570
4 464.20 556.20 528.94 599.83 0.235990
5 867.15 391.80 895.87 441.84 0.235020
6 269.05 550.80 427.79 698.54 0.220877
2 245.75 273.25 278.03 301.01 0.219852
3 1126.38 667.11 1144.57 692.48 0.218225
4 654.10 327.44 703.21 351.34 0.216081
6 1002.33 333.01 1090.76 397.29 0.215501
6 803.21 263.81 895.79 347.75 0.209695
6 325.43 556.12 512.74 758.37 0.208697
4 1296.58 184.04 1332.12 213.82 0.207308
6 912.45 370.48 1097.10 456.61 0.205579
