4 10.04 409.09 153.89 529.04 0.673702
6 881.08 248.84 1069.88 360.67 0.445590
4 813.50 157.22 902.47 200.15 0.435424
6 532.69 28.50 624.64 92.49 0.385897
4 881.11 283.93 895.86 341.38 0.379425
5 1287.20 282.83 1359.81 392.04 0.366378
4 846.89 38.19 903.87 63.82 0.350321
5 222.18 511.28 470.77 616.99 0.344274
7 141.62 600.33 290.13 680.92 0.344270
5 283.33 585.57 421.26 693.05 0.338395
6 1207.64 435.60 1359.69 634.19 0.336142
4 681.03 564.74 766.39 660.02 0.332743
6 813.95 406.01 895.77 545.00 0.329881
4 831.84 10.10 889.00 34.71 0.317126
6 668.66 399.16 938.36 764.08 0.309125
4 696.01 507.34 778.54 584.87 0.305124
4 464.07 459.79 500.51 548.18 0.303722
5 1100.78 438.82 1225.58 595.92 0.301158
6 868.83 60.72 895.86 110.75 0.300116
5 86.34 671.72 395.84 764.75 0.296311
5 1004.03 427.50 1104.88 571.10 0.292131
4 845.46 28.22 906.38 53.08 0.288113
7 1116.59 239.41 1242.08 390.18 0.278510
6 762.50 174.54 825.19 277.26 0.277796
6 267.80 81.29 547.73 292.78 0.274560
5 910.56 421.54 1003.66 563.51 0.274374
6 267.97 208.38 396.12 292.64 0.273069
6 831.83 180.59 911.49 286.50 0.263734
5 382.96 457.56 500.43 548.90 0.262684
6 414.07 81.44 546.51 164.94 0.253701
4 464.16 400.04 522.01 494.73 0.252213
5 1319.59 447.30 1359.84 542.81 0.246206
5 633.13 74.13 714.99 113.97 0.242313
5 674.62 645.67 759.93 759.88 0.239659
10 172.91 604.48 214.08 644.45 0.237151
6 718.95 398.94 805.35 533.90 0.231172
6 632.68 0.01 769.50 113.97 0.217765
4 860.04 0.52 902.66 22.43 0.217675
6 399.55 138.16 516.80 184.95 0.215260
4 535.65 47.43 563.14 67.82 0.209015
6 869.50 61.41 934.61 111.73 0.203903
6 673.01 645.69 895.51 764.22 0.200364
6 464.61 99.04 685.19 573.47 0.200027
