4 570.70 616.83 605.44 654.39 0.597739
4 680.95 382.83 707.62 407.01 0.570554
4 496.42 311.31 521.26 329.29 0.517378
4 788.62 288.47 810.59 305.97 0.471887
6 944.89 623.99 1007.51 665.43 0.470708
4 1344.44 284.93 1369.06 302.00 0.449140
5 654.74 333.24 704.42 361.88 0.435561
4 1065.81 49.76 1084.88 65.35 0.428275
4 1153.91 17.03 1169.35 26.30 0.427185
4 1361.36 13.43 1379.25 23.28 0.422625
4 287.35 184.85 304.80 198.41 0.412200
4 863.17 403.59 882.64 426.49 0.397110
4 808.22 449.46 840.30 473.80 0.394327
4 1064.26 71.38 1076.92 80.74 0.393705
4 888.03 614.71 906.14 629.46 0.392990
4 353.62 120.20 369.80 130.68 0.381601
5 827.97 390.20 864.39 431.35 0.380708
9 364.42 133.90 402.16 173.77 0.367411
4 836.95 426.27 863.77 452.23 0.358444
5 882.18 193.91 910.63 220.42 0.357409
6 1032.15 648.42 1065.88 678.54 0.354765
4 1237.72 34.69 1253.50 44.98 0.353996
4 390.01 731.43 430.89 773.47 0.348442
5 538.00 329.29 582.97 359.62 0.343367
4 861.46 603.09 883.59 619.71 0.338555
4 310.73 181.22 328.32 194.69 0.332917
4 279.55 266.34 297.07 281.69 0.331486
4 957.57 304.21 973.57 316.71 0.331025
4 234.71 203.85 269.77 229.58 0.329681
4 127.09 360.90 170.25 400.33 0.325911
4 205.25 211.38 228.91 229.29 0.325268
4 939.31 287.50 963.10 310.86 0.319776
4 828.77 174.28 849.96 192.39 0.318294
4 1308.67 226.31 1325.63 238.94 0.307189
4 925.99 99.34 951.03 113.60 0.306908
4 41.98 287.75 64.24 302.09 0.300047
6 858.35 624.60 894.77 695.93 0.285700
4 352.54 151.09 364.24 163.53 0.282916
4 1300.64 205.78 1315.50 218.42 0.277546
4 0.21 334.71 23.71 357.04 0.273450
6 1031.90 648.06 1097.41 689.47 0.272231
4 1035.00 386.83 1050.68 398.68 0.271132
4 947.59 119.10 959.69 129.52 0.269885
4 113.10 191.60 136.64 204.47 0.266833
4 332.87 293.74 347.46 304.00 0.266730
5 308.06 264.81 347.39 291.89 0.261019
4 1218.43 54.63 1247.51 67.65 0.255847
4 1224.17 292.97 1238.70 306.78 0.250625
6 952.80 430.54 984.53 454.99 0.247238
4 887.72 164.80 895.78 176.50 0.242661
4 988.26 55.76 1007.37 69.76 0.240900
4 913.92 168.11 922.88 176.53 0.240675
6 1158.62 266.64 1196.22 283.32 0.240520
4 972.21 708.14 988.36 723.76 0.233916
4 396.14 114.40 412.07 127.43 0.233647
6 1020.93 360.37 1045.79 384.77 0.231919
6 148.65 239.05 193.89 269.20 0.230935
4 1331.26 22.41 1344.23 31.42 0.229468
4 270.97 283.53 284.81 293.53 0.228518
6 158.69 304.79 218.95 338.61 0.226591
4 939.47 297.56 953.62 310.34 0.224864
4 916.23 118.74 932.72 129.21 0.224353
4 766.03 292.30 774.35 300.29 0.220738
4 887.86 164.00 906.02 178.00 0.218602
4 412.56 563.68 430.43 578.63 0.217200
4 945.36 637.95 962.03 651.20 0.217043
6 1263.07 1.00 1293.91 21.75 0.217001
4 863.78 148.78 885.29 165.09 0.214587
4 1103.18 46.11 1111.00 52.76 0.208755
4 234.77 211.84 250.88 225.59 0.208036
4 1235.25 55.37 1249.53 64.02 0.207969
3 409.55 246.54 422.99 269.06 0.206053
4 894.35 131.86 910.91 144.53 0.204249
4 665.79 322.79 684.88 336.05 0.203433
