4 519.25 578.86 549.07 622.65 0.549139
4 440.53 444.90 464.23 475.56 0.508232
4 666.57 334.32 687.25 356.04 0.507915
4 591.53 326.23 608.19 351.18 0.488095
4 767.48 394.94 792.11 426.43 0.487162
4 639.40 289.38 656.28 310.47 0.478579
4 567.27 204.01 586.09 217.73 0.472191
4 469.26 275.27 495.17 294.56 0.463853
4 656.58 600.92 688.69 654.02 0.455180
4 648.28 696.24 685.58 756.64 0.445525
4 648.90 222.65 662.47 237.41 0.437645
4 718.68 282.14 737.55 307.78 0.433674
4 374.89 361.88 409.16 393.77 0.428554
5 460.03 431.92 497.57 532.52 0.421465
5 2.53 354.52 72.32 404.51 0.415676
4 674.88 191.70 687.64 204.16 0.400576
4 87.30 500.32 124.88 531.69 0.396789
5 427.96 289.41 470.17 328.24 0.388285
4 100.40 391.23 131.77 411.36 0.384386
4 105.96 180.57 128.08 192.55 0.376883
4 627.88 187.19 637.54 200.01 0.369954
5 0.05 560.16 51.73 620.76 0.366472
4 604.75 167.57 617.65 177.09 0.355071
4 653.04 172.40 666.94 185.25 0.354238
6 404.97 213.06 424.63 249.31 0.351489
4 726.58 362.31 749.55 397.35 0.350973
4 610.88 115.10 621.48 123.03 0.347586
4 615.46 154.20 625.94 164.31 0.345843
5 623.84 358.37 650.93 407.35 0.344464
5 616.40 130.87 630.68 151.12 0.333191
4 78.35 469.18 114.46 498.10 0.330837
6 104.68 418.33 132.67 467.41 0.330094
4 90.67 413.98 109.84 434.83 0.329414
4 611.49 91.14 622.60 100.28 0.328877
4 70.60 395.92 97.12 419.29 0.320431
4 639.40 109.41 650.50 117.84 0.314246
4 691.88 137.18 703.33 146.00 0.313545
4 562.52 776.85 621.76 787.95 0.295978
4 653.13 123.06 664.70 132.43 0.293634
4 570.10 82.43 579.97 89.53 0.286925
4 670.18 153.44 682.07 167.41 0.285976
4 52.68 536.52 101.99 572.08 0.285372
4 643.45 129.90 658.76 148.20 0.280436
4 579.51 90.15 589.72 100.65 0.276585
4 645.93 95.99 655.79 104.81 0.275150
6 22.30 262.45 126.93 319.35 0.266035
4 660.58 93.87 671.12 104.18 0.262472
4 107.98 335.59 136.65 355.29 0.260511
4 311.06 224.31 332.63 238.95 0.257609
6 342.82 31.67 368.60 44.75 0.254431
4 242.60 404.63 264.78 418.47 0.253807
4 614.77 57.74 623.20 63.92 0.253486
4 591.55 118.37 599.21 125.97 0.249415
4 134.67 335.75 161.06 353.15 0.247123
6 1203.43 244.35 1244.30 265.29 0.241882
4 225.24 244.49 236.91 256.69 0.241354
4 442.77 44.95 452.99 53.45 0.235153
4 261.63 448.44 274.26 458.23 0.220619
4 397.31 136.01 411.23 147.45 0.218648
4 529.62 68.42 539.45 75.28 0.217940
6 63.90 188.71 99.11 212.11 0.217226
4 249.06 444.81 274.44 465.60 0.216451
6 176.37 161.05 191.40 178.17 0.212491
6 521.47 49.86 536.52 60.48 0.209886
6 1013.31 219.45 1035.51 231.93 0.206760
4 724.98 247.06 736.64 253.65 0.205929
4 231.31 401.98 280.81 421.95 0.205830
4 710.89 144.35 719.37 154.67 0.205405
4 597.41 152.87 603.30 160.09 0.204389
4 0.14 139.23 35.72 152.76 0.203836
