4 604.04 705.66 802.91 764.57 0.639916
4 0.03 155.88 25.76 183.29 0.580324
4 999.59 117.02 1055.27 149.45 0.529608
6 486.31 307.92 758.99 438.43 0.527529
6 571.23 404.93 852.17 548.93 0.524135
4 111.04 65.52 143.65 96.85 0.504942
6 382.38 125.46 591.10 230.58 0.480214
4 521.30 268.51 625.64 317.33 0.461772
4 449.57 207.26 537.24 252.68 0.454069
3 1185.40 465.82 1218.77 515.54 0.452475
4 505.23 245.23 607.52 292.30 0.442929
6 527.97 518.68 793.55 669.98 0.439310
6 1222.25 395.93 1359.83 524.27 0.434779
4 473.58 221.27 570.12 271.99 0.413913
4 532.24 309.22 633.08 328.05 0.413765
6 1066.31 276.34 1359.53 387.12 0.409274
6 803.13 0.11 890.05 56.88 0.402502
6 1180.02 0.16 1359.82 81.41 0.384535
4 209.52 34.66 256.75 73.65 0.376551
6 1016.38 146.71 1330.46 286.47 0.349078
6 312.36 21.19 445.23 134.39 0.346003
6 666.50 0.09 799.18 72.31 0.344999
6 961.41 149.66 1025.67 224.94 0.344553
4 1116.81 70.31 1185.34 94.84 0.336336
4 359.79 140.11 426.20 187.67 0.330848
6 1037.68 73.30 1295.64 159.97 0.324973
6 533.87 0.12 680.73 85.01 0.323430
5 448.71 58.90 501.43 119.47 0.297687
5 491.76 44.47 544.66 108.76 0.291143
6 464.16 2.23 544.93 110.53 0.280833
10 1185.94 466.69 1206.93 497.05 0.266978
9 382.82 68.25 444.84 134.27 0.265473
5 593.44 34.07 637.65 92.27 0.262187
4 24.22 102.92 45.60 114.33 0.231434
4 1152.07 50.22 1186.49 68.05 0.230821
4 1138.09 54.09 1186.82 87.68 0.225615
6 1066.59 242.40 1213.57 311.49 0.224552
6 373.15 11.70 472.86 93.10 0.210761
5 698.25 518.55 793.61 662.92 0.207772
2 1101.87 319.01 1113.47 336.76 0.204255
