4 810.89 544.06 851.06 570.81 0.515868
4 212.47 584.94 258.47 604.36 0.437850
4 262.21 606.76 312.10 625.62 0.435131
4 990.08 592.11 1030.91 611.71 0.423061
4 637.30 70.62 652.27 94.09 0.398285
4 476.35 406.07 514.35 424.70 0.397586
4 618.37 433.63 636.85 467.05 0.394895
4 877.16 572.45 922.10 595.18 0.387692
4 938.38 589.91 975.68 609.67 0.372420
4 513.58 153.97 542.87 165.99 0.362542
4 221.89 679.32 268.34 700.47 0.353268
4 413.52 628.47 459.08 648.52 0.352173
4 882.71 592.37 923.76 612.22 0.351677
4 306.72 631.96 348.86 650.71 0.351662
4 492.18 276.67 533.73 307.01 0.351420
4 858.56 669.98 895.48 695.52 0.351178
4 197.61 657.25 241.55 678.29 0.345292
4 510.80 133.01 550.36 166.17 0.343851
4 126.03 659.21 174.75 680.93 0.342294
4 284.69 678.08 329.67 697.66 0.336497
4 1122.34 635.00 1177.78 677.61 0.335348
4 450.87 466.19 494.15 486.83 0.332293
4 505.26 189.54 539.88 221.44 0.332064
4 160.44 678.52 206.40 698.15 0.331178
4 783.22 680.93 824.40 719.68 0.328616
4 344.49 677.59 385.78 696.48 0.327888
6 788.55 241.50 830.78 298.32 0.326025
4 945.99 573.25 984.04 593.30 0.324115
4 280.31 456.75 306.68 482.80 0.318556
4 252.69 657.31 295.82 675.49 0.314260
4 354.41 630.31 394.98 650.81 0.312127
4 403.70 673.16 445.56 692.09 0.310337
4 307.49 655.97 344.20 673.81 0.306041
4 409.09 652.77 453.08 671.83 0.298418
4 416.47 452.97 451.04 470.70 0.297664
4 354.15 654.86 395.45 672.85 0.297481
4 1045.06 589.94 1083.19 609.44 0.294707
4 1311.98 567.65 1352.92 587.75 0.289424
4 504.84 243.38 539.67 272.58 0.288264
4 467.39 438.51 486.52 453.31 0.288099
5 640.62 415.01 657.81 447.19 0.287584
4 876.88 573.72 895.80 596.20 0.287213
4 313.94 445.79 336.82 461.57 0.284050
9 700.32 418.51 791.87 460.39 0.279755
4 1047.25 569.97 1097.93 589.30 0.276356
4 256.20 504.65 278.38 535.84 0.262674
4 644.59 12.04 659.93 36.82 0.254377
5 757.61 846.65 781.31 898.86 0.250042
2 492.79 752.11 504.58 768.65 0.247237
4 1088.08 587.17 1131.84 608.61 0.245963
4 886.19 614.30 926.94 635.16 0.244046
1 594.09 480.67 602.83 499.07 0.242116
4 881.66 594.15 895.85 613.34 0.242071
4 793.76 268.31 826.11 297.11 0.239444
4 515.98 99.88 542.55 118.70 0.237500
3 0.39 500.49 67.96 548.88 0.235344
4 429.62 720.51 462.04 732.19 0.234190
4 1130.87 659.08 1177.48 677.18 0.233998
4 707.27 909.21 730.28 960.27 0.231859
4 620.52 327.73 637.51 358.70 0.228814
6 0.53 791.59 447.42 1049.06 0.225349
4 1235.67 632.89 1294.53 655.52 0.222681
5 702.64 828.92 725.39 876.61 0.220705
6 600.30 361.03 618.05 391.26 0.218949
4 885.65 615.16 895.86 635.81 0.215911
2 376.34 451.42 388.53 465.24 0.212903
1 336.35 455.50 346.21 470.30 0.212772
2 472.74 746.74 488.46 766.89 0.211832
4 1044.21 569.77 1131.75 609.47 0.208576
4 519.14 81.80 548.45 102.31 0.206706
4 518.97 11.74 548.20 47.28 0.205205
4 351.65 717.68 389.76 740.58 0.201602
