4 947.51 720.64 972.70 754.08 0.546743
4 992.26 483.01 1017.89 512.59 0.538794
4 743.20 722.27 767.57 757.68 0.530230
4 1040.73 516.48 1065.82 542.84 0.516680
4 1067.39 575.40 1094.97 604.34 0.506703
4 808.26 194.51 823.00 213.16 0.480492
4 451.72 670.27 491.15 707.12 0.463183
4 831.10 210.53 844.32 228.11 0.440856
4 720.55 211.49 734.07 228.71 0.436336
5 707.64 579.32 754.97 658.47 0.436120
4 714.56 166.59 726.77 180.45 0.428386
6 691.79 393.14 725.06 468.97 0.379450
4 645.86 7.08 655.89 18.86 0.374457
4 875.58 306.44 891.17 326.09 0.369294
4 676.79 489.02 691.40 509.68 0.365732
4 697.32 536.84 714.95 565.36 0.344997
4 731.15 549.51 747.37 578.15 0.339151
4 773.85 133.90 784.44 146.09 0.329720
4 739.15 80.71 748.86 91.60 0.325019
4 714.79 528.00 731.87 555.93 0.297884
4 870.29 297.40 884.04 308.94 0.276389
4 675.42 444.25 689.58 468.61 0.264458
6 638.28 295.68 660.09 355.71 0.258391
6 686.44 350.51 709.84 400.06 0.250891
4 634.22 113.89 646.28 127.01 0.250289
4 692.23 444.94 708.99 468.96 0.246545
6 676.94 288.20 697.16 327.67 0.244935
4 635.50 267.22 648.28 285.27 0.235239
4 677.57 417.52 693.04 441.52 0.234940
4 662.48 429.65 676.64 453.90 0.233337
6 658.45 328.42 676.79 363.48 0.229337
4 640.64 217.45 651.92 234.78 0.228892
4 671.61 394.25 684.62 414.78 0.222963
4 652.30 655.70 666.59 669.22 0.222291
4 640.05 202.87 650.40 216.24 0.218023
4 635.71 244.48 648.01 260.94 0.217431
4 654.68 293.40 669.96 313.24 0.216063
4 648.98 170.65 660.39 186.23 0.215837
4 651.95 252.85 663.70 269.97 0.214639
4 659.60 270.43 672.95 290.62 0.214326
4 623.82 205.42 634.83 220.90 0.212920
4 674.42 271.61 687.81 286.52 0.212373
4 1124.41 711.04 1157.99 745.80 0.211712
4 653.19 359.56 666.33 379.19 0.210904
4 627.82 228.56 639.08 242.26 0.209764
4 622.55 123.46 633.35 136.28 0.209634
5 1247.65 0.17 1300.37 24.37 0.209374
4 655.90 382.01 669.77 402.38 0.208950
4 661.97 316.75 673.07 329.16 0.208716
4 682.54 314.33 696.00 329.85 0.205499
4 617.71 92.32 626.49 104.86 0.204958
4 609.20 108.44 618.50 120.86 0.203665
4 601.30 61.73 612.14 74.14 0.203515
4 650.17 235.72 662.05 251.06 0.201081
6 1102.09 611.90 1155.58 673.57 0.200150
4 620.26 189.20 633.07 205.37 0.200135
