4 800.29 713.42 816.64 743.16 0.474679
4 813.72 764.49 836.61 797.54 0.467098
4 383.43 1018.71 421.81 1044.64 0.463109
4 400.21 983.33 436.36 1012.78 0.456372
4 831.44 514.36 844.79 536.14 0.436596
4 792.67 237.30 809.49 245.98 0.436281
4 790.80 666.56 806.45 693.62 0.436135
4 634.04 609.92 657.99 627.70 0.432898
4 506.07 945.05 550.73 976.94 0.423054
4 827.02 480.76 839.45 502.62 0.413882
4 563.30 932.23 593.45 960.92 0.395074
4 650.13 581.70 669.40 603.35 0.394953
4 822.47 815.57 852.78 845.17 0.393797
4 623.24 643.53 647.19 662.77 0.391301
4 573.16 1009.32 592.81 1048.81 0.390732
4 451.07 766.94 482.10 788.61 0.389475
4 135.08 622.96 157.19 640.90 0.360962
4 203.45 747.49 224.11 764.77 0.356928
4 749.63 340.52 770.04 350.22 0.356251
4 613.11 668.54 639.13 690.21 0.351269
4 785.68 250.11 802.80 261.31 0.349066
4 527.09 671.19 557.67 691.78 0.345172
4 757.77 321.99 772.84 334.15 0.344996
4 911.97 162.71 927.53 188.27 0.338882
4 504.01 686.32 517.17 716.44 0.323967
4 835.09 426.08 859.80 466.23 0.323164
4 705.62 272.63 720.49 283.13 0.320491
4 771.28 259.51 791.81 273.77 0.318992
4 766.46 308.27 781.32 320.11 0.317105
4 623.06 792.97 637.40 810.73 0.314766
4 655.06 641.36 678.33 662.93 0.313451
4 676.74 523.28 690.19 543.62 0.312213
4 875.66 303.63 896.41 336.35 0.311855
4 591.90 591.78 607.28 605.27 0.309705
4 839.56 363.02 864.81 410.27 0.305406
4 957.41 53.88 965.42 64.64 0.298517
4 883.78 620.61 907.74 642.05 0.298380
4 633.71 477.26 648.13 492.43 0.293797
6 621.32 82.78 667.49 105.94 0.291040
4 720.48 294.03 741.84 306.36 0.286015
4 465.85 652.36 494.55 670.10 0.281477
4 836.22 448.70 852.36 466.96 0.281243
4 1215.32 168.42 1227.61 182.56 0.280928
4 506.11 752.87 527.49 785.14 0.275787
4 680.83 186.03 697.12 195.31 0.274065
4 1228.21 333.80 1251.09 349.61 0.268857
4 507.34 651.01 530.51 669.06 0.268777
5 675.55 626.62 702.98 678.16 0.268228
4 644.57 663.83 666.02 685.08 0.267760
4 1146.30 353.10 1165.95 375.65 0.266740
4 506.40 769.05 518.78 785.16 0.264924
4 654.89 562.70 668.15 574.16 0.263750
6 1154.97 187.24 1266.35 351.47 0.259430
4 929.04 396.84 940.56 409.43 0.257941
3 901.55 363.28 922.22 394.35 0.250165
4 578.02 26.34 597.54 40.60 0.248963
4 962.80 0.00 973.45 8.73 0.248767
6 356.24 662.75 486.49 786.68 0.248158
6 640.38 891.09 688.68 1012.05 0.246443
6 790.91 199.30 810.60 215.70 0.243215
4 610.71 810.82 632.78 846.04 0.242469
2 801.81 954.95 820.66 988.62 0.241711
4 881.08 256.01 897.21 264.08 0.240615
4 400.06 216.45 420.60 228.64 0.239756
4 840.02 389.45 855.47 409.99 0.239367
6 527.32 434.97 648.95 685.26 0.237820
6 771.93 323.89 808.34 354.71 0.234454
4 934.80 217.61 948.33 232.33 0.233976
4 880.32 741.33 898.80 767.96 0.232453
4 533.45 88.90 560.85 102.58 0.231573
4 940.71 376.02 949.42 389.51 0.230657
1 1053.18 854.76 1084.18 895.12 0.228008
6 718.08 170.32 735.98 188.67 0.227164
4 755.58 443.31 764.69 458.26 0.227159
6 628.34 812.64 646.79 846.82 0.226660
4 783.09 316.17 803.16 326.68 0.224149
4 495.18 587.56 514.18 603.01 0.222743
4 736.02 622.22 751.12 640.13 0.220194
6 528.05 560.50 607.50 682.09 0.220127
4 719.86 540.67 736.71 556.21 0.218871
4 334.79 1000.92 347.78 1013.94 0.216944
4 1017.45 241.33 1031.56 259.44 0.216740
6 670.66 154.78 769.12 259.74 0.216514
4 573.73 1007.56 625.14 1049.00 0.214602
4 590.08 347.29 616.84 365.26 0.213802
4 677.62 25.97 693.42 39.80 0.213081
4 880.89 12.19 892.11 21.36 0.210875
4 45.78 834.69 66.72 851.99 0.210258
4 670.20 548.70 685.73 566.30 0.209714
6 582.44 1.21 607.01 25.09 0.209555
3 807.61 251.57 821.32 279.09 0.209403
4 771.91 278.66 784.29 292.33 0.208462
4 268.99 952.47 280.05 965.06 0.208410
4 743.65 384.00 753.92 395.07 0.207566
5 473.82 680.59 516.84 717.45 0.207070
4 699.54 811.13 713.45 836.26 0.205982
4 662.17 549.51 673.39 564.62 0.203697
4 1105.22 89.01 1120.13 103.04 0.201094
6 657.27 161.64 706.30 185.46 0.200523
