4 937.78 132.31 1191.41 359.55 0.735618
4 834.43 869.75 1139.78 1095.45 0.697177
5 325.80 604.23 511.30 883.88 0.534850
4 1104.13 100.01 1191.57 280.24 0.517123
4 0.32 875.37 232.27 1031.11 0.496662
4 165.71 307.70 543.55 485.69 0.495885
4 834.27 956.15 895.66 1095.03 0.453779
4 999.27 612.71 1371.47 824.14 0.449898
4 175.62 47.75 450.46 222.64 0.422705
4 0.33 761.53 291.86 895.50 0.404404
7 0.29 758.63 319.79 1498.49 0.348951
5 958.23 0.00 1230.00 80.63 0.331514
4 1874.87 1070.49 1999.43 1499.05 0.329786
7 220.64 583.61 324.38 779.46 0.311117
4 1104.04 850.85 1140.67 993.95 0.310683
4 1791.09 146.59 1997.65 350.39 0.307559
10 819.73 1126.22 1099.15 1376.53 0.302474
1 1134.27 1419.63 1176.87 1498.99 0.297431
4 1929.79 517.88 1999.24 637.38 0.246091
6 1104.48 375.31 1342.58 595.17 0.220316
5 1233.09 399.47 1342.27 582.42 0.209618
4 1025.93 870.47 1121.45 895.48 0.201672
