4 548.05 65.54 571.43 90.74 0.549876
4 481.46 384.53 510.24 427.89 0.457121
4 532.22 406.05 561.13 452.25 0.431214
4 677.04 712.65 721.53 781.14 0.413947
4 615.45 214.33 640.27 250.84 0.405648
5 526.73 186.31 546.59 229.23 0.344958
5 592.84 477.09 629.84 540.79 0.324472
4 590.68 214.16 611.28 251.39 0.323378
5 601.38 637.70 693.80 787.52 0.293375
4 504.06 326.84 529.36 369.53 0.292393
6 671.51 29.13 773.97 136.31 0.283344
5 584.74 709.31 625.90 777.67 0.281251
6 494.84 421.01 564.09 562.36 0.277289
4 551.95 478.06 589.03 533.53 0.261097
4 927.50 202.02 945.70 232.77 0.259768
4 618.84 566.98 659.30 629.78 0.255622
6 568.45 531.43 622.01 624.38 0.247085
4 239.50 294.53 291.02 318.28 0.243063
4 408.70 125.38 433.44 146.64 0.238177
4 260.18 0.00 293.08 11.29 0.232536
4 1004.76 432.13 1034.57 465.66 0.229641
4 720.00 315.61 734.52 327.20 0.222447
3 117.57 309.78 161.15 367.41 0.214718
4 919.45 347.44 964.62 374.74 0.214306
4 481.36 58.57 499.93 71.72 0.213364
