3 1521.40 711.13 1599.79 776.82 0.648510
2 857.06 688.32 892.68 767.88 0.569921
2 685.56 726.15 719.09 784.29 0.569070
3 1188.22 584.98 1233.83 632.19 0.564524
2 814.39 661.87 849.21 698.71 0.518096
2 923.60 546.48 946.36 594.52 0.485531
2 899.18 685.83 933.69 736.39 0.482066
2 865.29 623.13 895.50 679.38 0.478245
2 895.16 520.41 919.17 588.28 0.472370
3 1751.71 846.83 1844.35 909.54 0.463728
2 997.40 833.00 1025.75 889.41 0.458353
2 1016.68 792.44 1047.90 853.23 0.447601
2 965.65 742.30 993.44 787.90 0.441461
2 972.78 802.66 999.22 872.44 0.431231
2 206.57 279.17 236.46 337.42 0.427777
2 884.18 639.24 906.01 694.70 0.416616
2 727.40 622.71 759.87 680.49 0.410754
2 773.35 636.67 808.19 677.93 0.409050
2 683.44 758.00 701.20 797.64 0.387176
2 941.68 721.89 962.24 762.32 0.370566
3 1428.02 526.00 1460.81 588.27 0.364962
1 1104.08 565.27 1128.42 622.30 0.361832
10 280.36 1027.47 603.01 1298.19 0.359587
7 909.10 769.44 951.46 821.65 0.359069
7 1036.41 758.39 1079.57 819.15 0.346248
2 960.87 713.87 989.19 760.83 0.335996
3 1101.34 603.86 1124.21 623.28 0.317694
2 763.66 634.77 781.39 669.43 0.301616
1 1406.96 515.80 1431.18 571.23 0.300362
3 995.33 896.39 1039.40 944.86 0.298123
7 920.30 726.45 967.57 768.09 0.240875
7 1033.64 845.70 1071.99 888.93 0.231299
2 727.05 620.19 1077.61 944.35 0.225720
2 983.60 801.21 1000.81 832.34 0.214694
7 745.47 625.35 769.24 668.66 0.207634
