4 602.76 183.69 620.96 211.08 0.516762
4 658.38 109.63 672.67 127.88 0.490867
6 349.71 267.77 409.42 377.84 0.455902
4 648.34 1015.26 686.19 1049.77 0.442323
4 857.15 182.12 877.93 207.36 0.421480
4 809.31 731.00 841.07 759.42 0.340023
4 694.86 415.85 715.49 456.67 0.333367
4 869.48 876.52 895.56 895.46 0.328562
4 756.65 21.40 767.42 35.02 0.309586
4 784.43 17.64 795.14 30.22 0.281478
4 1070.77 386.86 1096.24 407.01 0.273717
4 362.70 44.02 381.53 64.22 0.269318
4 741.87 65.68 761.67 81.57 0.255850
2 824.80 998.01 840.82 1020.77 0.231445
2 46.21 141.09 59.56 162.07 0.231342
6 970.65 8.92 1019.96 60.94 0.228074
9 824.71 1.24 870.27 34.94 0.218577
4 694.27 991.90 706.53 1008.57 0.214983
2 670.82 0.21 678.67 11.45 0.205640
4 1136.96 21.82 1157.77 32.85 0.203453
5 518.89 479.29 569.05 537.21 0.202636
