1 719.46 479.35 768.65 539.35 0.509577
1 215.60 433.15 262.18 488.57 0.430758
3 525.23 177.85 542.01 206.09 0.401780
2 343.96 287.47 358.98 336.39 0.400578
7 326.79 333.86 367.09 417.76 0.393075
2 510.17 196.34 527.55 239.60 0.392838
2 443.37 221.29 460.98 275.37 0.388824
2 85.07 465.42 119.62 531.03 0.388640
2 201.69 357.56 222.80 408.34 0.382235
2 107.85 453.74 144.73 506.59 0.374008
1 566.49 494.61 619.40 539.42 0.370165
2 211.92 324.17 231.03 368.19 0.367073
1 248.60 265.43 267.72 319.08 0.365682
2 273.73 270.32 292.97 317.27 0.361172
7 372.70 280.69 409.33 327.85 0.346622
2 74.39 437.84 97.60 520.80 0.346356
2 226.55 284.72 251.94 329.30 0.346325
2 412.43 202.47 427.41 249.11 0.339651
2 242.09 327.76 256.09 368.12 0.335389
2 399.81 208.11 416.37 257.34 0.331501
2 416.30 127.38 425.18 148.70 0.323031
2 295.33 306.82 318.98 364.77 0.314155
2 463.12 192.29 477.45 232.58 0.309918
2 486.35 153.80 500.73 188.07 0.306541
10 513.99 466.47 544.06 495.38 0.305165
7 390.77 255.27 439.38 296.64 0.299495
2 471.31 144.57 483.92 185.76 0.295098
2 234.02 382.26 268.87 418.55 0.291555
2 277.70 319.23 294.48 364.83 0.287233
2 449.69 199.32 466.59 237.02 0.284037
7 562.63 417.91 630.06 539.01 0.282418
2 73.22 36.97 565.21 535.53 0.280393
7 372.58 253.04 440.03 327.74 0.278820
2 503.24 174.95 518.33 212.33 0.278488
2 288.37 322.63 312.79 372.84 0.270824
2 74.17 437.13 144.40 531.45 0.258782
1 258.78 357.83 292.10 392.30 0.251553
2 502.56 126.19 512.98 156.61 0.250482
2 417.74 150.43 426.31 176.31 0.241194
2 201.88 265.33 320.48 488.71 0.229229
2 443.70 124.03 452.33 146.38 0.218286
2 249.28 371.11 271.77 403.89 0.203480
