4 1476.27 485.61 1539.62 610.37 0.518436
4 1126.90 446.61 1178.25 570.42 0.513812
4 752.02 499.76 814.39 625.62 0.502163
4 833.64 487.15 885.49 599.20 0.490562
4 489.09 99.33 546.82 225.71 0.455779
4 1173.79 84.04 1227.66 210.06 0.445809
4 269.88 89.65 333.76 196.67 0.434834
4 1497.64 96.59 1566.59 216.30 0.429878
4 614.11 506.53 677.52 633.72 0.416740
4 716.10 105.25 754.76 232.30 0.404870
4 1439.46 86.54 1498.42 213.59 0.401372
4 377.64 512.97 441.06 638.59 0.397701
4 419.48 88.32 481.80 215.67 0.394146
4 844.72 101.29 896.96 245.39 0.393476
3 185.12 119.00 208.77 152.73 0.384491
4 1385.03 673.07 1461.02 703.91 0.384330
4 767.80 103.19 826.61 237.51 0.383470
4 1755.60 117.22 1810.02 230.00 0.373956
4 1495.26 671.68 1596.60 705.12 0.360706
1 1630.75 521.95 1656.75 567.17 0.349921
4 491.90 182.15 545.70 225.27 0.338611
4 770.26 745.18 861.04 780.20 0.337974
4 423.34 182.18 478.92 214.63 0.328526
4 274.41 181.96 325.72 195.72 0.301655
7 473.19 678.36 601.85 723.92 0.285216
4 403.54 681.81 478.29 707.55 0.281280
1 1630.21 519.06 1644.04 540.08 0.278493
10 1271.50 573.19 1315.92 624.42 0.259469
1 214.55 358.32 250.14 401.91 0.253926
4 769.70 182.22 825.69 237.01 0.252547
4 1860.42 600.76 1915.57 696.44 0.252100
10 714.72 920.08 868.12 1020.81 0.250352
2 1339.93 548.11 1355.82 564.56 0.249819
4 1652.32 30.53 1679.27 57.76 0.248840
2 1393.71 697.89 1416.97 720.18 0.242562
4 917.99 686.11 988.51 706.15 0.235880
4 716.11 182.42 751.70 232.19 0.230795
4 1041.75 671.32 1136.21 704.89 0.221870
10 780.02 819.21 862.71 892.41 0.220281
4 470.92 698.66 541.50 724.47 0.217488
4 1440.42 181.99 1495.34 212.16 0.215158
3 1571.07 545.39 1603.26 564.69 0.212289
7 1257.67 513.87 1328.87 650.40 0.211466
2 542.53 700.02 558.13 721.04 0.209776
4 162.69 691.05 211.18 705.42 0.209055
4 1616.69 69.91 1637.35 90.76 0.208264
2 446.31 672.76 458.30 692.85 0.207705
10 1571.87 548.77 1610.63 597.69 0.200869
