4 169.74 111.85 184.65 126.29 0.432191
4 86.09 125.28 102.99 142.52 0.405129
4 345.08 163.63 381.90 180.93 0.392646
4 540.10 371.26 604.06 406.19 0.392296
4 595.46 400.03 658.66 450.82 0.380890
4 310.58 150.95 347.27 166.41 0.379364
4 33.36 278.55 63.95 311.54 0.372998
4 48.06 242.83 75.38 272.70 0.369076
4 422.79 432.38 494.10 477.42 0.368324
4 383.91 165.21 409.64 187.84 0.365984
4 102.70 81.86 115.34 96.27 0.365637
4 513.37 333.97 582.33 369.75 0.364745
4 398.27 190.76 432.70 207.90 0.362752
4 0.09 298.36 25.58 330.21 0.360681
2 409.27 115.27 633.55 196.04 0.358276
4 708.76 470.80 780.59 506.74 0.357739
5 314.96 187.33 360.74 225.78 0.354140
4 561.36 389.80 625.38 428.69 0.348512
3 48.49 398.78 61.29 417.30 0.347014
4 249.46 302.50 266.10 328.87 0.346351
4 217.44 345.24 237.01 377.63 0.346055
4 638.52 423.52 699.85 471.69 0.345769
4 258.59 376.14 287.26 418.83 0.344120
4 360.45 143.81 393.70 161.33 0.337003
4 734.89 79.17 757.71 94.88 0.336937
4 88.80 79.14 98.59 92.60 0.335684
4 393.01 391.82 459.76 429.91 0.335618
9 473.78 122.05 498.04 142.89 0.331805
4 307.60 178.25 347.44 197.79 0.325127
3 232.70 237.57 243.24 252.45 0.324665
4 501.75 316.95 563.78 349.22 0.322913
4 370.49 347.12 431.05 379.18 0.319857
4 708.85 91.15 725.50 104.25 0.318661
4 397.15 408.29 469.97 458.90 0.316762
4 377.20 363.12 442.73 403.17 0.316078
4 84.01 99.34 96.54 115.91 0.314482
4 357.72 311.97 416.08 343.55 0.312729
3 177.17 236.64 186.24 249.67 0.300778
4 109.90 29.43 120.72 39.44 0.293913
1 898.56 224.08 906.35 242.28 0.293375
4 446.30 241.24 494.45 263.76 0.286671
1 53.11 311.57 64.28 336.92 0.283430
4 442.28 229.74 489.22 250.98 0.283310
4 196.43 54.77 205.84 69.99 0.280615
3 192.83 241.36 202.28 253.85 0.278087
4 322.27 213.99 369.49 237.97 0.277553
4 463.90 262.25 512.12 291.44 0.274282
4 343.64 268.73 397.94 292.26 0.272137
4 489.81 285.55 537.31 312.18 0.271866
4 438.73 215.93 482.95 237.26 0.271732
4 458.40 251.19 504.69 276.16 0.269374
4 334.59 231.05 382.76 258.41 0.267627
4 0.11 110.22 17.12 127.76 0.266734
4 53.47 34.21 64.45 44.10 0.264981
4 498.90 299.21 545.87 327.70 0.263388
4 99.23 17.51 108.90 26.46 0.262105
4 359.41 297.50 414.31 318.62 0.258403
4 420.78 198.90 464.63 220.93 0.258352
1 880.69 256.09 891.33 273.14 0.249879
1 115.89 200.47 126.25 219.34 0.244214
6 303.17 128.97 326.13 149.59 0.239862
3 56.38 345.22 67.11 365.51 0.237236
4 70.99 210.12 92.16 231.66 0.233589
4 689.80 97.33 705.92 108.16 0.223916
4 135.48 113.43 143.54 127.80 0.222253
4 341.58 247.54 390.99 267.30 0.221384
4 231.18 118.02 252.23 130.91 0.220967
4 346.04 283.70 392.47 312.76 0.218021
4 430.53 207.52 479.01 228.36 0.216685
1 46.59 389.62 58.17 411.60 0.203913
6 289.62 45.85 334.03 88.69 0.200566
4 314.27 80.17 335.13 92.38 0.200480
