4 916.27 338.83 1004.33 374.67 0.586948
3 172.09 571.24 216.41 607.40 0.580160
4 933.43 391.92 1007.30 439.42 0.576548
4 196.53 396.72 309.50 442.47 0.526205
5 301.54 231.61 350.62 285.30 0.524973
4 239.88 365.07 335.15 404.71 0.503426
4 254.60 483.42 372.14 543.58 0.503141
4 113.94 277.64 179.89 308.25 0.488282
4 1112.01 502.27 1185.40 563.39 0.485456
5 829.11 199.92 883.05 265.14 0.461594
4 0.33 397.73 105.68 439.33 0.461521
4 75.37 309.19 170.49 342.89 0.451445
4 242.63 265.17 293.90 295.67 0.430275
4 480.91 242.23 516.11 273.92 0.429069
4 654.76 119.78 676.60 135.39 0.425307
9 584.47 120.86 623.42 158.71 0.424344
4 664.04 135.79 697.32 151.68 0.421945
4 260.55 549.29 339.48 634.80 0.418650
4 542.13 243.15 572.99 273.99 0.409080
7 237.96 296.24 288.52 318.58 0.396883
4 0.23 308.73 55.33 342.86 0.393088
4 591.71 243.56 619.21 273.22 0.378066
4 652.82 72.97 663.82 85.75 0.365143
4 1185.58 326.22 1256.92 363.40 0.358338
7 1044.40 327.62 1111.85 365.28 0.352865
4 591.92 222.33 619.71 250.63 0.349689
7 119.96 421.84 191.68 459.66 0.347664
4 555.43 220.25 582.21 248.63 0.341437
3 0.24 457.82 61.45 505.94 0.340902
4 520.30 169.45 546.93 190.68 0.340496
4 789.49 141.36 811.41 159.16 0.338016
4 553.30 203.99 577.74 228.40 0.335769
3 521.54 329.00 552.71 349.10 0.334846
4 341.59 248.70 381.18 285.54 0.333794
4 745.48 93.03 759.32 105.34 0.330143
4 490.42 140.55 529.99 157.35 0.326649
1 334.44 274.98 345.77 304.30 0.309905
4 565.61 176.49 588.15 198.97 0.309505
3 685.74 324.75 729.87 348.63 0.307067
1 977.90 318.47 989.37 341.49 0.305408
4 148.70 638.31 228.31 729.66 0.302715
4 804.53 152.59 819.44 164.47 0.302543
1 906.31 227.43 917.37 252.31 0.302241
4 679.99 102.70 689.47 113.86 0.300579
4 525.45 141.81 563.39 164.12 0.296668
4 599.68 202.49 623.53 229.18 0.291986
4 564.41 190.79 585.96 214.09 0.290834
3 112.72 323.82 146.21 351.94 0.288272
4 827.67 139.48 843.20 158.71 0.283933
1 797.61 206.42 806.70 227.89 0.282852
3 710.24 326.50 730.28 343.68 0.282159
2 892.28 219.72 904.06 244.47 0.281795
4 61.31 288.39 98.57 309.29 0.281572
1 177.92 560.65 196.42 595.91 0.280183
1 712.87 314.45 723.20 336.15 0.277795
7 181.81 334.95 254.48 366.49 0.277303
2 637.13 140.03 645.30 156.88 0.266610
4 774.11 126.88 794.90 142.64 0.266115
4 606.12 167.11 631.76 198.22 0.263452
4 774.30 108.58 799.71 122.28 0.261720
4 605.43 183.03 623.72 204.36 0.260436
2 812.13 196.05 821.31 215.31 0.255897
4 558.36 129.62 575.49 144.75 0.255105
4 862.37 181.82 885.29 205.73 0.254373
2 218.49 270.47 233.48 302.54 0.246689
2 190.93 333.50 209.32 357.91 0.246310
1 529.74 320.93 543.88 345.54 0.241287
2 459.80 224.32 468.91 251.56 0.230247
1 695.79 320.78 706.72 342.57 0.228854
2 433.37 216.01 469.02 268.04 0.228583
4 614.36 42.09 630.52 51.86 0.227223
4 850.16 43.46 872.60 55.30 0.227136
4 540.58 151.98 560.28 166.94 0.223831
4 760.10 123.92 772.05 135.62 0.222959
2 486.14 185.34 496.01 205.21 0.221467
4 474.36 528.87 515.89 562.08 0.221454
2 441.30 243.45 452.50 267.63 0.212546
2 136.55 412.35 155.76 437.87 0.210157
4 695.28 55.58 702.24 63.46 0.208837
4 704.04 41.54 712.93 52.33 0.206944
