4 648.58 52.63 672.88 86.68 0.516731
4 458.10 36.94 482.51 69.53 0.496750
4 613.33 38.77 636.72 72.09 0.485617
4 550.45 34.58 578.04 71.17 0.462987
4 824.95 148.79 856.75 185.33 0.420420
5 734.93 522.29 783.28 606.92 0.391442
4 159.92 472.76 254.75 531.72 0.390517
2 945.40 457.76 964.31 490.59 0.383702
6 678.52 146.55 713.65 198.53 0.381721
4 1102.01 227.70 1149.23 271.12 0.362976
4 1098.66 186.45 1116.53 223.41 0.356792
5 792.33 517.21 842.95 608.24 0.338023
4 812.71 229.58 851.80 285.04 0.334168
3 949.45 471.34 962.63 491.89 0.331269
2 61.16 499.45 82.73 524.49 0.315457
2 506.15 167.77 520.20 192.97 0.309308
6 688.83 541.78 726.35 622.91 0.291446
2 354.04 739.52 372.25 766.98 0.289688
2 499.52 131.80 513.02 156.78 0.286987
4 1200.13 375.15 1252.37 412.12 0.285456
4 101.54 978.75 155.04 1014.85 0.274846
2 339.51 728.04 372.26 770.90 0.265259
4 522.64 44.22 535.49 65.98 0.260320
2 339.96 728.54 356.15 757.35 0.241636
