9 127.96 198.26 355.05 396.42 0.564441
9 0.50 194.93 196.78 453.87 0.553096
4 873.41 247.74 953.19 371.35 0.526682
4 919.47 729.61 1055.97 981.51 0.498725
4 1245.15 151.36 1394.24 208.84 0.495303
4 1295.92 230.79 1399.70 309.64 0.493215
4 927.23 495.32 1043.14 705.39 0.491005
4 1265.71 193.38 1399.40 255.53 0.486026
4 1212.60 239.41 1317.22 358.82 0.481415
4 1127.69 252.62 1220.80 352.03 0.463977
4 776.04 213.77 845.13 354.06 0.462332
5 1128.90 497.65 1281.72 705.65 0.455581
5 951.43 207.34 1043.26 355.79 0.422011
1 442.04 537.52 481.24 618.89 0.415821
4 705.69 713.25 887.37 1019.70 0.411253
7 563.56 523.87 604.12 599.79 0.409833
4 859.11 158.55 926.48 248.46 0.404544
1 1089.60 481.24 1129.60 550.92 0.402089
4 141.98 3.78 230.33 59.21 0.393238
5 1288.99 8.62 1384.79 113.00 0.392618
1 1071.29 447.86 1108.18 507.19 0.391489
4 1176.99 701.34 1399.29 992.49 0.389874
1 987.37 144.98 1011.10 192.40 0.385029
4 1087.23 172.42 1171.00 260.97 0.375921
1 1268.21 126.59 1290.28 160.60 0.361532
4 383.29 209.85 401.55 259.68 0.355591
4 1318.96 705.66 1399.69 911.36 0.352000
3 1022.23 227.41 1053.71 255.26 0.346765
4 1327.26 496.67 1399.81 648.02 0.336367
4 1042.97 240.78 1131.38 359.81 0.334207
5 1228.42 16.86 1295.71 107.54 0.316865
3 1144.75 103.37 1177.11 132.22 0.275459
4 777.47 213.15 834.17 251.88 0.235999
4 142.15 6.61 188.31 46.91 0.232287
