4 1147.50 877.35 1263.00 991.09 0.460898
4 903.73 529.56 952.06 571.57 0.452646
4 856.05 363.87 879.80 384.87 0.450541
4 858.95 398.94 889.05 427.30 0.448850
4 961.29 401.46 989.27 426.78 0.446320
4 1375.06 979.32 1531.54 1079.42 0.438511
4 962.76 447.02 1001.06 482.50 0.435421
4 782.74 268.24 799.15 282.72 0.417928
4 949.22 352.02 975.96 373.60 0.395679
4 914.50 393.94 943.51 418.78 0.384233
4 911.28 377.41 938.07 400.25 0.371441
4 1021.72 597.78 1085.54 650.80 0.358435
4 899.21 360.37 924.45 382.76 0.357802
4 926.26 339.61 945.84 358.02 0.346006
4 883.14 324.71 901.21 345.07 0.330320
4 839.71 284.64 854.08 297.55 0.318052
6 898.73 284.43 928.29 318.37 0.311787
4 955.94 374.20 968.27 390.85 0.310229
4 834.48 271.92 851.20 287.44 0.303060
4 881.29 308.60 900.73 326.13 0.287159
4 866.32 284.77 881.84 300.99 0.275664
4 874.75 297.92 892.52 314.78 0.256320
4 858.39 268.94 873.24 282.54 0.256017
4 910.90 319.63 930.44 333.77 0.254889
4 897.40 339.54 927.09 360.10 0.214211
