2 353.95 832.22 389.74 879.91 0.490010
2 970.01 172.88 989.01 218.23 0.457899
2 903.86 170.19 925.37 213.76 0.436611
2 161.96 408.54 191.18 463.31 0.427400
2 626.49 91.05 646.93 136.71 0.408024
2 772.99 93.32 791.01 132.29 0.401658
2 735.84 91.18 752.73 134.40 0.394205
2 130.28 396.08 165.68 445.84 0.392227
2 542.35 229.15 570.10 283.82 0.377220
2 645.80 108.69 661.11 138.23 0.374116
2 794.45 101.59 808.34 145.00 0.373647
2 51.25 358.13 88.73 419.23 0.372719
2 1336.30 45.33 1359.40 79.09 0.369809
2 399.33 189.41 418.26 231.03 0.352495
2 80.25 367.38 120.68 429.58 0.343883
2 399.25 85.45 417.50 122.70 0.328542
2 331.81 17.20 347.88 59.36 0.310942
2 1311.59 108.27 1350.26 160.01 0.305562
2 414.77 225.47 446.25 282.60 0.294702
2 377.38 188.13 395.32 221.38 0.271256
2 1298.33 14.95 1324.34 53.81 0.264468
2 923.71 40.42 946.32 73.80 0.247529
2 371.53 295.74 399.96 351.29 0.244362
2 369.99 234.99 398.39 278.94 0.224698
2 0.24 928.42 60.64 972.56 0.214972
