4 139.93 24.92 207.66 95.93 0.438143
2 583.44 502.77 600.96 537.59 0.429876
2 714.18 244.09 726.48 273.22 0.412979
2 818.70 482.77 832.21 511.38 0.400914
2 825.02 672.15 840.25 703.89 0.398434
4 0.07 162.24 49.75 251.88 0.391794
2 506.39 596.39 518.75 622.80 0.386368
2 684.60 202.95 701.15 225.97 0.361095
6 71.19 107.66 233.23 336.59 0.345909
2 679.97 152.22 694.94 172.53 0.344255
2 395.53 98.44 407.58 123.87 0.333227
2 756.87 771.70 773.11 787.46 0.328262
2 674.96 33.66 694.09 56.11 0.324211
2 741.91 770.77 759.05 787.88 0.318561
2 678.08 116.51 696.60 147.76 0.312834
4 71.69 242.16 185.61 336.23 0.305772
2 433.29 167.67 445.38 189.74 0.304651
2 616.75 22.41 635.20 41.80 0.303978
2 593.17 0.04 603.07 13.35 0.296179
2 636.67 23.75 650.56 43.22 0.283378
2 604.03 169.80 616.87 184.20 0.275833
2 669.70 2.08 682.18 23.10 0.263497
2 304.76 328.19 316.89 355.72 0.258517
2 583.89 169.49 620.12 198.72 0.239849
2 416.65 48.01 428.70 74.87 0.218319
2 851.37 670.47 860.66 695.12 0.204245
