3 553.52 251.94 577.77 293.21 0.568036
4 799.27 577.44 1033.53 764.30 0.541965
3 532.60 321.40 557.90 369.40 0.541588
4 738.52 78.32 783.01 122.36 0.524133
3 3.08 328.60 90.79 369.86 0.514844
4 822.77 228.75 894.67 300.72 0.511755
1 1333.76 295.82 1359.76 355.28 0.492354
4 778.55 153.57 838.26 211.18 0.486063
4 587.25 384.08 679.95 522.74 0.482978
4 640.46 170.08 702.78 243.56 0.480990
2 453.83 328.38 474.95 399.59 0.479446
3 458.44 282.54 488.24 326.75 0.465266
2 1319.00 443.31 1353.97 480.06 0.458703
2 929.16 236.50 947.50 289.02 0.458001
2 398.84 277.77 425.41 356.46 0.448249
4 831.74 312.76 936.69 414.04 0.443461
5 512.24 97.03 570.86 179.12 0.439625
4 738.25 12.14 779.71 52.05 0.435734
1 38.03 382.70 82.63 449.75 0.422434
3 602.84 71.98 615.68 97.09 0.414798
4 866.81 12.44 902.15 42.99 0.409478
2 602.61 58.24 616.56 88.55 0.408441
2 1107.71 400.52 1135.28 460.43 0.404294
2 951.21 181.53 968.19 218.89 0.391670
4 595.76 267.88 670.07 367.40 0.388145
4 607.62 0.64 627.16 26.45 0.384740
4 728.78 0.00 759.42 10.87 0.379009
4 673.26 0.00 701.58 7.55 0.361270
4 824.38 0.00 866.29 17.13 0.361197
4 331.97 219.17 428.39 275.16 0.354024
2 1119.31 426.66 1156.05 493.94 0.328059
4 856.45 155.65 883.22 210.31 0.326805
3 1004.01 210.30 1025.98 244.30 0.325479
2 991.63 131.84 1007.70 171.47 0.316954
5 915.06 155.25 948.93 212.89 0.312272
2 937.48 131.72 950.16 157.51 0.300331
3 974.50 209.58 999.45 240.75 0.299829
3 929.38 183.29 952.59 225.56 0.293458
2 978.69 136.14 989.97 171.84 0.288861
7 566.09 39.35 589.82 71.16 0.283317
2 789.69 1.26 801.20 29.84 0.282660
2 1033.15 58.63 1051.07 95.58 0.240198
2 542.13 296.31 558.90 354.45 0.237326
4 1127.94 0.00 1172.90 23.63 0.233835
4 311.47 209.03 402.41 252.25 0.233385
2 69.93 233.61 92.58 272.96 0.231943
9 972.69 169.96 1019.16 201.16 0.223827
4 278.91 240.64 338.44 292.17 0.219792
9 1057.40 157.11 1089.37 214.91 0.218353
4 942.72 172.27 976.02 200.63 0.217207
2 962.30 131.34 974.61 164.17 0.212516
4 990.31 0.32 1011.83 19.85 0.205592
9 1004.74 94.01 1122.09 213.44 0.203230
