4 445.45 216.40 480.40 260.22 0.466133
4 586.37 373.55 645.14 424.52 0.455698
4 687.96 354.79 747.65 404.37 0.446413
4 425.88 101.68 455.80 150.89 0.434741
4 431.78 162.76 461.40 208.30 0.432164
4 688.90 402.20 748.06 451.17 0.429025
4 623.65 354.91 671.83 399.70 0.424652
4 641.05 428.67 707.13 480.23 0.417448
4 190.78 556.52 264.12 587.22 0.393050
4 184.99 613.12 255.91 651.63 0.387902
4 1156.94 652.28 1237.77 718.77 0.385494
4 757.16 395.35 823.51 454.70 0.384757
5 1081.91 649.98 1170.62 726.86 0.380485
4 185.88 583.99 259.49 617.55 0.380156
5 924.97 498.26 996.52 561.75 0.380072
4 1203.32 726.90 1275.62 786.84 0.378388
4 128.72 646.80 207.55 680.91 0.377493
4 110.54 680.72 192.74 716.89 0.374137
4 975.78 640.95 1055.74 710.30 0.372434
4 87.79 714.59 180.51 751.23 0.366882
4 729.39 470.21 799.34 534.24 0.364577
4 510.84 507.34 544.13 573.43 0.361955
5 1007.29 547.02 1086.54 616.71 0.353771
4 194.71 667.38 240.47 731.38 0.350996
4 81.07 751.60 167.05 787.31 0.349000
4 894.02 582.01 970.16 647.25 0.348317
4 558.60 298.94 615.30 354.75 0.345529
4 964.39 573.75 1048.32 644.75 0.345169
4 814.18 533.41 878.09 581.41 0.343676
4 750.57 536.01 830.66 607.21 0.338782
4 465.69 503.34 503.44 575.73 0.329097
4 172.08 736.00 223.18 787.26 0.324668
5 470.73 251.79 591.48 379.78 0.317607
6 751.03 437.63 847.10 514.86 0.307813
4 0.81 135.53 28.98 161.70 0.296994
4 1301.33 744.03 1372.69 787.36 0.289254
5 854.55 500.20 925.43 566.04 0.279706
4 853.61 560.98 886.66 594.63 0.278329
4 0.12 140.58 18.46 173.03 0.276969
6 682.54 172.70 773.03 312.09 0.248176
4 550.77 512.43 576.35 561.24 0.212315
