4 951.95 456.33 985.18 492.44 0.548289
4 844.52 484.70 917.27 526.94 0.462719
4 935.17 418.47 967.42 454.71 0.454496
4 978.28 422.11 1011.62 451.82 0.435971
1 1082.39 1143.28 1121.61 1217.22 0.435324
4 906.36 294.06 925.77 312.28 0.418016
4 896.20 447.11 919.12 469.97 0.408939
4 976.57 384.79 1003.65 411.42 0.391596
1 1648.35 1399.93 1694.41 1477.07 0.390260
4 823.98 318.57 844.45 341.64 0.362194
2 1070.09 636.94 1090.26 677.80 0.357775
1 934.06 1090.72 958.74 1153.49 0.354303
5 1294.24 1046.41 1445.57 1229.41 0.354071
2 1572.67 1365.80 1619.29 1437.83 0.353539
4 885.60 236.25 902.67 252.63 0.348525
4 954.79 322.44 979.78 344.46 0.342771
4 895.39 410.59 920.23 445.01 0.341715
4 914.22 232.99 929.37 249.77 0.320678
2 1289.76 1457.48 1333.35 1498.91 0.314554
4 1012.70 411.77 1032.24 430.96 0.307242
2 1002.13 634.61 1019.78 677.83 0.303621
4 826.86 450.57 858.18 491.50 0.303512
5 826.78 566.30 910.94 619.62 0.301269
4 833.64 339.36 870.23 368.77 0.301160
4 822.52 399.75 841.19 421.13 0.300933
4 1019.26 434.97 1046.33 454.76 0.299791
2 1165.83 872.86 1186.44 924.64 0.298855
3 1099.52 588.68 1125.12 624.61 0.296770
5 1139.57 687.51 1208.87 774.41 0.295227
2 1592.93 1336.39 1638.51 1400.59 0.293040
7 776.07 1036.40 925.55 1426.34 0.290062
2 963.47 634.32 980.95 678.92 0.277135
2 1010.19 707.54 1027.37 750.71 0.271361
4 1072.36 499.27 1093.74 520.92 0.269618
7 1285.37 980.28 1349.63 1041.06 0.261338
3 1183.97 858.38 1210.45 898.44 0.261168
4 1020.09 441.53 1055.11 478.13 0.254147
6 1059.06 534.04 1121.03 613.12 0.244098
4 748.07 287.22 766.71 302.04 0.240700
4 834.48 292.22 853.25 310.74 0.235102
7 945.28 727.11 1012.14 820.81 0.233389
6 1068.71 534.34 1102.34 583.82 0.229064
4 1029.63 480.63 1072.25 523.29 0.220657
2 1027.43 898.40 1049.44 955.19 0.220593
6 794.20 280.51 825.68 308.63 0.217705
2 470.74 1379.92 505.04 1422.76 0.215800
2 982.72 645.68 1001.31 683.57 0.206620
4 1030.04 479.90 1058.43 506.15 0.203377
2 1022.84 873.85 1043.46 908.82 0.200462
