4 713.93 815.05 778.08 839.87 0.545496
4 934.53 886.05 1007.24 921.91 0.544679
4 1069.71 1004.11 1164.30 1065.84 0.542794
4 524.84 815.48 581.93 839.44 0.539404
4 825.83 865.78 910.26 899.15 0.537008
4 975.53 839.70 1049.52 872.08 0.529816
4 748.17 867.86 825.52 906.72 0.526278
4 1177.20 846.83 1258.39 873.52 0.501877
6 1141.24 786.48 1273.47 837.88 0.500816
4 1076.07 862.81 1167.83 906.57 0.496318
5 1233.47 1206.86 1407.70 1318.30 0.495928
5 1616.00 1189.08 1803.24 1293.66 0.493223
4 1865.67 1361.24 1999.50 1499.13 0.489808
5 1317.68 1250.20 1527.85 1327.04 0.459165
4 1045.31 915.51 1099.48 967.15 0.440785
5 1868.20 1210.92 1999.62 1304.65 0.435184
4 1047.89 882.21 1087.94 919.44 0.418159
5 1791.51 1277.14 1999.34 1406.48 0.418115
5 1128.82 1202.59 1214.50 1339.92 0.410264
4 797.99 958.02 916.40 1007.99 0.408085
5 1077.53 1054.99 1148.27 1142.60 0.389686
4 1246.80 867.78 1344.41 906.89 0.382058
1 979.22 1235.25 1014.00 1321.74 0.378102
1 1231.89 1133.74 1263.60 1199.23 0.369300
4 698.10 880.29 717.42 903.22 0.368106
1 1021.26 1176.28 1053.74 1253.66 0.364091
1 1401.32 1142.80 1429.46 1196.77 0.360460
4 1071.63 941.45 1121.92 1003.50 0.357477
1 1793.18 1221.94 1825.81 1279.18 0.350744
1 1069.29 1191.80 1102.38 1268.78 0.347752
1 994.71 1077.66 1021.80 1140.83 0.345150
1 990.52 1031.13 1013.72 1080.56 0.332707
1 984.12 1171.44 1013.95 1243.31 0.331791
1 1344.29 1158.74 1368.97 1209.48 0.329482
4 1162.72 865.88 1245.41 905.07 0.326065
4 772.17 985.89 893.12 1032.49 0.323270
3 1020.53 950.24 1037.02 977.62 0.296664
6 832.95 800.41 872.82 849.58 0.289472
5 763.49 1101.05 907.82 1176.20 0.288086
4 1304.13 867.82 1346.71 888.80 0.287997
4 1115.80 862.59 1166.33 883.44 0.286188
7 1606.14 1281.68 1686.86 1372.73 0.279433
3 1260.91 1149.85 1284.86 1209.26 0.270881
6 832.39 800.17 936.14 852.14 0.258082
2 981.14 1063.50 1000.73 1131.04 0.256093
1 929.63 1115.73 957.65 1181.72 0.253830
1 1003.63 1130.32 1027.95 1188.38 0.249239
4 342.24 746.52 376.89 761.92 0.237002
4 658.11 751.90 698.96 769.35 0.228194
7 905.31 1268.23 969.42 1359.14 0.224416
2 1267.53 1098.57 1297.38 1159.00 0.217388
9 845.87 888.06 939.67 933.44 0.214024
6 1187.36 917.99 1309.99 996.26 0.202908
