4 641.74 595.96 665.26 648.19 0.414608
4 796.61 66.78 841.54 101.07 0.377257
4 1326.93 297.95 1354.89 347.98 0.368566
4 668.08 0.38 686.40 22.77 0.368217
4 458.02 390.37 482.61 440.84 0.355111
4 530.29 624.88 555.68 684.23 0.355066
4 551.54 337.70 575.22 377.64 0.348758
4 794.11 203.96 829.66 254.02 0.347092
4 1189.68 290.41 1217.16 339.91 0.341755
4 1250.92 295.74 1277.16 342.76 0.336580
4 454.61 269.19 502.14 311.60 0.335809
4 836.40 332.74 862.05 382.05 0.335290
4 1058.19 162.45 1083.02 192.41 0.328657
4 461.37 315.56 491.29 357.50 0.326568
4 795.01 31.19 834.83 65.11 0.305463
4 452.68 546.52 487.94 602.83 0.300485
4 1055.75 210.04 1090.09 263.50 0.296323
4 1282.59 418.42 1332.87 453.33 0.280432
4 1223.75 295.29 1250.24 341.98 0.279144
4 793.43 262.17 833.69 303.93 0.261997
2 562.14 510.09 572.66 531.04 0.261922
4 830.13 725.78 852.81 764.49 0.256473
4 786.93 335.54 811.11 386.28 0.235331
5 483.65 676.41 530.64 725.42 0.234122
4 1210.74 421.03 1261.19 455.62 0.234108
2 758.28 419.34 768.18 440.75 0.230127
4 1253.35 735.34 1308.61 759.10 0.222541
5 475.85 105.97 497.73 152.24 0.221135
4 473.33 8.52 510.77 47.90 0.207823
4 0.04 122.74 17.43 174.06 0.202015
