4 159.39 543.21 275.73 589.73 0.614539
4 327.92 498.17 433.36 544.91 0.610834
4 1777.30 569.63 1889.80 611.04 0.606409
4 533.27 441.99 619.50 482.03 0.599482
4 1450.39 488.64 1533.70 530.66 0.589466
4 707.13 403.61 787.28 443.39 0.582733
4 1210.95 422.61 1291.09 456.02 0.581134
4 1665.52 549.64 1757.88 594.35 0.571944
4 621.03 418.83 696.21 461.07 0.535927
4 1535.34 519.18 1639.10 564.67 0.516906
4 45.25 522.47 148.59 563.13 0.504380
4 850.24 293.57 881.40 322.83 0.503989
4 828.81 313.55 860.56 346.16 0.479779
4 0.16 525.48 38.34 559.22 0.464968
4 1456.50 759.51 1529.05 829.32 0.452047
4 569.42 1122.18 707.01 1267.46 0.446175
4 1286.55 430.41 1369.82 476.15 0.406700
4 826.54 910.96 977.19 991.33 0.404146
1 1308.86 974.44 1337.06 1026.81 0.388238
4 1742.60 820.74 1795.15 871.04 0.334059
4 331.25 1003.79 448.29 1117.63 0.324324
1 1820.19 1050.29 1852.77 1102.44 0.317361
4 142.66 872.43 256.40 921.39 0.234345
4 133.34 845.52 188.79 879.28 0.211745
2 714.33 1320.21 738.96 1391.88 0.209444
9 658.39 369.04 727.76 420.51 0.205581
