4 92.91 386.98 167.36 427.42 0.537222
4 276.61 510.97 364.02 539.84 0.520243
4 95.89 451.22 178.87 501.30 0.487001
4 112.61 520.36 183.35 539.54 0.462959
9 390.80 283.42 431.85 321.66 0.454610
4 194.34 356.65 255.11 399.21 0.443493
4 240.18 427.78 296.20 484.36 0.436389
2 274.62 267.05 676.89 515.01 0.410071
1 168.19 392.80 182.54 416.22 0.405605
4 631.47 222.07 668.67 242.50 0.383406
4 709.57 238.45 760.52 264.74 0.374828
4 76.92 489.46 167.87 539.44 0.361389
4 647.39 262.01 705.80 292.70 0.345284
5 730.32 153.26 767.57 178.80 0.315759
4 679.44 248.89 729.53 279.93 0.314116
4 31.17 321.23 60.67 343.45 0.302405
6 80.80 333.85 125.43 373.53 0.293433
3 370.80 477.99 384.82 512.86 0.268162
3 74.80 367.45 98.19 391.55 0.267859
2 1.31 103.59 222.27 433.46 0.264209
1 36.10 405.66 48.46 430.98 0.259292
6 715.33 182.02 738.56 201.16 0.256609
4 176.69 292.39 195.78 306.96 0.243882
2 739.73 55.97 959.08 198.82 0.243475
3 372.79 449.51 394.90 472.12 0.231675
2 1.60 49.07 958.69 538.41 0.218317
1 231.70 417.31 242.60 442.51 0.215572
4 63.38 295.37 92.17 314.94 0.202756
