4 344.53 178.12 396.17 212.46 0.493736
4 515.46 90.49 546.78 146.85 0.475355
4 607.34 95.91 635.04 145.27 0.466755
4 346.29 83.56 411.33 116.05 0.464622
4 632.98 356.82 707.82 393.33 0.448699
4 639.17 252.96 708.17 285.18 0.444187
4 637.69 289.08 706.43 322.21 0.435090
4 760.95 290.68 836.19 324.45 0.434510
4 808.18 554.00 890.73 592.81 0.432943
4 739.93 0.02 798.09 13.30 0.432094
4 683.11 218.09 751.18 250.05 0.431401
4 792.08 356.36 870.16 392.13 0.429717
4 640.66 322.65 712.30 354.99 0.427559
4 788.85 323.81 860.88 356.97 0.427516
4 792.74 260.84 869.33 297.66 0.425875
4 787.62 398.03 872.10 435.93 0.425373
4 684.69 160.26 754.23 190.08 0.423465
4 503.81 0.21 527.76 18.66 0.421811
4 786.39 228.51 858.28 263.09 0.421497
4 783.42 435.97 863.96 472.00 0.419400
4 685.30 186.58 749.43 218.31 0.418768
4 786.96 201.76 858.44 233.74 0.414125
4 784.05 472.44 871.05 509.79 0.412740
4 789.65 518.66 874.21 555.85 0.411606
4 697.61 71.86 762.65 102.91 0.397669
4 693.41 98.22 760.47 128.38 0.395851
4 817.80 694.81 909.15 734.00 0.392778
4 385.59 42.57 423.85 71.34 0.391322
4 395.95 0.00 457.56 20.04 0.388957
1 905.96 194.80 916.43 215.76 0.378526
4 705.53 120.37 759.68 155.50 0.366979
1 917.02 312.57 929.20 334.98 0.363749
1 884.21 204.03 895.32 223.77 0.363401
1 918.48 201.02 927.85 218.92 0.360553
1 678.29 38.61 689.21 59.56 0.359713
4 393.27 13.95 431.21 43.57 0.357118
1 726.87 465.63 737.99 488.18 0.357066
1 711.96 461.42 723.34 486.23 0.354427
4 839.68 777.11 921.77 787.90 0.349614
1 881.72 469.90 894.05 491.53 0.348072
4 806.88 635.45 904.95 677.14 0.347846
4 693.23 40.60 752.36 73.33 0.344815
5 840.00 63.94 871.79 124.30 0.342379
1 814.78 36.90 824.57 68.43 0.341925
4 816.26 736.26 892.65 773.16 0.339350
4 238.64 510.36 288.13 592.98 0.334775
4 769.89 60.40 799.66 118.46 0.308906
4 544.16 499.80 579.43 582.99 0.308129
2 931.71 515.02 946.04 547.01 0.304094
2 949.97 146.80 964.39 169.39 0.293639
4 941.57 1.07 974.22 24.61 0.288028
1 962.41 566.73 973.97 584.69 0.287546
1 950.56 506.66 965.78 526.44 0.284578
2 916.55 137.22 925.98 160.21 0.272210
3 1256.59 68.87 1299.96 92.95 0.270456
1 936.72 355.86 950.41 375.24 0.269793
2 929.74 105.10 942.09 125.71 0.248183
5 805.59 70.27 835.98 124.80 0.242777
4 913.11 0.16 932.54 12.94 0.236873
2 801.97 105.31 811.77 124.71 0.227586
2 981.05 737.55 995.71 754.11 0.212969
2 1120.77 0.20 1138.40 35.05 0.204713
7 995.87 32.31 1028.30 53.41 0.202672
2 648.00 0.00 662.59 8.08 0.200165
