4 368.57 276.78 418.30 296.37 0.541792
5 290.10 217.80 330.44 237.46 0.520249
4 183.87 226.30 226.40 243.12 0.515475
4 896.89 265.19 949.33 284.23 0.512075
4 238.63 222.64 280.01 239.71 0.504672
4 112.75 227.44 155.55 245.95 0.498149
4 208.79 303.28 264.80 326.63 0.496350
4 496.59 268.62 537.84 287.96 0.491469
4 341.03 218.63 381.63 235.30 0.472870
4 748.70 203.74 786.37 218.79 0.472769
4 610.24 206.12 647.93 223.69 0.464599
4 605.54 277.24 652.77 298.76 0.464417
4 437.23 216.09 474.62 232.21 0.459602
4 2.84 232.41 50.78 252.64 0.451265
4 808.32 200.34 844.03 216.39 0.442754
4 383.06 219.00 417.69 233.53 0.441440
4 706.10 205.89 741.60 219.28 0.440584
4 850.13 201.84 884.08 215.03 0.440261
4 658.84 208.03 696.48 221.65 0.438262
4 894.23 197.95 930.91 214.55 0.425217
4 489.85 211.42 525.05 228.01 0.420976
4 651.36 273.88 699.55 296.49 0.404839
4 940.69 200.65 959.57 213.30 0.399751
4 539.97 211.60 573.05 226.95 0.385723
4 540.63 204.15 572.21 216.43 0.375242
1 58.13 299.88 67.52 319.10 0.312689
1 789.17 251.36 800.47 267.82 0.223716
