4 654.94 259.98 734.29 299.68 0.505232
4 1302.07 695.97 1359.81 764.44 0.394880
5 539.37 360.04 654.27 438.36 0.378595
5 1159.25 685.92 1300.97 764.57 0.377199
6 144.58 254.70 229.23 314.54 0.340468
4 654.02 324.21 705.44 351.23 0.322063
6 322.52 428.27 442.43 522.27 0.316106
6 1213.22 237.88 1316.83 318.02 0.309417
6 1246.19 295.60 1359.54 385.57 0.303372
5 675.14 341.73 743.68 401.69 0.294004
5 710.74 324.21 783.88 383.88 0.273451
5 769.81 313.51 835.70 372.10 0.270932
6 1246.06 416.48 1359.59 510.36 0.270767
5 1036.38 661.40 1151.37 764.48 0.268198
6 1105.98 371.94 1223.71 452.23 0.263629
6 1173.63 391.42 1299.16 474.52 0.260420
6 817.09 409.89 952.21 499.05 0.259684
6 913.50 648.45 1062.69 764.42 0.253633
6 546.52 309.38 620.39 343.45 0.251628
6 1158.14 144.80 1263.83 203.10 0.251366
6 817.06 333.83 1156.04 499.98 0.247849
6 1012.59 153.25 1114.69 213.97 0.241901
6 592.46 599.72 761.50 764.60 0.240740
6 755.05 626.97 879.79 764.35 0.240403
6 856.45 206.19 936.66 253.74 0.239673
6 1287.21 251.70 1359.72 311.01 0.237422
6 434.28 575.58 639.13 764.46 0.234957
6 1045.33 340.99 1155.89 417.46 0.223637
2 236.49 273.67 276.07 302.10 0.214010
6 325.26 556.36 512.30 757.29 0.208961
5 587.48 352.40 695.51 421.44 0.207162
5 1324.48 483.62 1359.76 540.14 0.207062
5 811.57 303.17 873.71 360.14 0.204709
