4 638.54 108.69 658.11 142.48 0.445842
4 649.86 146.88 673.39 185.10 0.430723
4 530.62 693.60 586.53 722.72 0.410055
4 676.48 454.15 734.02 479.88 0.401467
4 672.53 574.00 729.62 600.96 0.400566
4 558.34 637.20 596.12 664.95 0.395786
5 671.66 607.29 737.44 639.76 0.379020
4 533.02 663.63 593.29 692.51 0.374789
4 670.88 548.25 728.41 578.54 0.368504
4 515.19 728.01 578.25 755.80 0.358049
4 672.03 521.66 728.69 548.40 0.357239
4 542.55 484.57 602.06 513.72 0.351642
4 517.10 767.42 580.17 787.67 0.350231
4 688.36 644.44 732.22 670.92 0.345853
4 557.44 534.76 604.67 560.94 0.344170
4 676.24 495.91 730.88 523.45 0.337104
4 659.49 295.37 682.44 334.33 0.333050
4 1348.17 698.78 1377.72 717.37 0.319848
4 39.73 750.71 105.06 786.14 0.315217
4 560.23 559.13 600.53 585.06 0.313598
4 464.64 1.55 503.56 24.95 0.305830
4 572.10 270.72 617.09 303.04 0.282895
4 568.85 343.32 625.79 384.21 0.275140
4 451.96 13.32 498.29 46.45 0.271335
4 586.90 382.45 611.55 404.74 0.252010
4 690.85 734.34 754.66 783.18 0.240085
4 574.17 422.84 613.84 447.64 0.221065
4 558.93 442.86 610.43 469.88 0.214854
5 668.79 348.62 689.71 390.98 0.208625
4 796.85 514.79 854.42 539.54 0.207548
