4 10.05 408.96 154.23 529.38 0.565340
4 831.78 10.03 888.41 34.59 0.385191
4 814.21 157.33 903.27 201.04 0.380884
6 881.66 248.59 1069.79 360.97 0.362040
6 1286.67 282.08 1359.70 391.12 0.331905
4 845.16 28.19 906.59 63.29 0.320996
6 531.72 28.45 624.82 93.11 0.314918
6 1207.76 435.95 1359.51 633.66 0.295773
4 860.21 0.48 903.87 22.44 0.283942
6 845.88 182.26 894.55 263.90 0.281734
6 1100.47 439.16 1225.90 596.46 0.273727
7 1116.53 239.77 1240.79 390.30 0.272023
5 241.02 671.96 394.93 764.32 0.267128
5 222.59 511.40 470.97 617.24 0.266685
6 413.36 82.45 546.83 163.71 0.256790
6 267.15 82.48 548.42 292.96 0.251381
5 286.57 586.17 420.57 691.02 0.246690
6 670.69 399.32 938.75 764.25 0.242203
6 911.58 421.42 1003.94 563.78 0.239753
4 534.81 46.40 565.76 67.41 0.235680
6 668.88 647.22 938.99 764.29 0.234947
6 1004.04 427.48 1104.80 571.26 0.234814
6 267.84 210.46 419.77 293.05 0.222286
6 88.08 96.98 685.21 763.25 0.220367
5 381.96 457.53 500.70 549.35 0.213298
6 813.20 406.16 899.94 544.19 0.208331
