2 349.10 889.21 397.25 946.61 0.473194
2 678.50 321.30 696.44 367.36 0.453023
2 1354.97 406.78 1391.67 452.68 0.426836
2 414.30 488.11 435.42 534.15 0.414902
2 887.70 501.18 920.09 550.11 0.401356
2 807.84 537.32 830.64 581.54 0.396366
2 1211.22 423.95 1245.11 471.77 0.396318
2 937.46 246.76 958.41 286.05 0.390203
2 646.85 508.00 667.07 550.56 0.386840
2 986.19 291.59 1004.57 332.63 0.381378
2 94.69 589.79 130.44 640.04 0.381197
2 633.56 540.57 656.54 591.53 0.379005
2 269.93 247.98 291.18 289.22 0.377569
2 961.80 461.74 988.27 509.07 0.377301
2 996.07 208.97 1011.89 246.72 0.375429
2 742.77 475.34 761.92 516.76 0.371724
2 207.39 498.77 234.45 549.04 0.367314
2 772.59 498.38 799.48 541.52 0.362280
2 1146.10 291.60 1165.57 340.21 0.357061
2 503.29 535.50 531.58 577.40 0.347157
2 351.19 646.50 392.61 695.51 0.347022
2 312.67 478.97 334.93 526.02 0.334546
2 1115.94 403.05 1144.32 448.84 0.315257
2 0.18 621.68 41.61 671.16 0.303685
2 1099.69 387.63 1128.58 431.95 0.300506
2 1067.09 421.94 1101.47 469.16 0.300466
2 1158.11 440.22 1184.21 489.04 0.299119
4 844.02 193.99 896.89 220.66 0.281804
2 27.44 633.03 75.93 687.51 0.275900
2 313.30 597.61 337.98 636.84 0.257542
2 315.51 629.31 352.21 678.60 0.256453
2 517.62 346.70 541.55 385.03 0.246661
2 180.08 660.27 206.61 711.92 0.229753
3 119.15 285.06 169.54 348.94 0.226105
2 462.28 569.88 488.15 620.09 0.221787
2 1098.33 427.57 1118.98 483.24 0.217704
