4 570.71 616.37 605.57 653.97 0.496976
4 496.24 311.61 520.98 330.39 0.471698
4 680.61 382.76 707.96 407.65 0.459298
4 287.33 184.47 304.67 198.23 0.455349
4 788.23 288.83 810.76 305.77 0.439205
4 389.98 730.59 431.59 772.83 0.424280
4 808.52 448.87 838.97 473.30 0.401819
4 1064.81 47.39 1084.21 65.20 0.401626
4 862.56 404.69 882.48 426.25 0.399452
4 888.21 164.09 905.46 177.79 0.398470
4 310.14 180.43 326.55 194.81 0.391745
4 205.69 211.78 229.29 229.41 0.390005
4 1237.35 35.14 1253.63 45.31 0.384227
4 1153.44 15.99 1168.60 25.43 0.377518
4 835.27 424.94 863.58 452.64 0.374587
9 945.15 624.35 1007.80 664.33 0.369656
4 114.13 191.27 136.63 204.22 0.363740
4 352.70 119.52 370.54 130.34 0.357302
4 127.24 360.73 169.71 400.57 0.337543
4 828.68 173.42 850.05 192.27 0.329283
6 1032.66 647.56 1096.63 686.72 0.327616
4 236.57 204.04 269.79 229.54 0.323423
4 1344.97 284.32 1369.23 302.18 0.322369
4 280.42 265.61 299.19 281.55 0.319334
4 1064.74 70.75 1077.17 80.66 0.305834
4 1361.70 13.55 1379.61 22.91 0.305455
4 926.76 99.77 951.25 113.78 0.300921
4 354.54 150.41 368.61 163.42 0.290238
4 545.42 328.60 583.62 359.22 0.287284
4 892.95 132.13 910.65 145.67 0.285251
4 0.15 334.86 23.47 357.37 0.282832
4 957.48 303.50 974.18 316.73 0.282440
5 655.32 332.59 704.65 361.73 0.279098
6 828.02 389.78 865.53 430.99 0.278918
5 881.60 193.45 910.35 221.70 0.272927
4 42.06 288.13 61.16 301.32 0.268843
4 159.45 319.98 193.03 339.10 0.268278
4 331.79 293.78 347.77 303.92 0.267986
4 866.39 149.03 885.83 164.86 0.267357
4 988.60 55.04 1008.33 70.29 0.265249
4 185.89 305.37 219.70 325.72 0.264683
3 939.13 288.28 962.93 310.23 0.262172
4 854.41 204.41 869.25 217.83 0.259715
4 1089.19 24.75 1102.49 35.92 0.245405
4 39.07 184.79 61.83 198.43 0.240865
4 395.66 113.83 412.07 127.34 0.235882
4 914.00 167.59 924.53 176.81 0.221760
4 69.29 198.04 89.94 209.91 0.217077
9 356.60 134.25 399.56 172.47 0.213022
4 888.12 615.57 906.27 630.42 0.210710
9 308.06 265.19 347.21 290.70 0.210372
4 1280.76 41.14 1298.99 52.67 0.210325
4 884.71 140.15 898.70 152.49 0.205785
4 910.45 118.12 933.02 130.47 0.203782
4 858.64 602.97 886.70 620.50 0.203471
4 948.23 119.51 960.04 128.78 0.201275
