4 710.45 739.90 730.49 773.40 0.413556
4 701.18 694.44 723.96 729.61 0.400147
4 645.78 810.23 671.09 859.38 0.372629
4 617.89 486.71 635.51 506.65 0.349889
4 643.51 766.40 666.25 807.36 0.347762
4 673.90 1016.78 701.71 1048.88 0.342184
4 726.43 871.57 756.71 930.38 0.339962
4 736.22 941.69 769.02 1010.28 0.338322
4 642.69 573.81 658.65 601.12 0.333722
5 610.96 693.98 651.34 722.68 0.325909
4 621.60 429.23 633.93 448.36 0.315786
4 661.04 476.35 673.16 492.03 0.315593
4 719.60 828.23 745.26 870.22 0.309934
4 625.84 536.95 639.24 559.79 0.301409
4 621.81 394.63 632.77 413.33 0.291801
4 664.78 537.56 682.60 558.18 0.279741
4 690.16 618.47 723.49 642.64 0.264873
4 589.81 583.45 614.06 606.49 0.256944
4 622.98 358.25 634.19 378.05 0.240955
4 639.08 953.92 665.82 1005.78 0.237261
4 587.87 602.94 624.64 624.00 0.221843
4 595.10 669.25 630.26 689.37 0.220581
4 672.61 573.04 692.20 592.87 0.215248
4 644.53 415.43 661.36 427.30 0.209834
4 694.14 576.52 722.87 599.70 0.207329
4 599.18 542.08 619.39 554.96 0.206147
4 591.52 561.07 620.60 580.21 0.204671
