4 292.72 1265.01 360.11 1353.49 0.546135
4 798.86 478.10 822.29 499.61 0.532989
4 884.36 529.74 912.43 552.22 0.521323
4 843.57 551.69 867.61 575.11 0.517521
4 438.56 1066.54 488.58 1134.48 0.505697
4 565.80 830.18 629.56 859.78 0.504320
4 845.50 373.38 864.12 393.31 0.494678
4 899.40 678.64 927.24 705.11 0.489866
4 751.25 876.12 800.58 907.16 0.488549
4 1840.48 1139.37 1955.39 1188.67 0.488283
4 743.36 719.11 776.94 749.14 0.484749
4 114.92 1239.36 178.28 1299.43 0.484499
4 645.59 780.90 683.59 821.97 0.482088
4 836.49 418.62 857.18 436.96 0.481832
4 1531.00 1081.67 1566.83 1121.10 0.478782
4 1608.77 1087.04 1650.07 1138.05 0.474562
4 1827.97 1287.38 1895.29 1366.58 0.469818
4 1635.33 1202.03 1689.39 1267.24 0.467732
4 874.85 356.37 893.46 373.86 0.466368
4 1786.59 1209.69 1848.74 1282.30 0.463811
4 808.44 734.51 850.88 765.87 0.461672
4 1827.46 1211.54 1897.23 1280.97 0.457529
4 229.15 1071.14 298.18 1143.57 0.444935
4 1737.92 1213.69 1798.84 1278.51 0.441765
4 924.05 371.26 944.33 386.77 0.440209
4 757.05 429.29 779.64 449.53 0.438590
4 1577.60 1195.16 1634.87 1265.29 0.437903
4 1682.89 1204.38 1745.39 1277.88 0.426266
4 645.81 569.18 674.57 595.13 0.420038
4 662.06 1470.11 724.79 1499.92 0.418404
4 951.97 314.76 970.47 331.86 0.417920
4 323.39 963.51 382.07 1023.19 0.411136
4 1478.31 1194.37 1533.28 1264.10 0.410191
4 1662.77 1277.75 1733.49 1344.90 0.408081
4 1525.58 1193.00 1584.10 1265.30 0.404128
4 704.98 576.39 720.27 598.27 0.398752
4 1609.75 1271.25 1670.18 1338.58 0.398411
4 673.06 534.83 698.27 557.27 0.397160
4 1478.50 1071.32 1519.34 1131.30 0.392796
4 616.91 615.78 639.56 640.23 0.392429
4 1428.86 1191.95 1478.01 1254.55 0.392153
4 710.94 491.24 729.02 511.42 0.389171
4 1929.80 1274.16 1999.54 1381.32 0.387504
4 63.13 1357.40 103.43 1409.78 0.387366
4 735.56 1208.31 784.80 1272.07 0.384498
4 511.74 883.88 555.93 937.96 0.375869
4 1934.69 1213.50 1999.56 1287.58 0.369267
4 763.39 1129.10 807.63 1187.71 0.368232
4 180.86 1145.00 241.26 1219.72 0.362154
4 980.53 291.15 1013.10 311.18 0.358134
4 725.17 473.77 745.33 492.25 0.356769
4 839.62 938.72 902.60 987.88 0.351843
4 924.62 487.67 945.00 507.15 0.348774
4 1716.41 1285.30 1784.02 1349.55 0.345376
4 771.04 1256.51 821.73 1305.11 0.344844
4 691.17 516.92 715.98 537.20 0.337603
4 1502.22 1268.08 1564.66 1334.77 0.333154
4 1769.33 1280.47 1845.70 1363.69 0.328004
4 959.64 250.40 980.45 264.59 0.325849
4 747.79 460.96 763.54 479.32 0.317861
4 1428.43 1056.61 1476.50 1127.95 0.317256
4 1659.09 1071.18 1719.45 1143.85 0.313131
4 937.07 555.90 959.18 577.51 0.311094
4 597.25 638.74 619.26 662.17 0.305540
4 0.29 1397.14 50.73 1490.31 0.305272
4 1420.22 535.78 1445.01 557.52 0.299642
4 950.30 508.03 967.17 528.76 0.294599
4 1556.52 1264.98 1616.89 1337.07 0.291802
2 884.79 720.08 903.87 763.96 0.276167
4 776.39 1088.31 814.96 1127.82 0.274394
4 728.22 465.56 751.11 487.06 0.271774
4 564.87 833.17 589.26 856.44 0.270059
4 914.94 273.70 928.81 287.49 0.266307
4 994.88 200.70 1011.67 216.73 0.263965
4 652.97 599.55 670.07 618.72 0.263529
4 444.81 878.69 478.90 914.36 0.261751
4 909.32 638.54 936.97 676.54 0.257171
4 559.63 687.33 580.52 712.47 0.255621
4 578.90 665.94 597.15 685.67 0.252708
4 1356.04 1234.58 1384.56 1315.98 0.251159
4 917.20 247.50 935.79 264.66 0.249069
4 839.98 316.69 863.95 337.44 0.246931
4 914.82 613.06 942.46 637.70 0.246494
4 922.94 598.36 943.61 617.87 0.241285
4 802.10 372.13 819.92 390.02 0.237092
4 1505.32 366.43 1542.53 400.79 0.236824
4 912.65 577.63 925.67 595.59 0.233255
4 732.55 459.58 751.71 478.01 0.232493
4 518.08 821.56 539.48 855.72 0.225626
4 1450.65 537.33 1484.89 558.33 0.217142
2 918.02 1117.88 932.03 1146.75 0.214726
4 943.32 436.27 958.85 455.78 0.206501
4 1457.07 1263.42 1508.58 1332.32 0.205024
4 867.19 286.68 885.53 306.17 0.203695
4 485.67 476.01 510.83 492.89 0.202548
4 946.86 243.17 965.63 257.65 0.201814
6 1524.93 1041.82 1569.13 1086.38 0.201669
