4 764.21 434.61 930.59 516.39 0.497243
4 200.33 314.44 311.87 373.97 0.476813
4 340.23 199.91 453.80 245.91 0.474113
4 257.47 283.30 397.80 343.25 0.468885
4 249.64 663.79 474.46 763.98 0.454805
4 302.02 520.58 500.40 614.26 0.452415
4 351.96 453.36 519.01 537.45 0.446941
4 280.13 592.99 472.27 689.12 0.437988
4 397.42 327.43 543.06 386.02 0.426714
4 570.52 28.54 635.93 58.33 0.426320
4 457.03 253.62 581.49 314.86 0.425765
4 379.53 397.91 525.62 476.72 0.421464
4 419.46 294.24 551.44 349.27 0.411209
4 527.36 100.50 605.20 131.78 0.411051
4 390.88 359.89 540.36 428.62 0.406353
4 462.89 230.23 571.88 275.49 0.402266
4 740.23 280.11 849.19 323.71 0.401567
4 738.74 305.85 877.55 369.35 0.399238
4 735.13 542.61 923.45 636.33 0.397344
4 734.28 85.29 796.80 118.10 0.385569
4 736.91 254.48 850.20 302.66 0.380449
4 731.85 167.87 820.92 205.96 0.373718
4 721.70 35.80 786.43 60.61 0.360579
5 231.51 217.30 402.26 303.12 0.356569
4 478.60 201.75 584.99 249.43 0.356414
4 554.13 46.59 619.41 81.32 0.352762
4 511.99 119.33 597.37 153.19 0.352218
4 741.08 230.58 843.91 271.45 0.343432
4 740.36 190.36 837.76 232.21 0.334518
4 491.78 169.51 587.45 203.78 0.329712
4 730.34 64.95 797.21 92.76 0.315352
4 494.69 152.09 588.15 181.47 0.314470
4 478.29 188.82 586.33 224.17 0.303194
4 718.78 13.76 778.52 42.25 0.302894
4 509.47 135.03 587.88 165.90 0.261018
5 550.25 60.40 609.88 93.45 0.245396
4 770.03 304.68 867.98 338.59 0.211358
