4 483.23 119.13 563.51 165.01 0.516336
4 1158.12 315.96 1208.88 397.64 0.514837
4 861.05 445.91 962.46 502.52 0.503063
4 868.43 243.18 919.29 325.77 0.483253
4 981.16 234.27 1031.21 304.03 0.482073
4 605.29 409.61 713.04 462.16 0.476698
4 1212.96 189.79 1274.32 272.18 0.467478
4 810.99 246.13 860.64 329.37 0.467033
4 548.29 284.06 595.26 369.19 0.463263
4 881.78 68.57 974.35 114.84 0.456657
4 1223.07 524.11 1296.64 621.30 0.448342
4 751.60 253.65 795.84 338.66 0.428284
4 1287.31 516.55 1368.29 619.45 0.419703
4 916.19 227.44 963.41 305.88 0.410439
4 399.99 394.42 450.94 483.17 0.402888
4 604.20 293.95 660.96 375.58 0.396275
4 948.84 568.76 1009.87 671.72 0.384298
4 1154.11 534.75 1233.30 640.65 0.368932
4 1224.03 1020.04 1305.37 1061.72 0.363362
4 969.67 693.93 1036.81 818.53 0.355207
4 595.54 609.92 651.05 720.82 0.336723
4 526.51 597.01 582.29 721.92 0.310111
4 1095.99 549.71 1171.67 648.40 0.258568
5 735.73 586.91 786.89 689.89 0.217925
