6 248.33 346.16 841.08 512.44 0.453673
6 897.05 0.05 1079.43 50.16 0.377569
6 1278.03 13.34 1359.59 79.16 0.372422
6 316.38 248.84 854.46 379.10 0.367515
6 552.21 76.71 818.11 136.27 0.307483
4 895.77 0.07 926.22 26.26 0.292903
4 858.94 117.44 900.71 173.97 0.290406
6 444.42 168.21 872.80 279.12 0.273058
6 225.23 585.34 880.43 764.23 0.272024
5 225.42 584.54 343.49 736.00 0.262244
6 497.68 134.91 839.07 199.41 0.245731
6 451.35 40.83 769.82 113.04 0.243252
5 834.82 133.10 878.34 197.72 0.235348
10 338.05 366.83 395.00 405.47 0.218070
