3 692.75 145.18 715.99 189.56 0.599933
4 826.34 7.10 902.13 41.80 0.534822
4 870.40 21.50 913.53 55.97 0.527952
4 1183.88 160.10 1267.47 209.32 0.501369
4 1263.99 191.93 1341.71 250.10 0.496792
6 603.08 425.25 1164.04 648.19 0.481209
4 1152.18 138.32 1232.26 184.86 0.475477
4 1329.57 217.24 1359.81 270.48 0.473102
6 391.50 199.69 767.65 368.95 0.403521
6 1035.39 54.84 1218.09 182.84 0.402453
6 557.38 272.88 976.72 461.94 0.385510
6 380.69 0.27 578.36 97.29 0.358989
6 913.21 31.01 1084.16 131.56 0.357262
6 489.52 53.29 618.98 115.64 0.356452
6 407.50 112.07 690.91 229.20 0.325882
4 772.62 0.00 875.02 18.93 0.275498
6 898.72 9.92 959.02 84.92 0.227318
5 771.20 192.85 842.76 292.27 0.222866
6 1109.97 637.65 1359.55 764.55 0.222483
