4 1307.75 235.74 1359.57 299.48 0.524693
4 1106.40 75.12 1200.53 124.53 0.508635
4 1060.96 31.85 1145.05 74.14 0.500212
4 450.76 31.34 541.64 78.55 0.493493
4 1206.91 138.30 1319.21 197.78 0.454834
4 1028.30 5.83 1118.69 48.22 0.448462
6 375.57 0.15 610.24 59.57 0.393999
4 1029.22 0.28 1098.92 16.00 0.392350
6 464.24 410.02 808.40 599.18 0.376836
5 684.33 145.52 772.81 250.91 0.373071
4 1338.97 288.76 1359.84 367.52 0.279631
6 383.79 39.15 845.81 598.04 0.256777
10 1161.93 90.43 1245.37 157.67 0.254347
6 413.07 296.33 795.56 489.41 0.253516
6 471.79 51.63 697.12 206.74 0.243098
5 760.66 306.45 845.45 445.47 0.217862
4 708.20 239.00 780.45 308.40 0.203936
1 684.07 406.18 742.28 487.13 0.202756
6 1233.93 0.06 1359.57 78.24 0.201050
