4 667.97 334.30 687.13 356.52 0.533887
4 639.34 289.48 656.61 310.74 0.530139
4 566.89 203.23 585.73 218.03 0.520370
4 591.44 326.27 609.45 351.69 0.518835
4 649.14 223.10 663.71 237.84 0.517599
4 519.36 579.23 547.40 622.88 0.510642
4 469.00 275.55 495.65 295.24 0.509214
4 767.82 394.77 792.75 426.83 0.506066
4 648.29 696.06 685.70 756.76 0.504419
4 656.89 600.93 687.86 654.17 0.503004
4 718.57 282.31 737.96 308.51 0.495042
4 675.08 192.25 687.72 204.83 0.490915
4 441.87 444.93 463.17 475.74 0.487972
4 653.20 171.55 667.06 184.84 0.463051
4 100.25 391.29 131.91 411.89 0.435077
4 670.51 153.88 682.14 168.07 0.431173
4 87.19 500.34 125.23 531.93 0.425297
4 605.12 166.36 617.50 176.88 0.423023
4 726.57 362.49 750.00 398.05 0.418847
4 105.40 180.48 128.38 192.29 0.415058
4 374.80 361.55 409.37 394.33 0.414130
4 90.68 413.36 110.63 435.29 0.412977
4 78.22 468.94 114.80 499.19 0.411220
4 611.69 91.04 622.72 100.02 0.405456
4 654.34 122.10 665.72 132.27 0.397672
4 639.86 109.09 650.70 118.00 0.397033
4 71.13 395.75 97.68 418.34 0.394925
4 611.06 115.38 622.22 123.33 0.390858
5 459.64 431.73 498.80 532.74 0.388461
4 691.70 133.96 703.94 146.03 0.388327
4 615.08 154.41 626.29 165.76 0.382634
4 646.64 95.97 655.95 104.76 0.371571
5 428.11 290.28 469.50 327.87 0.371238
4 569.91 81.62 580.65 89.27 0.368864
4 579.91 90.02 590.06 100.33 0.357116
4 627.87 186.77 637.84 202.00 0.355016
4 533.96 62.34 546.26 72.86 0.349446
4 643.45 129.78 660.01 149.15 0.348226
4 661.74 97.67 671.44 104.96 0.335297
5 1.89 354.55 72.63 404.67 0.318739
5 405.38 212.85 424.95 249.84 0.315304
4 561.55 776.84 620.79 787.83 0.298775
4 624.21 358.15 651.33 407.05 0.294650
4 312.16 224.74 333.76 238.64 0.273594
5 103.85 420.49 132.82 467.32 0.271008
5 0.06 561.12 54.21 616.72 0.269410
4 529.83 66.36 538.99 75.15 0.266742
4 461.00 51.14 472.01 57.55 0.263221
4 442.92 45.98 453.32 54.26 0.262988
4 710.88 143.12 719.77 151.70 0.261235
4 486.91 44.53 501.54 56.10 0.233726
4 232.46 229.34 256.68 241.02 0.231820
4 725.18 246.80 736.52 254.41 0.222040
9 616.29 130.36 631.05 151.06 0.213317
4 400.94 135.79 411.82 146.74 0.211383
