1 1129.09 579.93 1174.97 661.13 0.493843
2 1289.20 717.73 1348.37 817.39 0.458350
2 735.58 557.96 768.75 633.94 0.440280
3 1360.03 780.33 1399.71 835.04 0.437642
2 593.96 642.32 634.80 729.98 0.410460
2 753.81 643.08 793.47 729.98 0.410097
2 1250.97 751.45 1287.57 815.96 0.398047
4 75.93 450.46 148.81 510.43 0.395265
2 822.49 609.62 868.03 693.08 0.380847
4 1082.40 998.52 1272.30 1049.52 0.376448
4 0.44 401.08 148.77 510.81 0.369440
2 800.33 578.39 833.30 653.81 0.349665
3 1292.14 361.50 1348.28 399.30 0.342332
2 478.47 484.69 506.97 557.08 0.334273
2 629.60 651.52 660.78 712.73 0.332665
2 526.99 553.97 554.11 611.61 0.311477
3 1301.28 419.21 1384.70 496.67 0.310775
3 1193.77 283.73 1219.15 314.78 0.300087
2 583.52 513.97 620.03 575.07 0.299903
2 474.72 515.51 500.74 562.78 0.290114
3 1295.72 299.46 1340.53 328.25 0.279796
2 787.54 649.17 828.33 710.91 0.272825
3 603.61 533.92 652.82 587.33 0.251214
2 566.52 554.45 607.75 636.43 0.248536
3 1252.39 291.38 1292.42 326.95 0.246274
2 527.13 492.38 558.24 563.32 0.242968
2 799.96 607.83 836.75 692.58 0.234792
3 505.40 515.69 540.26 556.75 0.229690
2 546.07 554.96 584.88 634.47 0.229320
