4 627.68 795.19 675.91 852.03 0.481821
4 628.23 652.40 646.68 671.24 0.480402
4 236.98 987.96 333.98 1049.59 0.476345
4 506.84 820.39 563.95 895.60 0.468114
4 631.11 693.37 659.05 723.17 0.463005
4 436.39 952.93 519.41 1049.42 0.451587
4 719.79 707.91 751.59 738.14 0.443666
4 720.36 675.16 745.18 698.18 0.440831
4 921.42 842.34 1045.43 898.22 0.438826
4 805.48 814.14 856.50 864.84 0.434050
4 596.47 598.82 609.51 611.30 0.428417
4 861.86 810.30 929.32 861.25 0.418313
4 616.28 595.63 628.64 605.30 0.413963
4 719.77 768.68 817.37 812.42 0.413352
4 1053.28 792.64 1127.45 847.44 0.412135
4 1102.94 787.17 1174.77 845.85 0.406285
4 988.02 740.78 1075.20 771.61 0.398834
4 979.63 798.50 1051.20 844.37 0.398017
4 794.71 755.02 878.97 789.00 0.391607
4 1013.75 873.60 1150.96 924.75 0.390772
4 918.73 801.30 981.15 850.13 0.386808
4 946.30 699.66 991.21 728.61 0.378466
4 1349.60 768.55 1399.69 789.11 0.377523
4 949.07 767.66 1052.28 806.51 0.374704
4 1184.14 738.49 1238.40 775.96 0.355939
4 671.91 610.56 709.85 629.58 0.348490
4 657.99 596.06 669.34 608.53 0.329623
1 936.25 933.64 955.28 989.54 0.327090
4 1335.29 742.28 1371.91 766.13 0.316788
4 619.10 570.41 629.48 578.07 0.307904
4 789.11 729.11 872.25 765.66 0.306649
4 829.77 672.20 860.21 695.14 0.303694
1 1075.40 751.18 1089.58 786.35 0.300358
1 77.65 736.74 96.59 771.12 0.298685
4 1279.16 729.30 1313.96 751.35 0.293632
6 766.66 659.50 832.93 697.22 0.292699
4 785.63 623.56 803.89 641.03 0.292529
4 864.76 636.51 917.71 659.33 0.288759
4 818.98 651.09 839.72 670.65 0.278313
4 719.49 632.22 741.54 652.11 0.274952
4 753.56 685.65 811.16 720.19 0.274856
1 974.74 708.81 989.24 745.05 0.273762
4 941.70 668.58 987.21 692.68 0.265692
4 782.85 701.27 847.12 739.42 0.258730
4 910.69 654.84 943.16 679.43 0.252133
1 1101.87 730.42 1117.36 762.98 0.248437
4 967.41 683.74 999.62 701.74 0.245862
3 71.13 751.89 121.09 783.27 0.245005
4 915.28 631.78 969.98 656.64 0.242242
4 748.17 631.41 780.12 647.53 0.236685
4 892.47 644.90 925.17 668.02 0.229584
4 628.71 553.17 639.93 561.56 0.222497
4 1260.77 781.32 1302.06 794.96 0.219259
4 676.19 588.01 697.87 604.12 0.218776
2 614.81 624.39 626.94 644.17 0.217870
2 1076.03 720.14 1093.08 751.06 0.217725
10 98.70 584.30 342.26 720.65 0.210778
6 37.01 601.85 104.82 629.49 0.202891
