4 320.72 336.48 414.34 387.92 0.521300
4 789.49 546.97 924.48 620.31 0.505853
4 847.31 480.76 985.57 546.27 0.500665
4 732.45 591.94 897.31 679.96 0.488100
4 751.99 123.02 806.16 150.52 0.468914
4 960.68 344.72 1066.14 394.11 0.456574
4 973.47 27.74 996.32 43.97 0.449441
4 976.17 327.18 1073.96 366.78 0.447784
4 650.10 643.73 781.63 729.72 0.441076
4 797.00 98.36 851.11 125.52 0.434331
5 353.62 514.21 474.10 652.10 0.406650
4 1194.64 68.21 1255.52 86.58 0.385461
4 901.79 394.85 1016.35 457.25 0.381719
4 784.44 112.53 837.68 138.31 0.377619
6 353.61 328.76 689.19 651.98 0.354087
6 0.42 397.26 235.62 649.36 0.326355
4 1151.97 45.41 1172.04 68.89 0.299435
4 0.17 69.06 35.44 91.30 0.277882
6 946.13 254.34 1162.67 361.82 0.275172
6 1200.26 71.54 1349.33 151.34 0.263577
6 441.84 682.17 769.72 764.51 0.258795
6 1147.62 128.85 1306.61 218.01 0.256567
4 483.28 259.61 582.31 311.70 0.239855
6 1034.03 160.03 1249.28 261.48 0.237449
4 618.55 0.16 659.10 10.97 0.237094
4 1080.26 6.91 1101.89 28.16 0.228055
5 719.58 119.47 754.05 151.05 0.227763
5 183.71 379.83 268.81 441.31 0.227505
4 1024.37 235.62 1066.30 262.88 0.222237
7 873.80 415.21 990.11 496.53 0.206969
6 329.89 221.90 489.01 366.20 0.202736
4 164.09 324.83 211.50 364.61 0.202526
3 282.05 235.82 317.09 263.83 0.200733
