4 449.40 375.84 529.69 444.48 0.479477
4 615.14 243.58 648.66 275.32 0.467552
4 663.42 441.72 741.26 535.15 0.465859
1 1302.21 712.65 1359.29 799.91 0.400296
4 553.47 216.79 583.47 247.41 0.397393
4 691.62 549.95 805.60 714.91 0.383733
2 1372.33 599.68 1399.80 669.80 0.360189
4 924.47 303.74 990.51 345.22 0.350465
4 563.35 629.99 669.30 824.19 0.331152
2 436.24 1014.25 483.74 1049.27 0.294845
4 460.01 197.18 510.87 235.17 0.250750
4 835.10 248.17 879.15 277.34 0.241978
4 782.90 207.35 805.02 235.17 0.235791
4 817.25 235.32 856.55 264.61 0.231967
