4 0.05 155.74 25.25 183.44 0.513849
4 520.85 269.11 625.30 317.31 0.510271
4 603.38 705.70 779.87 764.46 0.499028
4 505.15 245.87 608.28 292.00 0.494588
4 449.67 206.59 537.47 253.03 0.489715
4 998.97 117.65 1056.08 149.36 0.474589
4 473.24 220.59 570.16 271.86 0.470567
6 485.47 307.96 760.20 438.98 0.468738
6 571.20 409.89 853.23 548.76 0.454021
6 382.80 125.26 591.39 231.22 0.424644
6 1066.35 276.45 1359.40 386.76 0.410031
4 359.86 139.82 426.97 188.20 0.404669
6 1222.50 396.35 1359.51 524.35 0.402996
4 535.11 309.05 632.92 328.96 0.393239
6 527.03 518.34 793.90 671.11 0.392269
4 110.33 65.25 143.72 96.72 0.388487
3 1185.60 465.62 1218.60 515.40 0.366421
6 208.73 34.86 256.30 75.07 0.342140
6 803.80 0.17 889.72 56.65 0.336433
6 1180.71 0.29 1359.58 79.28 0.303065
6 1038.36 73.42 1256.61 148.27 0.297051
6 666.96 0.01 799.31 72.33 0.291984
6 950.48 148.00 1048.79 225.51 0.270911
6 312.93 21.98 444.78 133.96 0.269242
5 591.30 34.55 638.24 92.57 0.261558
5 492.89 48.65 544.49 108.70 0.258990
6 1016.97 146.06 1330.91 287.20 0.251986
6 533.88 0.00 681.48 87.30 0.249641
5 449.63 59.20 501.52 119.65 0.247332
4 948.06 0.00 985.39 26.85 0.223097
9 385.88 68.41 444.33 133.97 0.208675
