4 579.00 232.70 621.18 282.00 0.501475
4 519.68 320.89 567.01 384.67 0.500741
4 421.04 361.74 486.74 436.29 0.473790
4 625.30 147.36 668.51 176.49 0.472232
4 686.47 56.28 703.31 72.86 0.466893
4 246.54 297.93 311.93 345.58 0.458871
4 676.80 491.93 756.37 610.59 0.444440
6 150.35 325.85 261.75 389.53 0.443447
4 532.90 205.97 570.90 248.12 0.435505
1 355.43 435.67 375.27 484.68 0.430019
4 759.70 47.94 778.47 63.77 0.398966
4 679.61 26.05 694.35 39.98 0.395300
4 63.06 455.02 173.52 562.81 0.392688
4 445.94 68.67 467.60 87.95 0.381905
2 293.58 635.30 332.46 702.05 0.373278
4 879.08 32.06 898.31 45.96 0.371550
4 613.49 24.40 625.47 39.39 0.371321
2 711.74 166.15 722.81 192.99 0.369532
4 918.05 60.96 941.82 78.86 0.364516
4 667.91 10.31 681.59 22.13 0.363858
4 653.59 25.99 668.21 36.99 0.358988
3 290.70 669.25 331.06 719.15 0.351533
4 618.67 2.77 632.34 16.36 0.346860
4 0.13 599.61 52.66 707.05 0.342894
4 260.29 237.92 335.69 281.40 0.340142
1 52.24 314.64 69.65 357.73 0.338218
4 646.73 13.47 658.78 26.95 0.337894
4 907.13 47.45 929.34 63.62 0.335635
4 729.54 7.09 745.56 19.64 0.329147
3 126.20 404.13 159.47 433.86 0.322975
2 745.47 177.53 757.75 202.59 0.316274
2 745.54 130.20 756.70 153.14 0.309842
3 3.36 446.07 67.47 472.31 0.290278
4 644.92 0.05 657.87 6.10 0.286171
4 929.09 47.89 949.15 64.22 0.280092
4 663.55 0.20 676.61 9.91 0.279130
2 576.11 68.41 585.36 88.49 0.248637
4 540.36 37.98 558.23 46.12 0.248393
2 0.27 316.47 16.39 357.96 0.247813
2 921.65 278.81 936.82 310.91 0.245576
4 864.49 30.29 878.81 42.25 0.245290
2 81.19 346.74 91.08 373.26 0.224330
2 827.97 96.22 837.39 115.93 0.216309
4 923.09 30.39 950.86 45.55 0.212157
