4 706.90 310.34 750.00 331.91 0.499597
5 659.99 466.94 687.61 518.73 0.443687
4 668.37 68.49 681.12 84.53 0.419947
4 655.11 9.85 666.18 24.87 0.408835
4 657.09 30.04 669.46 44.84 0.386284
9 193.00 220.05 236.02 239.31 0.382261
4 630.61 118.66 642.70 134.84 0.359304
4 628.65 135.53 641.08 151.29 0.346938
4 705.36 210.94 721.08 230.81 0.341261
4 615.84 352.17 653.85 385.30 0.316991
4 626.57 62.74 638.35 80.84 0.311657
5 526.07 319.90 571.02 347.77 0.301482
4 677.99 30.29 692.08 46.46 0.296362
4 621.78 34.22 636.32 52.26 0.293629
4 656.33 209.07 673.21 234.99 0.288278
4 674.30 50.50 685.49 61.37 0.282257
4 626.57 83.80 639.73 107.75 0.266842
4 687.42 66.33 698.29 81.53 0.265515
4 622.36 219.86 644.46 244.52 0.259071
2 641.64 282.27 651.55 301.14 0.255595
9 955.53 223.41 1004.78 246.42 0.254227
6 623.21 180.24 646.23 206.55 0.247839
7 559.28 354.98 578.69 380.95 0.247284
4 627.30 153.99 644.34 164.72 0.246368
9 1101.67 229.77 1145.55 245.06 0.245055
4 675.50 12.43 687.74 26.61 0.242206
4 627.52 19.25 638.11 34.54 0.239341
2 482.42 255.07 494.31 283.08 0.229965
2 626.64 276.05 637.30 299.01 0.219669
2 654.28 254.27 664.59 271.25 0.215352
4 616.19 111.64 629.72 124.75 0.213894
4 595.19 68.97 604.26 83.39 0.213015
4 709.22 94.80 720.32 112.09 0.207004
2 727.95 398.21 738.91 418.53 0.201596
4 705.63 43.12 715.76 57.73 0.200563
