4 814.15 259.70 1004.78 357.28 0.548013
4 813.02 409.62 1050.92 510.10 0.532608
4 805.20 0.00 882.36 47.00 0.531520
4 182.55 5.11 285.32 105.84 0.519642
4 962.58 917.44 1289.63 1049.38 0.513631
4 549.62 317.88 653.30 475.86 0.513089
4 814.75 194.47 997.65 275.43 0.507895
4 963.68 622.80 1231.80 749.80 0.477564
4 505.28 509.76 634.44 716.54 0.445057
4 843.99 501.18 1118.72 619.45 0.425292
4 947.04 757.12 1280.31 895.38 0.408935
3 842.05 42.47 887.12 82.12 0.408728
4 623.83 5.11 688.08 99.27 0.388553
4 612.16 106.96 687.98 212.27 0.373766
1 766.53 8.84 782.31 55.77 0.368280
4 413.94 0.30 490.87 77.48 0.362148
1 782.71 0.88 804.87 57.75 0.359063
1 383.74 520.23 422.02 598.04 0.319729
4 650.24 0.00 697.02 10.11 0.317206
2 372.23 526.68 395.95 585.39 0.248170
2 726.95 0.00 740.64 16.52 0.204843
