4 1262.29 99.89 1289.54 113.36 0.481487
4 1331.60 149.02 1359.86 165.16 0.348247
6 845.42 161.45 1004.74 222.10 0.319157
6 1259.21 151.34 1359.71 199.78 0.313524
6 948.00 143.76 1135.28 207.03 0.312197
6 1.11 567.16 440.46 764.53 0.302325
4 1229.10 102.64 1256.13 118.33 0.301322
6 1265.61 118.01 1359.73 152.75 0.294065
5 819.55 244.28 863.95 297.51 0.270287
5 1285.37 84.41 1351.64 107.76 0.265457
4 1246.49 142.91 1300.86 160.90 0.258823
6 777.33 431.19 1231.22 764.79 0.250046
6 282.85 327.85 427.20 425.15 0.239480
6 730.61 201.63 899.44 275.76 0.239034
6 470.61 236.44 705.96 328.75 0.232889
6 607.05 202.45 799.61 293.45 0.223206
6 413.47 284.35 620.74 392.32 0.219661
5 782.99 270.44 821.55 296.83 0.203616
