4 1029.12 501.99 1113.11 555.89 0.538745
4 1011.46 416.32 1098.91 460.87 0.528443
4 1090.66 544.75 1190.74 608.71 0.517269
4 1288.20 493.78 1382.78 548.27 0.515475
4 1265.72 350.46 1353.90 398.55 0.509277
4 1194.58 520.51 1295.41 579.75 0.508959
4 983.32 574.20 1078.95 635.09 0.507726
4 868.14 600.15 965.84 668.40 0.499837
4 1211.23 370.44 1264.18 413.03 0.490890
4 674.89 585.50 772.03 648.87 0.490615
4 1339.73 416.02 1399.57 474.69 0.479478
4 1024.07 869.10 1108.01 984.30 0.478837
4 1112.78 470.28 1206.15 530.43 0.470664
4 742.81 480.09 833.45 532.42 0.447348
4 1189.73 820.51 1275.81 932.87 0.433402
4 1293.07 790.52 1382.87 906.18 0.418834
4 1271.18 624.36 1330.09 720.29 0.416707
4 1341.23 612.07 1398.01 705.96 0.402766
4 878.15 734.66 943.54 839.64 0.399054
6 199.21 551.87 442.74 667.76 0.394915
4 1077.51 682.91 1142.97 783.69 0.393942
4 1346.10 767.75 1399.60 877.06 0.383233
4 576.31 514.71 653.48 564.74 0.374203
4 1150.28 658.05 1210.67 756.02 0.367252
1 561.86 867.68 582.60 928.33 0.363351
4 1213.55 639.09 1277.14 748.37 0.360276
5 199.90 601.93 311.92 666.58 0.337955
1 1132.13 433.11 1157.66 467.36 0.319279
3 936.35 419.59 1005.84 464.42 0.315337
5 308.60 555.97 441.83 633.93 0.286467
4 942.47 721.09 1005.99 828.15 0.280935
4 0.09 656.23 30.22 712.11 0.266522
6 646.16 783.79 770.26 870.06 0.241598
4 707.60 785.07 769.49 839.26 0.207951
