4 728.09 335.16 792.63 362.37 0.539380
4 617.19 387.55 691.17 418.82 0.522135
4 485.57 214.87 520.70 236.37 0.446822
6 707.87 443.09 1157.83 573.26 0.428822
6 1072.29 444.69 1359.65 542.03 0.427263
6 567.86 266.10 790.20 337.09 0.414913
4 615.57 355.21 686.74 394.63 0.406508
4 757.94 384.99 836.69 422.42 0.386083
4 731.91 184.72 762.95 199.93 0.384347
4 587.11 371.29 643.32 404.42 0.371079
1 857.22 394.68 871.58 427.44 0.335952
6 618.72 216.19 779.93 262.19 0.333644
4 677.39 256.35 721.43 270.17 0.322970
6 1109.44 631.05 1359.71 764.54 0.321062
6 505.08 187.01 552.88 213.06 0.318083
4 695.03 187.02 720.61 199.28 0.303513
6 509.22 152.54 575.32 190.52 0.281916
4 357.70 187.27 380.72 209.39 0.256510
6 677.41 256.48 804.04 314.72 0.234669
4 422.39 249.80 450.04 283.48 0.224883
6 770.68 264.07 803.85 314.19 0.220891
6 492.78 176.64 533.89 198.06 0.220629
6 638.25 192.83 740.17 227.73 0.212662
