4 582.25 220.54 608.27 242.99 0.525430
4 504.10 135.89 530.92 158.31 0.484858
4 633.13 268.10 659.81 296.16 0.483466
4 784.12 124.90 809.60 135.66 0.481339
4 304.55 178.93 327.16 194.66 0.476217
4 299.76 162.07 322.80 177.98 0.475512
4 597.49 199.91 624.49 225.55 0.473007
4 267.35 153.32 291.36 171.29 0.470289
5 794.05 569.28 828.36 635.44 0.464653
4 737.24 372.15 770.14 407.91 0.463109
4 738.09 316.63 768.83 345.18 0.455755
4 701.54 584.95 736.17 640.83 0.425610
4 441.92 469.07 479.51 492.47 0.413200
4 779.86 53.75 800.32 66.53 0.361905
4 811.62 38.40 826.10 48.34 0.312159
4 596.21 134.24 620.11 158.82 0.310983
4 852.36 38.74 872.74 49.03 0.310767
4 835.74 38.93 847.44 49.65 0.287422
4 550.57 120.89 568.39 134.69 0.268956
4 879.14 44.00 894.07 54.05 0.244971
4 79.37 633.92 120.20 650.52 0.234000
6 732.09 23.83 801.03 46.46 0.215132
