4 812.66 52.79 832.48 81.21 0.454183
4 828.89 109.30 851.89 137.81 0.453560
4 332.27 300.82 387.83 327.35 0.448926
4 764.95 0.04 783.60 17.83 0.437235
4 624.19 598.53 662.90 673.58 0.408164
4 694.84 602.02 730.10 678.88 0.408034
4 631.05 515.29 666.85 576.73 0.393994
1 265.98 735.95 286.33 765.47 0.385777
2 214.33 769.84 230.91 787.75 0.371566
4 611.37 709.28 656.91 787.65 0.366178
2 571.14 362.33 582.30 385.62 0.356308
2 517.18 457.12 529.45 480.10 0.343708
2 545.67 424.56 556.96 445.12 0.331499
2 534.77 463.52 546.34 483.44 0.326339
2 543.40 454.13 555.05 477.33 0.322303
4 801.21 120.66 811.82 137.09 0.319721
4 809.10 152.90 831.82 191.81 0.317239
4 692.14 509.36 724.72 577.93 0.310302
2 982.15 306.93 996.77 328.95 0.308484
2 789.43 237.30 800.89 267.55 0.270008
2 721.35 235.53 731.99 254.92 0.267630
2 1057.02 516.26 1068.60 534.35 0.266520
2 1006.46 290.58 1020.08 310.52 0.254670
2 581.45 432.89 589.59 450.43 0.247272
2 284.68 269.33 294.62 291.52 0.238297
4 780.74 33.77 788.84 44.92 0.235325
2 561.40 363.70 571.59 380.31 0.227027
2 100.21 764.61 117.41 787.68 0.222570
2 583.23 272.80 593.43 289.91 0.221784
2 312.42 392.99 322.86 417.70 0.219019
2 1155.35 326.82 1166.68 345.09 0.215121
2 1082.49 621.92 1100.48 652.36 0.210370
