4 248.34 373.40 439.59 468.86 0.518663
6 1167.47 118.47 1351.13 226.32 0.515373
4 805.51 416.45 1020.67 524.94 0.514430
4 0.62 508.80 234.06 650.38 0.513829
4 133.77 439.56 344.08 551.57 0.510342
4 649.41 635.38 912.85 764.35 0.431144
4 876.48 327.40 1058.73 419.12 0.427419
4 611.78 178.26 734.25 246.58 0.421336
4 637.99 162.72 754.01 217.83 0.394963
4 818.80 50.39 906.41 96.21 0.394034
4 728.52 115.79 829.37 164.36 0.393101
4 0.21 354.35 129.62 489.67 0.391442
4 922.21 267.33 1086.63 328.93 0.381801
4 676.97 144.56 784.86 199.41 0.380159
4 704.71 130.81 807.68 181.90 0.377511
4 879.00 15.78 956.88 54.18 0.373789
4 152.29 275.58 308.43 380.76 0.365214
4 937.28 231.29 1087.32 288.68 0.362746
4 1154.56 150.63 1177.82 179.60 0.362227
4 895.06 298.25 1064.34 362.08 0.356729
4 756.04 101.58 841.71 146.62 0.333994
4 931.05 0.02 972.15 18.93 0.325443
4 951.40 204.58 1102.60 260.40 0.323574
4 982.06 141.08 1108.37 182.32 0.308202
4 985.13 165.02 1107.62 211.60 0.300669
4 764.85 82.79 845.89 120.87 0.278235
4 1014.85 118.28 1130.95 166.76 0.274417
4 590.85 118.44 630.83 153.83 0.264574
4 1053.56 61.83 1146.79 98.80 0.262807
4 1068.32 33.48 1150.28 66.28 0.262712
4 273.15 232.20 351.38 277.56 0.255495
4 274.26 198.48 379.92 282.93 0.252496
4 870.86 45.94 946.39 78.77 0.237385
4 1035.76 80.05 1133.53 109.43 0.226650
4 1085.38 0.00 1113.26 9.30 0.224227
4 1027.35 93.88 1133.99 128.50 0.222533
6 1091.39 0.15 1185.07 39.83 0.221586
4 1057.78 47.69 1146.51 78.40 0.213532
7 1198.91 1.14 1264.71 63.57 0.212042
4 465.59 104.69 499.03 171.82 0.209685
4 588.92 137.42 608.15 175.61 0.201146
