4 810.57 544.09 851.24 571.45 0.456128
4 262.45 606.64 313.13 625.81 0.442031
4 449.95 466.06 494.49 487.86 0.420038
4 212.09 585.30 258.28 604.11 0.417224
4 306.92 632.28 347.94 650.92 0.372200
4 221.10 679.25 267.89 700.64 0.369639
4 414.14 628.95 459.62 648.77 0.362470
4 197.63 656.50 241.02 678.45 0.360433
4 466.42 437.41 496.32 454.98 0.357664
4 284.77 678.20 329.27 697.93 0.355865
4 636.85 69.50 652.56 94.74 0.354750
4 343.25 677.47 385.87 696.73 0.348882
4 989.50 592.64 1030.30 611.65 0.347503
4 476.07 404.94 513.58 425.03 0.341280
4 279.90 457.04 306.88 483.65 0.339171
4 416.14 452.64 450.64 471.40 0.338937
4 252.24 657.51 295.13 675.73 0.338864
4 125.67 659.33 175.26 681.13 0.338822
4 403.80 673.67 446.37 691.52 0.337691
4 356.62 655.07 395.28 672.40 0.335101
4 308.27 656.50 345.31 673.79 0.325969
4 410.48 654.85 452.48 672.04 0.325451
4 881.68 590.32 924.19 613.06 0.312540
4 159.84 677.79 207.03 698.65 0.310688
4 492.86 274.94 534.10 307.07 0.308934
4 938.49 589.12 975.12 609.85 0.306570
4 353.68 629.72 395.11 651.18 0.303454
4 877.59 572.77 922.32 592.79 0.302403
4 1046.99 570.28 1096.98 591.02 0.288651
4 1124.60 634.22 1177.21 678.35 0.287177
4 314.25 449.00 337.31 464.33 0.283703
4 510.93 145.71 542.07 165.91 0.280849
4 516.63 100.09 542.37 118.43 0.279878
4 1311.97 567.90 1353.29 588.49 0.275467
4 643.21 12.25 659.88 37.06 0.269434
4 255.89 504.54 278.07 536.38 0.268998
4 1087.74 586.69 1131.99 609.07 0.266285
4 519.03 13.53 549.14 47.46 0.259765
4 517.11 133.45 549.69 149.14 0.255434
4 706.65 909.25 730.59 960.60 0.252804
4 945.41 573.20 983.62 592.25 0.239328
4 505.76 243.40 540.68 274.54 0.227789
6 618.86 433.88 636.50 467.10 0.226662
4 504.56 188.54 539.29 222.23 0.225073
4 1044.02 591.18 1081.50 609.73 0.221966
4 428.79 720.47 463.11 735.60 0.220275
4 702.38 828.12 725.79 877.22 0.215139
4 519.65 76.79 549.10 101.06 0.210001
9 203.58 420.02 329.92 461.67 0.205492
4 783.70 681.01 824.52 719.18 0.203895
