4 761.42 855.52 790.04 878.43 0.329337
4 791.36 901.88 818.00 928.26 0.325778
4 709.22 745.03 739.33 766.99 0.318546
4 740.77 805.28 767.86 829.84 0.308531
4 727.45 781.57 755.59 808.24 0.305959
4 715.84 759.13 744.33 783.96 0.302385
4 792.31 683.55 821.49 705.59 0.280017
4 69.55 985.92 88.20 1015.44 0.276643
4 775.86 642.49 806.16 664.48 0.274707
4 747.31 819.11 776.91 841.86 0.269934
4 556.27 632.18 585.55 652.13 0.268650
4 43.01 993.59 66.46 1028.61 0.268017
4 694.04 712.71 725.71 734.85 0.261958
4 108.74 987.19 132.12 1021.52 0.259950
4 87.30 984.41 108.92 1017.42 0.256358
4 836.86 1032.19 867.87 1049.92 0.238532
4 783.34 869.69 810.04 893.59 0.233932
4 808.76 709.66 829.80 722.25 0.217875
5 593.02 622.04 626.70 639.58 0.217216
4 1226.55 909.78 1291.86 947.30 0.214410
