4 743.29 721.89 767.95 757.47 0.488277
4 947.38 720.22 972.71 754.30 0.480031
4 807.77 194.82 823.24 213.90 0.436035
4 1040.77 516.22 1066.15 543.05 0.434793
4 1067.60 574.87 1095.19 604.23 0.430014
4 992.66 483.13 1018.08 512.53 0.420222
4 676.69 487.79 691.42 510.38 0.408439
4 714.37 165.21 727.24 180.70 0.405901
4 831.61 211.02 843.52 228.71 0.405552
4 720.66 209.85 733.59 229.39 0.391842
4 875.91 306.87 891.15 326.92 0.390922
4 697.65 536.69 714.94 565.85 0.384580
4 731.12 549.25 748.10 578.20 0.365922
4 645.73 6.76 656.64 18.92 0.339269
4 714.34 527.47 732.48 556.85 0.330270
4 452.24 671.07 491.55 707.57 0.328758
5 707.55 579.36 754.92 658.81 0.327992
4 674.99 445.37 689.19 468.90 0.326646
6 691.97 393.15 722.96 470.05 0.315233
4 635.92 244.37 647.47 261.04 0.306565
4 633.16 112.89 645.49 127.06 0.306078
4 635.57 267.73 648.14 285.01 0.296235
4 663.05 429.68 677.24 454.57 0.294060
4 628.12 227.87 639.55 242.64 0.292294
4 773.80 133.49 784.50 146.42 0.290195
4 660.06 270.77 673.59 291.58 0.289336
4 623.70 204.93 635.14 221.79 0.281447
4 671.20 393.47 684.92 414.28 0.277405
4 640.64 218.86 651.92 234.32 0.277107
4 620.23 189.59 633.14 205.44 0.273803
4 639.32 201.98 650.17 216.10 0.268764
4 677.31 417.24 692.46 441.28 0.266768
4 656.45 294.24 669.83 312.22 0.265870
4 649.10 234.11 662.87 251.44 0.261288
4 651.65 252.61 663.45 270.46 0.259217
6 636.37 293.71 659.69 359.25 0.249497
4 617.91 161.19 628.68 175.42 0.249247
4 593.48 43.58 603.55 56.98 0.248838
4 649.20 170.61 660.46 185.60 0.247640
4 656.49 381.28 670.13 402.25 0.247436
4 611.02 149.48 621.98 161.50 0.247371
4 601.85 61.92 612.42 74.30 0.244559
4 652.36 358.98 666.81 380.07 0.241206
4 604.68 121.13 614.20 133.25 0.238339
4 637.48 178.98 650.36 199.32 0.235152
4 608.69 108.99 618.28 121.23 0.235039
4 662.39 316.84 673.00 329.95 0.234734
4 681.88 313.93 696.90 333.96 0.228639
4 691.93 444.46 709.73 469.69 0.224828
4 670.07 366.68 687.55 389.97 0.222115
4 622.38 124.19 633.28 137.46 0.218989
4 616.76 91.45 626.76 104.81 0.215966
4 662.32 344.37 677.21 364.36 0.214918
6 686.57 351.18 710.09 401.94 0.213463
4 673.38 269.04 688.12 286.45 0.211715
4 611.75 80.45 621.32 93.38 0.209113
4 598.98 97.68 608.82 109.60 0.205467
4 601.08 82.43 610.67 95.52 0.204332
4 625.38 143.85 635.24 156.49 0.204255
4 586.16 0.04 595.48 9.72 0.203061
