6 398.46 676.29 573.39 764.56 0.506423
4 422.27 530.72 472.50 552.93 0.419210
4 194.88 614.90 288.87 652.42 0.401604
4 0.03 719.59 44.14 764.30 0.396632
4 176.64 634.11 219.23 674.32 0.378714
4 254.41 605.79 323.93 641.81 0.372701
4 0.29 698.20 64.51 747.78 0.371666
4 6.01 676.16 75.20 712.32 0.356174
4 302.98 686.55 397.20 734.94 0.351530
4 469.31 521.93 509.49 546.12 0.346577
4 230.64 712.94 343.54 763.33 0.343940
7 582.03 554.69 649.15 609.74 0.333876
1 350.53 701.16 367.01 750.53 0.326501
4 230.26 741.71 321.42 764.51 0.322298
4 293.23 586.49 333.73 613.53 0.313703
5 334.36 542.41 384.22 585.59 0.313559
4 242.79 587.96 319.89 616.55 0.295446
4 348.31 654.55 429.60 680.96 0.282514
4 344.61 671.40 417.75 712.81 0.279129
4 515.45 505.24 536.56 523.61 0.274634
6 685.83 467.70 730.70 496.22 0.273833
7 742.64 477.04 767.41 505.12 0.242975
4 468.99 503.40 492.75 522.56 0.238711
6 564.08 480.49 602.99 501.39 0.237673
4 956.71 483.67 967.41 494.99 0.233841
4 392.80 632.50 458.22 669.24 0.228140
4 441.26 518.29 469.40 534.06 0.224865
4 724.41 458.90 739.64 473.23 0.210438
9 466.70 478.02 526.81 505.49 0.207105
4 326.42 549.31 345.64 567.93 0.201711
4 303.38 713.48 342.95 762.46 0.200801
6 534.85 524.82 601.80 562.12 0.200732
