4 5.44 505.80 155.74 581.71 0.512197
4 42.08 463.38 187.18 526.50 0.501087
4 441.18 358.92 557.47 407.54 0.473890
4 267.10 702.64 462.95 764.28 0.471700
4 372.75 520.82 518.71 586.13 0.470986
4 134.90 392.12 256.08 447.26 0.469469
4 320.18 640.32 479.73 716.87 0.467978
4 97.77 422.95 227.69 484.29 0.467356
6 610.26 327.63 766.05 419.71 0.459761
4 166.53 360.83 284.72 412.63 0.459259
4 393.28 470.13 532.32 530.25 0.457359
4 291.37 233.02 384.53 280.05 0.455387
4 408.99 429.61 534.25 481.21 0.454307
4 651.65 316.74 744.30 344.62 0.453343
4 438.15 397.93 554.29 446.48 0.437230
4 489.78 60.74 543.03 85.04 0.424236
4 203.59 332.99 294.28 381.67 0.420811
4 135.18 210.36 179.06 266.18 0.418236
4 347.65 583.12 520.65 653.02 0.410935
4 479.66 322.26 585.45 369.00 0.404252
4 344.97 204.78 428.84 245.43 0.402753
4 383.21 192.83 455.87 229.71 0.397833
4 387.17 157.11 447.37 186.27 0.394979
4 483.13 295.31 597.44 337.70 0.388714
4 499.27 278.26 594.58 311.24 0.370079
1 599.73 328.45 614.35 361.50 0.365588
4 519.73 237.64 604.38 275.06 0.359044
4 147.02 298.97 183.99 344.01 0.357087
4 362.45 164.31 439.24 198.97 0.353974
4 214.30 300.41 336.25 350.50 0.348283
4 534.01 48.17 564.65 73.72 0.347019
4 523.03 220.93 615.51 255.04 0.344660
6 612.35 57.76 680.50 102.74 0.334834
5 429.08 90.25 471.61 140.52 0.330150
4 504.74 42.13 537.37 62.59 0.325494
4 538.07 190.73 616.58 223.46 0.324907
4 521.19 10.84 543.81 31.69 0.322625
7 678.10 116.12 757.19 182.35 0.312735
4 553.22 165.19 626.59 197.49 0.311965
4 544.89 43.18 573.95 64.76 0.306731
6 700.24 28.20 774.28 102.85 0.295089
4 0.14 444.97 13.83 483.82 0.280528
5 581.20 105.45 661.64 157.02 0.277215
4 572.98 149.06 637.14 172.08 0.273637
4 319.12 206.85 350.52 233.52 0.256758
4 567.38 13.16 589.67 34.70 0.252339
4 501.21 10.74 519.05 29.40 0.250167
5 718.55 114.80 762.30 153.84 0.243272
4 42.81 289.56 72.76 324.10 0.229006
4 67.41 269.25 96.04 308.43 0.227561
4 91.43 265.91 115.34 291.15 0.219690
6 742.71 15.89 759.94 30.93 0.218137
