4 1702.26 558.55 1863.72 624.17 0.558694
4 0.39 453.30 100.19 490.57 0.547882
4 290.00 720.47 487.63 852.42 0.540963
4 638.33 561.09 752.47 624.27 0.537177
4 1490.67 592.05 1654.88 669.83 0.534886
4 0.05 488.81 61.51 533.23 0.520528
4 58.73 402.17 165.66 436.62 0.516791
4 200.47 502.58 333.99 552.07 0.515534
4 361.29 523.05 460.48 577.16 0.514386
3 1838.14 632.57 1878.75 671.75 0.512504
4 727.75 571.27 823.61 631.25 0.509278
4 1231.00 620.24 1316.53 692.20 0.500041
4 1125.40 619.71 1216.90 696.85 0.488639
4 813.85 601.41 883.02 673.12 0.480916
4 224.61 460.95 341.43 503.98 0.471213
5 554.55 544.61 661.84 619.52 0.467546
4 291.10 354.46 376.92 389.18 0.464513
4 160.77 326.88 235.04 351.06 0.440930
4 110.88 364.65 194.36 390.13 0.434560
4 906.26 585.41 974.98 653.05 0.433209
4 1368.56 1181.78 1715.12 1383.56 0.425400
4 89.65 383.77 181.92 413.44 0.421522
4 416.08 532.30 529.29 591.90 0.420476
4 218.57 440.73 338.39 476.27 0.402133
4 312.30 334.26 382.50 359.65 0.389371
4 343.22 286.77 380.72 310.10 0.387354
4 252.17 261.03 295.69 282.81 0.380975
4 142.05 341.33 215.66 365.25 0.379403
4 217.27 301.35 249.84 328.11 0.377258
4 1026.20 579.60 1075.26 645.07 0.364540
1 364.46 404.33 385.86 445.42 0.340176
4 1977.50 773.44 1999.79 829.18 0.308931
4 343.27 258.50 372.48 279.15 0.297366
1 1858.24 612.89 1885.17 662.52 0.297068
4 319.14 315.66 385.42 343.46 0.291179
5 216.04 407.12 356.64 465.48 0.285572
4 341.10 211.54 359.24 228.23 0.261326
4 275.57 242.86 311.93 263.83 0.258715
4 0.00 529.69 13.33 561.42 0.258381
6 471.31 437.08 592.39 521.63 0.234269
4 267.46 403.53 359.53 430.66 0.232306
4 1975.85 504.14 1999.72 551.98 0.231876
4 308.41 234.25 328.19 253.67 0.211860
4 326.49 208.45 345.79 222.64 0.209790
