4 573.58 1009.95 594.07 1049.23 0.397752
4 790.93 666.66 806.76 693.45 0.396496
4 800.31 713.57 816.63 742.85 0.384475
4 831.29 515.23 844.94 535.94 0.383753
4 827.61 480.72 839.88 502.83 0.382010
4 635.45 610.39 658.09 626.83 0.381951
4 449.34 766.75 482.53 788.04 0.375439
4 385.32 1018.82 421.58 1044.08 0.367585
4 814.13 764.32 836.08 797.43 0.365481
4 402.11 984.23 436.51 1013.16 0.365233
4 792.20 236.72 809.54 246.91 0.364645
4 507.21 945.65 551.05 977.33 0.351999
4 529.08 671.67 557.85 690.80 0.343844
4 134.61 622.30 158.72 641.62 0.343787
4 650.47 581.64 670.04 603.30 0.343452
4 911.70 162.80 927.70 188.40 0.335374
4 784.69 250.59 803.37 263.10 0.332775
4 623.58 643.23 646.82 662.15 0.311070
4 839.89 390.16 855.78 410.27 0.303811
4 564.62 932.35 593.34 962.01 0.300518
4 836.79 448.33 852.21 466.83 0.292412
4 771.03 258.75 790.68 272.70 0.280968
4 748.76 339.76 770.95 350.61 0.280696
4 823.00 814.94 852.91 845.38 0.280218
4 622.74 778.42 641.21 811.31 0.280058
4 506.41 753.11 527.42 785.10 0.278126
4 705.71 271.21 720.70 283.15 0.276658
4 767.39 308.02 781.67 320.54 0.273677
4 611.95 812.37 632.15 845.65 0.272459
4 720.42 293.19 741.76 306.32 0.267143
4 465.35 652.05 495.46 670.66 0.266682
4 757.78 319.60 773.91 335.09 0.265702
4 677.29 522.85 690.71 543.70 0.264324
4 876.99 318.76 890.98 335.46 0.258173
4 627.30 811.54 646.79 846.71 0.251678
4 694.18 591.06 717.42 603.30 0.241977
4 592.44 591.49 607.79 604.30 0.237782
4 878.35 255.21 897.63 264.63 0.236932
4 643.86 663.04 666.07 687.82 0.233856
4 656.36 641.18 677.33 662.40 0.231185
4 783.51 312.88 803.36 325.20 0.229734
4 876.31 303.59 896.18 336.01 0.226602
4 717.47 170.47 736.14 188.05 0.226311
4 963.04 0.00 973.87 9.22 0.225220
4 835.43 426.88 860.05 467.00 0.223414
4 670.85 547.55 686.04 568.07 0.220279
4 579.83 25.85 597.13 41.70 0.211486
4 752.35 383.98 775.08 403.19 0.209779
4 677.66 583.23 694.85 598.15 0.204907
4 613.85 667.29 639.42 689.28 0.204235
4 533.55 88.09 561.25 102.43 0.202072
6 358.79 661.14 487.06 786.67 0.201802
6 621.30 82.41 667.48 105.27 0.201685
