4 874.79 205.29 923.79 267.88 0.552808
4 804.96 128.41 861.44 168.84 0.549443
4 1448.97 148.05 1485.13 187.62 0.528424
4 803.54 49.31 852.47 91.86 0.508766
5 697.62 440.33 786.14 542.72 0.505714
4 848.40 58.52 888.37 98.84 0.500254
4 1238.24 199.11 1282.14 260.84 0.478910
4 330.27 990.39 453.15 1140.64 0.473062
4 1305.21 3.12 1341.93 45.87 0.464896
4 1454.75 230.90 1494.21 284.89 0.461855
4 913.47 149.02 959.25 199.30 0.460627
4 1240.10 76.58 1277.31 123.62 0.449785
4 1303.32 75.13 1345.04 120.70 0.439247
4 1310.41 219.02 1357.40 277.95 0.439112
4 1018.96 0.12 1051.41 25.43 0.411417
4 1460.75 362.42 1508.55 427.85 0.392629
1 313.97 917.97 355.99 972.62 0.387065
4 867.49 0.35 910.56 22.82 0.364133
4 109.71 1288.30 303.98 1499.32 0.358717
1 1409.32 223.86 1431.69 267.15 0.323966
4 1464.91 440.09 1536.21 508.91 0.310388
1 1519.68 255.12 1544.02 299.15 0.309433
1 1015.43 111.16 1031.68 140.05 0.289513
1 997.97 104.54 1013.81 140.72 0.287378
1 1496.47 215.69 1514.56 259.93 0.281146
1 419.91 648.37 442.52 693.47 0.274724
1 1439.14 248.26 1457.25 289.56 0.270250
6 1445.78 8.65 1478.56 76.48 0.262178
2 1454.94 205.51 1479.72 237.83 0.259674
3 1569.50 207.04 1603.95 280.63 0.248588
4 1229.12 365.55 1275.98 445.22 0.247450
2 970.73 49.50 987.31 73.90 0.233343
4 915.19 11.84 942.73 44.16 0.218671
3 1522.81 281.08 1544.25 339.41 0.216749
3 1522.37 276.05 1543.34 306.53 0.203625
