4 548.40 65.37 571.87 90.45 0.477387
4 615.94 214.16 640.54 250.98 0.422092
4 532.02 405.68 561.56 452.62 0.407203
4 482.20 384.87 510.47 428.19 0.398896
4 677.30 712.34 721.07 780.90 0.352928
4 591.96 213.32 611.34 251.35 0.336188
4 526.88 186.31 547.07 228.52 0.334916
4 503.29 327.38 529.37 369.58 0.318877
4 254.42 295.07 291.80 312.83 0.318550
4 585.07 709.34 627.38 777.69 0.303915
4 619.13 567.22 660.01 629.45 0.303342
4 592.76 477.44 630.62 541.79 0.296691
7 493.68 418.27 564.18 565.26 0.287533
4 551.85 479.09 588.92 536.87 0.244891
4 257.15 499.95 291.41 528.07 0.242329
6 568.13 532.02 622.28 624.12 0.236330
4 927.76 202.31 945.52 232.64 0.202771
