4 1414.93 270.42 1718.07 484.38 0.666411
4 1842.45 127.84 1999.56 363.42 0.564659
4 1761.31 690.66 1999.45 955.80 0.537103
4 987.80 808.14 1344.24 1089.36 0.470677
4 973.31 0.18 1099.92 66.17 0.458146
5 1199.55 27.90 1439.93 206.71 0.448854
5 1078.79 0.05 1340.62 142.44 0.445830
5 881.03 617.29 1225.19 858.32 0.424973
4 1667.34 0.08 1820.19 137.84 0.419414
6 1281.73 137.61 1570.28 358.56 0.417579
4 611.40 610.82 679.62 705.04 0.397777
2 535.54 401.74 608.13 491.33 0.393293
4 1166.15 1208.47 1711.01 1498.71 0.376978
3 383.89 128.22 482.58 202.43 0.314996
4 1510.80 354.64 1848.25 610.41 0.309015
3 548.25 124.43 650.71 202.84 0.278349
3 721.39 395.32 833.00 477.30 0.240317
3 550.58 141.64 590.87 201.73 0.236935
7 741.36 224.46 823.46 323.52 0.229219
1 555.13 121.30 583.31 171.56 0.224367
2 608.94 495.60 666.15 572.42 0.223849
3 675.97 469.19 772.17 550.51 0.214232
10 660.96 693.43 734.65 775.56 0.212734
2 445.14 290.38 501.50 353.24 0.211768
2 484.77 920.33 584.18 993.05 0.209039
2 498.82 289.62 545.89 336.77 0.205313
