3 1521.38 713.85 1598.80 782.99 0.532576
2 1100.15 565.25 1129.11 623.77 0.470062
3 1190.04 589.43 1234.46 633.27 0.451660
2 923.23 544.89 947.77 595.62 0.436313
2 856.61 688.86 892.61 766.85 0.433810
2 894.02 519.81 920.41 587.37 0.432726
3 908.00 768.94 953.10 822.52 0.432595
3 1749.45 846.09 1844.23 910.25 0.426244
2 683.19 725.39 718.69 788.83 0.422669
2 207.29 277.73 246.23 347.82 0.418901
2 970.93 800.50 1000.90 872.53 0.390465
3 996.14 897.16 1039.14 944.77 0.379390
3 1406.57 522.31 1461.69 588.31 0.369364
2 995.73 831.29 1026.48 888.66 0.366977
2 882.82 634.85 907.37 697.64 0.364566
2 813.80 660.93 848.25 700.23 0.360862
2 1036.51 759.08 1075.06 817.17 0.346751
2 1016.22 791.53 1046.13 855.15 0.344227
2 898.01 683.41 933.61 732.70 0.330327
2 728.51 623.69 761.02 680.46 0.319157
2 1401.10 466.19 1435.17 568.75 0.299056
2 772.27 636.57 805.15 675.68 0.291763
2 1034.15 843.76 1072.04 887.91 0.276985
1 865.41 620.61 906.02 679.95 0.245635
2 959.08 713.91 993.78 787.57 0.243414
2 938.22 724.93 964.26 764.44 0.243035
2 755.15 633.27 780.98 673.31 0.231559
2 949.53 838.32 967.68 879.12 0.230573
