9 428.24 87.21 577.75 173.43 0.642398
3 911.48 392.20 969.46 428.27 0.607102
4 300.86 208.66 419.95 259.27 0.571977
4 0.29 623.49 144.28 767.00 0.541574
4 809.47 90.10 858.08 121.68 0.517714
4 571.23 156.62 656.86 195.70 0.493269
2 721.17 598.90 769.98 657.94 0.465145
2 549.43 281.51 574.67 332.11 0.460447
2 587.16 719.33 630.39 804.52 0.457298
4 0.06 435.19 28.88 485.58 0.446437
2 25.97 381.36 66.31 445.64 0.432580
2 466.51 829.10 513.55 922.72 0.424492
2 994.06 399.80 1020.35 458.15 0.423433
2 929.02 370.27 957.49 426.70 0.409590
2 921.10 274.20 939.52 321.67 0.405494
4 598.57 107.54 652.32 136.48 0.369877
2 511.56 304.10 534.61 351.80 0.369741
4 575.80 102.12 612.30 128.75 0.369129
2 558.37 188.18 575.89 226.10 0.367095
2 547.55 187.07 561.72 224.56 0.364788
4 536.75 120.34 596.54 163.07 0.351534
3 245.41 778.09 362.08 862.12 0.350263
2 430.51 854.03 469.71 943.46 0.349137
4 1176.47 85.56 1254.59 110.13 0.322604
6 775.82 71.82 1002.40 286.80 0.310025
4 574.65 131.37 646.91 166.75 0.308554
5 665.70 23.10 698.85 56.24 0.291945
5 953.76 32.58 978.06 55.33 0.289826
4 628.26 79.02 679.74 111.58 0.285073
4 1179.94 53.73 1234.55 77.50 0.279594
3 495.95 315.92 534.34 366.08 0.277835
2 775.92 133.62 788.71 159.25 0.267030
2 587.63 179.06 605.15 225.54 0.264084
4 652.56 95.13 698.61 117.70 0.235238
4 693.34 95.88 744.03 122.57 0.231813
4 645.91 111.94 696.37 140.85 0.227917
4 849.97 23.35 895.32 45.22 0.223703
2 934.91 157.79 950.20 192.27 0.220427
4 0.11 587.91 23.19 641.25 0.216373
4 1122.58 71.24 1161.62 95.76 0.212628
3 820.64 629.27 871.48 689.52 0.202876
