4 1039.71 544.69 1207.60 631.28 0.601658
4 775.81 340.47 878.25 400.60 0.576580
6 832.32 345.83 990.83 448.71 0.560440
5 940.95 466.69 1109.80 568.40 0.525676
4 253.02 0.41 284.83 32.77 0.488740
5 798.17 177.12 877.30 227.26 0.480571
4 397.50 37.49 462.46 69.35 0.470334
4 200.49 290.96 262.89 372.90 0.460859
4 98.40 357.81 170.09 455.23 0.458541
4 1157.05 111.09 1212.02 138.80 0.449719
1 748.52 485.11 771.30 536.14 0.397336
1 691.53 270.04 710.57 315.36 0.392024
1 723.12 480.67 747.90 530.26 0.366431
1 604.55 141.48 618.16 177.09 0.361622
1 749.66 330.59 767.96 370.43 0.345494
4 408.94 82.93 445.71 125.27 0.343965
1 710.78 171.14 730.59 208.32 0.331041
4 992.92 183.53 1065.49 235.13 0.329542
4 1050.88 172.59 1115.01 226.72 0.328613
4 401.28 12.12 441.31 39.64 0.326239
2 579.64 122.81 594.54 157.75 0.324305
2 618.39 128.18 632.08 158.01 0.320061
2 760.47 297.05 779.40 329.26 0.314433
4 953.30 132.35 985.97 153.89 0.313152
4 608.79 319.93 661.23 392.13 0.311701
1 727.68 235.50 741.97 264.62 0.310692
1 1113.94 284.90 1133.74 317.51 0.309110
4 940.67 195.47 1013.16 243.83 0.299982
1 1046.27 143.88 1062.24 179.75 0.293844
2 556.51 119.27 568.13 155.17 0.293548
4 703.37 233.94 741.65 277.39 0.287584
2 647.10 325.34 667.51 364.81 0.282197
6 570.76 221.85 642.24 325.00 0.282021
4 576.79 172.67 601.49 204.04 0.269244
4 0.16 178.55 24.89 207.29 0.267477
2 683.31 154.96 696.00 192.15 0.261029
2 686.20 197.57 705.35 229.38 0.260975
2 538.05 77.81 552.91 120.43 0.260176
4 876.81 208.29 915.21 239.61 0.255118
5 721.10 260.00 759.34 321.37 0.236027
1 386.03 61.81 398.24 93.60 0.232387
2 547.51 61.19 561.07 92.15 0.226989
2 337.52 0.79 351.72 24.76 0.223111
4 0.44 102.18 54.69 141.54 0.222535
4 57.37 0.29 138.63 24.83 0.219571
4 0.36 129.91 46.32 175.13 0.216592
4 826.10 239.74 847.26 268.25 0.212899
4 45.94 16.14 117.65 40.92 0.205896
