5 1009.86 901.60 1074.33 1002.07 0.466321
4 1097.26 553.99 1137.84 589.70 0.415681
3 876.78 876.90 916.95 911.14 0.400530
7 1108.38 772.23 1136.05 826.58 0.385620
3 913.55 838.03 940.71 862.32 0.376246
4 1082.23 508.96 1100.18 528.62 0.366102
1 868.48 850.81 889.02 897.50 0.365738
4 862.21 936.64 960.80 1003.53 0.357038
3 1170.68 589.40 1186.02 617.79 0.345104
4 1198.39 266.38 1213.00 282.68 0.342293
7 1139.99 868.62 1175.26 944.71 0.337826
3 1121.38 511.14 1136.05 538.02 0.302205
1 1388.26 594.42 1400.24 626.04 0.294477
4 1037.49 795.96 1066.57 828.32 0.285864
3 894.64 919.51 944.41 941.52 0.283351
2 1342.94 858.02 1362.11 901.12 0.281055
2 1523.02 1014.46 1558.86 1063.86 0.279834
7 907.06 772.86 972.34 828.17 0.277033
4 1127.94 218.83 1142.50 232.05 0.274552
1 1156.06 423.36 1168.49 446.05 0.266504
2 1160.28 488.86 1174.24 515.62 0.266020
2 1328.40 855.22 1345.66 890.45 0.265969
5 1279.97 580.96 1373.87 615.74 0.263643
4 1494.41 938.03 1539.05 985.86 0.259635
3 1323.78 610.21 1361.22 630.37 0.255346
4 1119.48 264.07 1132.84 282.02 0.255251
7 932.91 892.98 975.39 937.62 0.253891
2 1416.54 839.44 1433.83 865.59 0.243053
4 1467.99 853.34 1504.81 883.54 0.240999
3 1131.28 489.31 1147.48 514.38 0.233639
2 1196.42 361.65 1206.75 381.53 0.232406
2 1405.52 591.39 1422.98 622.75 0.231957
3 1141.95 911.26 1173.39 944.75 0.221035
4 1383.23 657.67 1421.23 682.43 0.208624
2 1139.21 359.00 1149.59 377.30 0.206134
