4 1376.43 802.68 1549.25 893.48 0.527300
4 382.99 534.63 441.46 598.95 0.516417
4 490.26 559.65 547.59 623.78 0.511678
4 22.36 489.52 134.08 552.98 0.490737
4 569.24 375.25 610.97 417.70 0.489767
4 388.35 903.99 474.52 1023.52 0.485748
4 551.41 300.33 589.41 338.26 0.484306
4 1182.66 260.40 1227.17 289.80 0.481078
4 136.66 427.64 221.45 489.65 0.475959
4 1221.08 290.81 1271.22 329.31 0.474961
4 547.09 239.73 584.58 274.42 0.472646
4 299.70 753.31 393.50 867.31 0.472433
4 614.99 240.16 655.93 274.72 0.470097
4 546.94 184.70 579.84 215.79 0.467090
4 161.07 734.58 245.67 843.31 0.467054
4 658.45 91.57 683.03 115.21 0.462127
4 1360.76 457.17 1444.87 516.64 0.461718
4 105.02 845.74 203.48 976.60 0.456895
4 540.18 97.46 567.75 124.92 0.453722
4 1300.45 396.88 1365.09 447.07 0.445918
4 245.63 532.22 317.92 614.93 0.445553
4 1103.31 499.65 1164.68 572.85 0.442251
4 392.47 316.85 441.49 362.31 0.433144
4 616.61 87.97 642.42 112.17 0.432218
4 318.64 410.89 378.34 470.25 0.430800
4 1597.25 772.22 1647.64 847.30 0.430760
4 206.70 621.45 285.64 718.03 0.423133
4 621.13 57.88 645.10 77.82 0.421698
4 599.61 9.45 621.48 30.80 0.409135
4 1182.05 675.02 1284.75 776.05 0.407295
4 1083.89 436.22 1136.70 498.32 0.404277
4 364.33 363.54 413.88 414.98 0.398929
4 1064.88 383.35 1114.80 438.79 0.392826
4 464.91 201.12 501.24 235.20 0.379436
4 232.86 272.00 280.96 311.24 0.377690
4 447.27 230.21 486.06 268.74 0.375556
4 704.78 0.02 725.77 13.54 0.375508
4 1494.98 547.25 1586.42 617.47 0.374455
4 1122.25 577.24 1187.90 663.42 0.372037
4 283.64 466.43 349.86 538.00 0.369952
4 650.00 0.33 669.35 14.97 0.369176
4 422.04 258.62 467.62 307.30 0.367762
4 1258.31 342.24 1317.06 390.52 0.361596
4 1584.33 645.01 1677.98 731.23 0.359433
4 1026.67 309.68 1069.40 353.90 0.357276
1 1599.47 400.60 1616.53 436.79 0.341143
4 83.78 418.24 147.15 475.12 0.339560
4 331.42 173.71 370.20 207.22 0.336436
3 857.71 508.08 892.16 536.69 0.334613
4 34.41 210.76 83.96 245.94 0.332679
4 124.13 374.91 184.84 428.05 0.329920
1 1844.13 532.01 1866.87 575.23 0.328983
4 353.95 153.96 391.13 185.13 0.328256
4 167.45 334.00 229.22 385.64 0.327623
4 1147.11 231.48 1172.71 257.63 0.324804
4 287.18 219.53 327.06 257.42 0.324092
4 0.00 245.47 33.78 283.24 0.322542
4 262.58 239.17 305.25 280.50 0.316540
1 1423.31 355.59 1437.09 386.88 0.316240
4 32.00 1030.58 128.27 1079.51 0.314264
4 166.58 123.16 206.55 152.79 0.313418
4 198.67 301.55 253.22 346.90 0.310719
3 829.14 409.04 868.17 437.51 0.303636
4 711.53 564.71 729.16 602.45 0.297901
1 1520.68 290.55 1533.61 325.07 0.297792
4 81.86 91.66 119.01 119.03 0.295052
4 310.50 197.47 346.98 230.05 0.291589
1 1373.23 183.28 1384.82 206.30 0.282791
4 1597.04 771.97 1728.57 850.59 0.282707
1 817.96 376.20 829.10 404.87 0.282201
4 527.84 0.01 550.02 13.33 0.275965
3 66.98 384.69 83.98 413.72 0.271840
1 196.40 268.72 211.83 296.06 0.270382
4 422.52 95.62 442.67 119.35 0.270129
4 176.89 39.32 211.34 63.44 0.266730
3 850.67 454.14 887.93 500.13 0.265625
3 744.52 683.80 766.77 727.04 0.249984
1 710.64 72.80 719.37 94.38 0.245939
4 219.83 88.75 253.65 112.24 0.240112
4 492.48 16.91 517.27 38.66 0.239139
1 661.81 316.99 675.86 346.86 0.238855
4 431.27 79.24 457.52 102.34 0.238164
1 1763.78 446.58 1785.15 491.44 0.237156
4 85.77 136.34 139.96 164.96 0.231871
3 0.12 455.04 36.21 500.45 0.227319
4 713.05 1006.24 793.75 1079.54 0.222104
4 385.15 125.55 416.59 149.67 0.215654
4 32.84 167.98 93.05 200.13 0.212940
4 232.96 12.65 260.28 32.39 0.209333
2 360.41 130.97 373.38 155.02 0.208382
4 508.64 6.16 530.72 23.69 0.205108
4 466.28 50.00 490.66 71.89 0.204284
2 1387.67 153.84 1400.21 177.99 0.203945
4 158.48 49.36 181.26 71.84 0.203347
4 196.14 98.67 229.36 127.83 0.201812
