2 719.55 479.45 768.51 539.55 0.473935
3 524.93 176.28 541.66 206.38 0.427169
2 214.84 433.02 261.85 488.45 0.418030
2 510.15 196.45 527.76 239.86 0.406032
2 343.99 287.93 359.34 336.49 0.393654
2 443.25 221.54 460.70 275.42 0.388586
2 84.98 465.41 119.62 531.08 0.385696
2 201.73 357.42 222.48 408.67 0.384353
2 211.89 324.43 231.02 368.21 0.380539
2 104.81 453.85 144.82 506.77 0.379731
2 272.82 270.80 292.20 317.89 0.374717
2 248.46 265.49 267.62 318.71 0.373398
2 412.84 202.57 427.41 249.44 0.349942
2 226.53 284.85 252.04 329.72 0.348810
2 73.96 438.00 98.07 520.96 0.343758
2 416.31 127.48 425.36 148.28 0.343679
2 242.66 327.53 255.68 367.55 0.339926
2 462.84 192.24 477.59 232.79 0.332910
2 471.51 144.45 483.68 185.75 0.324907
2 399.29 208.17 416.25 257.64 0.324010
2 486.31 153.88 501.21 188.69 0.317877
2 295.35 306.73 319.30 364.51 0.310641
2 503.06 175.14 518.57 213.42 0.309272
2 449.96 199.18 467.40 237.86 0.302930
7 326.76 334.69 366.56 417.68 0.301619
2 277.51 319.29 295.41 366.37 0.295015
2 233.60 385.95 269.09 418.70 0.284700
7 372.06 252.14 439.53 327.99 0.277717
2 502.57 126.37 512.96 156.48 0.266869
1 514.06 466.42 544.38 495.48 0.261469
2 443.85 123.88 451.46 146.38 0.259753
2 568.39 494.32 618.69 539.62 0.258724
2 258.57 358.01 291.99 404.73 0.251996
7 562.17 418.22 630.26 539.25 0.248742
2 73.24 33.85 569.69 535.63 0.242110
2 462.00 128.30 473.22 154.11 0.223020
7 372.06 280.76 409.01 327.94 0.219942
2 417.36 150.76 426.54 176.38 0.218609
2 73.85 437.54 144.36 531.02 0.214190
