4 489.60 99.25 546.87 225.31 0.493527
4 269.26 89.75 333.58 196.38 0.472523
4 1126.20 446.23 1178.06 570.48 0.463355
4 753.55 500.07 812.67 624.84 0.447768
4 418.56 88.34 480.88 214.33 0.436842
4 375.42 512.94 440.10 640.87 0.436528
4 829.15 487.94 885.47 599.61 0.429442
4 618.04 506.77 677.40 632.16 0.419282
4 695.78 104.78 754.79 232.99 0.418414
4 1506.97 95.82 1566.19 214.64 0.415940
4 1477.69 485.92 1539.86 610.25 0.404889
4 1173.75 84.08 1227.45 209.79 0.396108
4 1440.26 86.16 1497.69 212.32 0.378521
4 767.89 103.18 827.29 238.19 0.369311
4 1756.95 114.66 1810.68 230.49 0.369186
4 845.42 100.86 897.22 244.98 0.359607
1 1628.77 519.17 1656.89 568.74 0.256176
