2 447.05 178.53 468.57 235.30 0.507845
2 340.35 199.22 372.36 267.77 0.475361
1 319.56 250.11 362.65 340.26 0.466135
2 544.34 150.04 565.95 190.53 0.405690
2 601.93 151.14 622.47 196.95 0.330064
4 260.43 52.40 286.80 61.63 0.295849
2 631.98 139.05 644.68 181.05 0.267902
2 657.26 182.42 671.68 207.78 0.264360
7 598.79 99.05 633.83 123.40 0.259751
2 821.83 153.19 834.35 177.74 0.254843
6 655.23 76.59 682.69 97.34 0.248430
2 648.53 105.70 662.64 133.51 0.244893
4 844.63 49.96 857.48 60.41 0.217522
2 773.19 158.58 787.83 188.30 0.216661
2 772.02 99.24 849.93 193.10 0.206249
2 700.27 89.19 710.01 114.72 0.206035
2 782.95 160.10 795.73 193.60 0.201996
