4 416.95 8.87 445.31 34.89 0.518919
4 312.18 65.45 350.35 103.27 0.514565
4 306.85 0.00 338.60 23.02 0.492620
4 933.27 113.35 1024.87 150.20 0.478882
4 703.75 301.43 773.13 374.39 0.474117
4 257.60 200.20 314.94 257.62 0.464375
4 860.37 701.19 953.69 764.55 0.455838
4 762.63 459.87 849.62 570.18 0.444472
5 160.90 326.04 242.42 437.50 0.443740
4 732.82 375.79 810.29 461.67 0.443444
4 973.94 179.96 1083.33 227.09 0.442499
4 869.87 404.57 901.00 444.87 0.416932
4 216.42 268.13 283.24 346.16 0.401988
4 809.38 289.00 915.85 346.09 0.394265
4 654.43 152.00 695.62 197.55 0.392825
4 1099.67 265.57 1199.71 355.15 0.378839
4 1022.99 259.27 1104.49 338.59 0.378663
4 88.66 462.46 194.50 588.26 0.369523
3 981.84 709.98 1033.05 761.16 0.365859
4 0.46 601.86 123.95 764.44 0.359005
4 638.72 93.11 669.31 136.73 0.349975
3 241.31 85.37 256.79 113.13 0.345382
5 859.73 31.68 979.76 86.16 0.336103
3 1322.36 656.36 1359.61 722.26 0.292292
5 628.65 69.60 693.57 104.55 0.291191
4 888.56 79.43 953.92 109.82 0.290330
3 1091.55 403.62 1149.40 454.11 0.285466
6 627.63 7.42 794.68 73.95 0.282323
3 1103.72 212.50 1142.12 239.49 0.282141
1 1252.66 488.33 1279.93 524.91 0.281004
3 1152.77 462.90 1202.53 502.36 0.264819
4 825.98 598.64 898.55 679.57 0.255113
3 1124.70 337.24 1173.14 373.77 0.252641
1 1118.22 208.27 1136.71 236.47 0.251436
4 112.08 462.90 193.70 519.44 0.250665
7 1015.49 443.10 1083.37 519.96 0.247361
2 1038.38 398.14 1065.80 432.87 0.230321
3 1079.97 443.84 1103.63 480.48 0.226126
3 990.73 157.97 1011.93 184.09 0.226060
9 598.82 50.52 648.14 91.77 0.225915
4 162.42 515.36 207.29 573.27 0.206778
4 715.81 86.24 780.19 134.53 0.203204
2 1187.56 399.17 1212.78 432.53 0.202977
7 1040.35 476.67 1087.94 539.09 0.202611
3 1086.73 477.89 1115.97 522.92 0.200048
