3 489.84 253.76 507.17 288.85 0.507245
2 603.38 414.50 644.56 519.15 0.484740
2 486.86 231.55 508.18 277.45 0.439968
2 633.45 249.46 657.09 304.74 0.430144
2 681.03 240.05 708.51 301.75 0.416025
2 719.93 418.48 755.84 516.97 0.409799
6 262.25 316.87 377.99 417.68 0.389618
2 750.04 431.72 786.60 519.58 0.385739
2 804.28 449.75 840.16 539.16 0.382878
2 771.07 409.78 804.86 503.39 0.374929
2 699.30 234.11 713.12 294.81 0.364983
2 845.75 217.39 864.30 246.19 0.361055
3 629.92 211.61 669.41 250.55 0.319469
7 706.23 340.66 808.72 430.93 0.317839
2 826.49 431.04 848.61 516.98 0.310645
2 566.38 114.90 576.54 137.67 0.304839
3 654.44 257.76 687.30 297.03 0.301723
1 327.56 343.54 370.08 393.40 0.298070
3 513.73 183.45 527.97 205.47 0.270363
3 617.04 204.72 653.56 237.06 0.269569
2 655.69 253.02 672.93 278.40 0.266725
3 472.78 170.20 487.93 193.91 0.263618
2 558.00 118.79 565.26 135.65 0.261409
2 749.38 178.91 768.83 221.57 0.246744
2 502.67 191.43 519.10 222.62 0.243851
3 498.60 202.95 522.63 233.62 0.240180
7 660.21 162.77 687.34 187.20 0.238400
7 468.40 318.79 490.45 359.68 0.231078
