2 521.51 340.78 563.49 456.32 0.556555
2 666.51 340.31 707.70 474.67 0.551088
2 399.54 213.40 427.55 297.02 0.547903
2 269.57 269.14 318.54 362.90 0.528352
2 196.06 166.94 223.75 231.15 0.515683
2 146.30 217.12 175.71 298.87 0.504186
2 513.13 234.43 554.08 319.77 0.498015
3 403.38 177.29 439.32 215.85 0.494996
2 349.34 198.52 382.70 278.60 0.479447
2 332.07 260.03 368.96 350.22 0.478939
2 305.12 150.06 331.25 209.32 0.474662
2 313.24 224.81 338.96 307.01 0.466703
2 530.84 94.91 545.32 141.24 0.466629
2 109.92 171.89 129.43 201.91 0.448386
2 644.03 86.29 658.20 124.28 0.443686
2 891.75 146.51 921.76 202.83 0.440790
2 77.55 166.31 106.53 197.21 0.440189
2 333.04 69.29 345.64 101.66 0.434483
2 224.24 61.27 233.65 85.95 0.433705
2 851.30 145.77 880.34 213.29 0.422418
2 938.04 187.33 959.73 255.54 0.421739
2 606.44 64.58 616.80 102.05 0.421391
2 173.94 62.31 184.85 92.95 0.392925
2 570.45 90.58 587.73 116.28 0.391163
2 817.81 121.66 838.18 178.77 0.381771
2 310.16 77.08 321.91 115.65 0.354043
2 780.21 132.30 803.64 175.67 0.350526
2 391.11 143.99 413.32 201.88 0.344063
2 901.22 107.73 917.02 148.74 0.343755
2 510.94 198.51 549.84 276.17 0.340071
2 761.42 133.20 785.85 177.93 0.339680
2 378.09 40.56 387.01 66.25 0.338594
2 127.66 57.69 144.57 85.32 0.338092
2 516.32 168.52 540.05 203.46 0.334184
2 655.19 66.48 664.17 87.96 0.325607
2 584.15 48.44 592.35 70.32 0.322171
2 134.70 127.17 146.34 144.27 0.321196
2 402.26 53.67 413.67 77.82 0.320599
2 715.59 63.31 728.61 94.70 0.320148
2 498.05 147.18 521.47 204.47 0.308324
2 873.01 94.17 890.28 116.29 0.307784
2 808.57 107.73 823.96 142.74 0.306071
2 524.23 17.87 546.10 49.98 0.300012
2 922.33 111.69 957.20 155.86 0.294977
2 691.19 48.77 705.53 76.92 0.289192
2 87.73 116.73 109.30 141.45 0.283212
2 924.29 86.33 940.25 121.92 0.279809
2 804.40 86.49 817.91 113.24 0.272102
2 757.73 89.00 768.97 112.82 0.243590
2 247.54 25.84 270.93 56.21 0.239121
2 749.75 104.93 767.99 173.59 0.230910
2 108.04 60.70 120.70 75.35 0.230815
4 655.48 45.11 688.83 62.27 0.219924
2 577.04 37.08 584.31 55.18 0.204567
