5 144.17 88.86 175.47 109.50 0.477263
3 0.09 455.63 64.40 507.22 0.469409
1 726.91 324.22 744.88 360.81 0.346216
7 125.33 351.60 179.72 393.76 0.297234
2 7.14 439.68 36.61 493.89 0.282309
2 4.09 166.72 958.08 538.91 0.275462
7 30.02 388.14 71.40 441.73 0.271207
4 373.69 147.11 409.17 166.25 0.270205
2 939.18 222.60 955.17 250.56 0.266278
2 69.47 360.34 90.81 412.33 0.264703
6 840.66 416.57 959.59 502.36 0.263859
2 164.33 439.96 188.38 492.42 0.258264
2 867.89 183.80 882.39 204.37 0.256062
7 288.83 466.67 336.64 517.79 0.253391
1 737.11 394.30 755.14 441.99 0.253275
2 638.31 226.58 649.60 253.58 0.244453
2 836.90 181.66 849.80 208.40 0.240595
2 768.66 206.87 784.73 231.76 0.238814
2 357.48 473.05 388.13 530.75 0.235486
1 246.80 149.94 268.21 206.00 0.234767
2 793.36 234.66 811.44 257.89 0.228960
2 601.32 198.82 614.58 232.42 0.228498
7 232.70 368.69 284.68 408.22 0.225522
2 793.39 468.88 822.63 532.43 0.224215
7 12.83 376.84 48.54 409.82 0.224124
2 423.84 363.16 443.93 412.85 0.221789
3 64.84 344.40 105.76 378.99 0.220905
2 372.87 263.30 644.64 419.66 0.220048
2 442.42 214.28 454.79 241.08 0.218373
2 435.18 102.79 447.14 142.37 0.215459
2 574.89 365.28 592.81 413.44 0.213041
2 512.66 160.61 523.79 190.99 0.207296
3 340.37 483.73 363.74 509.95 0.206453
2 349.01 272.70 363.97 315.03 0.205429
2 549.73 363.46 566.42 411.50 0.204288
2 627.20 366.45 647.18 412.36 0.203992
4 78.75 97.80 98.53 112.63 0.201595
