4 159.49 472.75 255.34 531.58 0.511054
4 458.16 36.97 482.64 69.57 0.510353
4 648.52 52.74 672.52 86.52 0.496299
4 823.94 148.88 857.38 185.54 0.479098
4 613.28 38.88 636.76 71.99 0.472825
4 550.31 34.53 578.08 71.18 0.469423
6 678.64 146.31 714.24 198.93 0.464887
4 1098.72 187.58 1116.54 222.91 0.432223
1 945.63 457.70 963.80 489.88 0.420481
4 734.80 522.11 783.23 606.74 0.414978
4 1102.23 229.17 1148.79 270.46 0.385212
1 506.21 166.86 520.07 192.95 0.384525
4 812.52 229.44 852.50 284.88 0.380994
5 792.36 517.10 842.55 608.12 0.371725
6 688.87 541.34 725.91 622.67 0.369539
2 337.63 727.69 371.47 771.59 0.357581
2 61.66 499.09 82.97 523.59 0.352210
4 522.40 44.13 536.43 65.95 0.351363
1 353.71 739.75 371.62 766.82 0.298801
4 1199.92 374.95 1251.17 411.81 0.295577
4 101.44 978.60 154.90 1014.65 0.292668
1 339.15 728.04 354.84 756.73 0.287314
1 498.67 132.62 513.26 157.69 0.280344
3 346.59 756.68 357.36 774.73 0.275370
3 338.55 748.68 357.54 774.97 0.270735
3 131.55 878.67 180.08 899.08 0.248151
7 411.41 179.62 431.29 207.81 0.231144
4 1227.27 206.91 1251.60 234.76 0.201322
