9 122.05 197.85 350.03 396.70 0.707253
9 0.56 195.09 196.50 453.79 0.606084
4 926.88 495.00 1042.50 705.22 0.573781
4 872.96 247.84 952.90 371.27 0.566114
4 919.31 729.73 1056.16 981.59 0.565007
3 1022.81 227.60 1051.66 255.08 0.538904
1 441.68 537.12 480.96 619.04 0.532952
5 1128.48 497.66 1279.45 705.27 0.531288
4 1086.93 172.61 1173.15 260.64 0.490130
4 1211.68 239.43 1317.38 358.81 0.488517
4 776.00 213.80 845.30 353.94 0.488329
1 987.06 144.77 1010.78 191.65 0.488112
1 1089.50 481.19 1129.52 549.13 0.487783
4 1244.69 151.83 1393.36 208.99 0.487421
1 1070.99 447.90 1107.73 508.76 0.481402
4 1127.59 252.24 1220.66 352.06 0.479758
4 1043.36 241.11 1132.08 359.62 0.478770
4 1296.55 231.51 1399.75 309.88 0.468073
4 1265.94 193.06 1399.61 254.61 0.467205
4 951.77 207.32 1042.84 355.80 0.463553
1 1268.38 126.62 1290.74 160.47 0.460765
7 563.35 523.74 604.10 600.56 0.460486
4 705.68 713.42 886.87 1019.65 0.452029
4 1177.16 701.41 1399.43 992.41 0.451370
4 1288.96 8.81 1383.06 112.71 0.449934
4 858.80 158.57 925.84 248.46 0.441754
3 1129.93 107.13 1177.89 133.26 0.427395
4 141.98 2.76 230.44 59.35 0.422343
4 1325.88 496.83 1399.88 648.27 0.404351
4 1318.29 705.78 1399.77 910.36 0.393084
4 383.14 210.52 401.74 259.44 0.382976
4 1264.84 202.29 1279.72 249.99 0.381676
4 1244.27 156.13 1279.81 207.35 0.360439
5 1226.75 17.07 1296.03 108.33 0.357462
4 777.41 213.03 833.80 252.14 0.309897
4 362.86 6.03 423.04 56.26 0.300266
4 1213.28 0.00 1261.21 38.99 0.241398
3 829.36 84.38 869.26 114.06 0.237218
4 142.18 6.68 187.87 46.62 0.233977
2 1126.47 258.85 1161.68 342.60 0.231982
2 775.79 223.12 794.43 256.59 0.229667
3 922.39 80.46 962.01 113.71 0.211601
3 1042.17 80.58 1079.81 115.11 0.200102
