4 445.29 216.44 480.49 260.42 0.445812
4 586.53 373.42 645.69 423.92 0.424936
4 1202.98 727.71 1274.51 786.86 0.418603
4 431.62 162.57 461.61 208.74 0.417788
4 688.68 354.91 747.47 404.24 0.416659
4 623.41 354.45 672.42 399.66 0.414203
4 690.23 401.91 748.29 450.67 0.413468
4 640.54 428.76 707.03 479.41 0.411088
4 425.60 101.72 455.85 151.19 0.398986
4 0.12 136.85 29.39 174.17 0.398084
4 1081.65 649.90 1170.28 726.72 0.393904
5 470.18 251.24 591.58 379.14 0.387082
4 1301.59 744.56 1374.09 787.49 0.380965
1 606.51 68.20 615.51 86.03 0.374622
4 894.11 581.72 969.85 647.01 0.374363
5 750.94 437.63 847.34 515.10 0.371773
4 1157.39 652.37 1237.95 718.83 0.371498
4 813.69 533.20 886.81 595.08 0.369894
4 925.79 497.14 996.25 561.36 0.368901
4 510.73 507.54 544.20 572.96 0.368615
4 748.78 536.19 830.35 606.86 0.366089
5 1008.10 546.87 1086.88 616.56 0.359134
4 975.32 640.39 1056.02 710.28 0.356681
4 729.73 469.91 799.42 533.51 0.354715
4 757.87 395.19 823.95 454.28 0.353797
5 853.16 499.94 926.01 565.45 0.350112
4 190.71 556.99 264.27 588.30 0.346329
4 557.51 298.52 614.83 354.45 0.345603
4 185.59 612.17 256.35 651.20 0.339750
4 186.37 583.88 259.94 617.10 0.339055
4 128.47 646.86 206.98 680.57 0.334459
4 87.79 714.27 179.55 751.52 0.332313
4 968.19 573.75 1048.48 645.20 0.329487
6 681.97 173.71 773.60 309.88 0.325335
1 583.68 71.72 593.07 91.61 0.322014
4 81.81 751.60 166.09 786.96 0.316357
4 464.93 503.34 503.61 575.70 0.314358
7 588.85 135.92 620.43 158.67 0.310350
4 194.61 667.31 240.49 730.54 0.310098
4 172.72 735.73 222.56 787.20 0.302729
6 1067.42 693.23 1171.87 783.77 0.302241
4 120.82 680.24 193.60 716.95 0.298683
4 420.56 34.97 439.96 48.83 0.249907
1 599.74 767.56 615.64 786.80 0.233086
4 853.82 562.59 886.79 594.60 0.224575
6 804.67 252.10 927.38 380.98 0.220579
2 582.39 66.86 616.15 92.01 0.217730
3 785.61 742.09 812.54 773.56 0.208802
