4 641.64 596.08 665.72 647.78 0.500666
4 458.68 390.15 482.60 440.77 0.419310
4 529.58 624.82 555.44 683.67 0.401890
4 551.37 337.53 575.92 377.63 0.390589
4 1326.55 298.36 1355.03 347.94 0.387167
4 1189.91 290.54 1216.95 339.91 0.346010
4 452.37 544.82 488.39 602.25 0.338882
4 1057.91 162.58 1083.35 192.91 0.338082
4 1251.00 295.35 1277.05 341.92 0.337242
4 797.31 67.12 841.40 100.77 0.334704
4 461.58 315.04 491.22 357.38 0.333763
4 1283.14 418.05 1332.62 453.25 0.326630
4 794.47 204.34 829.72 253.61 0.318976
4 454.75 268.83 501.57 311.49 0.318314
4 472.27 7.55 510.44 47.35 0.313296
4 667.92 0.39 686.43 22.64 0.312215
4 1056.47 209.99 1091.32 263.26 0.311981
4 475.83 105.51 497.08 151.76 0.308916
4 1222.33 294.47 1249.79 342.20 0.304217
4 483.31 676.13 530.41 724.94 0.301491
1 561.56 510.15 572.52 530.71 0.285834
10 431.74 613.41 455.89 664.99 0.275741
4 794.99 31.44 833.99 66.61 0.269478
4 793.11 261.86 833.59 303.71 0.268758
4 836.81 332.91 860.03 381.58 0.265874
4 830.15 725.38 853.32 764.30 0.257920
4 786.45 335.58 811.14 385.66 0.256429
1 758.23 419.89 768.57 440.10 0.252802
6 891.07 718.00 1117.04 764.53 0.252310
4 800.37 121.15 817.66 144.86 0.251886
5 192.49 197.26 221.53 251.56 0.242928
10 1212.14 421.23 1261.30 454.92 0.241469
4 1253.33 735.44 1308.57 758.68 0.217638
4 314.14 592.95 329.68 626.25 0.209151
4 0.09 121.69 17.44 174.16 0.205628
3 1058.48 240.09 1088.12 282.73 0.205526
4 222.61 153.36 249.61 187.18 0.205019
4 243.66 54.31 268.99 84.90 0.203325
