4 655.15 259.96 734.13 298.92 0.572407
4 1301.48 694.64 1359.67 764.31 0.431307
4 1159.81 685.89 1279.61 764.50 0.405717
4 1235.50 183.39 1279.87 214.59 0.400549
4 1233.38 310.83 1279.70 367.70 0.386591
5 539.15 361.82 654.09 437.80 0.377572
6 546.72 309.23 619.95 343.23 0.351078
6 144.96 255.09 223.75 315.50 0.349595
6 322.39 428.00 445.39 521.34 0.334502
6 1213.25 238.50 1316.36 312.23 0.322547
6 1246.56 298.56 1359.76 387.36 0.321600
6 1158.09 143.94 1273.25 200.63 0.305198
4 1246.27 453.99 1279.80 503.07 0.302760
5 674.80 341.00 743.10 401.56 0.301687
5 1035.24 661.37 1148.34 763.69 0.301641
6 1173.40 391.94 1279.56 473.33 0.293440
5 769.84 313.02 834.99 372.57 0.291655
5 712.41 323.69 784.06 383.02 0.291108
6 1246.10 416.42 1359.55 509.81 0.286022
6 1105.27 371.77 1223.06 451.20 0.282356
6 816.92 334.57 1156.39 498.81 0.274854
6 816.80 409.92 952.24 498.67 0.272841
5 587.66 352.95 695.78 421.44 0.270621
6 912.92 644.66 1061.94 764.36 0.268540
6 80.41 589.82 303.05 764.26 0.267626
6 755.06 626.68 879.77 764.24 0.265766
6 592.87 599.62 760.52 764.41 0.260732
1 1179.55 344.03 1194.42 373.50 0.257192
6 433.84 575.34 633.78 764.28 0.251142
6 1014.04 153.92 1115.98 214.84 0.250669
2 239.78 272.73 277.69 301.91 0.248781
5 812.18 303.20 873.75 360.01 0.246581
6 856.59 205.97 936.27 254.37 0.245949
4 654.11 327.03 704.61 350.88 0.245798
6 241.30 540.51 376.21 651.72 0.236140
2 675.01 327.56 694.78 347.87 0.235542
6 325.76 555.79 511.95 758.10 0.231423
6 268.58 550.72 427.89 697.92 0.226028
1 1256.71 350.53 1272.00 385.23 0.224596
6 1287.08 252.08 1359.68 310.36 0.224425
6 868.12 391.01 1007.61 477.17 0.220403
4 748.42 300.54 797.49 326.74 0.219488
5 1324.86 483.36 1359.75 538.24 0.217143
6 1045.19 341.29 1147.56 418.41 0.209533
3 991.81 150.94 1018.51 172.83 0.204936
