4 51.38 750.97 100.39 783.63 0.460385
4 676.69 454.37 729.17 478.76 0.398654
5 671.94 607.04 735.74 639.37 0.386468
4 516.06 767.03 580.13 787.52 0.371273
4 530.27 693.60 586.44 722.15 0.370612
4 639.07 109.41 658.13 142.17 0.361391
4 936.76 691.20 984.47 714.70 0.354711
4 558.01 637.56 596.11 664.70 0.349138
4 672.20 572.60 728.50 601.02 0.343051
4 649.93 146.72 671.69 185.03 0.341041
4 1348.35 698.77 1377.76 716.55 0.332636
4 515.06 726.88 578.14 756.00 0.330186
4 958.35 457.43 981.22 474.60 0.324817
4 670.43 548.08 728.41 580.14 0.321344
4 543.44 485.54 601.79 512.73 0.315882
4 532.70 662.77 594.63 691.98 0.313482
4 585.98 382.88 612.21 404.24 0.313249
4 689.47 644.18 732.23 669.05 0.311378
4 690.83 734.14 757.19 783.16 0.307875
4 671.51 521.77 728.23 548.47 0.305626
4 668.72 347.50 689.34 391.02 0.297919
4 569.17 271.80 617.34 309.81 0.290797
4 452.92 14.05 496.64 45.18 0.290476
4 1075.45 0.00 1097.14 18.45 0.286723
4 467.53 2.63 503.76 25.01 0.279839
4 557.98 534.35 603.95 562.00 0.278057
4 562.08 558.21 600.01 583.10 0.274970
4 675.72 496.27 731.94 525.05 0.266374
4 1055.60 0.34 1071.47 16.46 0.255969
4 740.27 777.42 776.64 787.66 0.254668
2 895.76 140.09 908.90 161.04 0.252631
4 569.33 343.05 623.21 383.59 0.251751
4 659.90 297.67 681.95 333.17 0.248914
4 703.12 151.57 714.74 171.89 0.248162
4 1036.98 0.58 1054.16 18.68 0.241685
2 1160.90 217.25 1179.48 244.09 0.241433
3 305.13 593.00 321.08 618.68 0.236521
4 843.68 163.84 877.69 191.13 0.230728
4 888.33 691.77 938.05 723.54 0.223246
2 713.90 412.40 724.57 440.62 0.220585
4 795.43 73.12 809.15 91.69 0.215504
4 919.59 372.89 944.82 395.90 0.211417
4 1282.85 183.37 1315.80 201.55 0.207016
4 1230.04 163.09 1253.10 173.73 0.205380
4 1266.78 124.49 1281.05 138.95 0.205341
2 982.32 201.13 995.00 220.38 0.203778
6 824.71 83.67 851.33 104.51 0.202719
4 550.36 465.11 600.57 487.93 0.202172
5 965.35 588.10 988.74 611.85 0.201838
