4 10.03 408.89 153.80 529.40 0.668319
4 811.85 157.25 903.32 199.78 0.497004
6 881.75 249.42 1069.63 361.22 0.419319
4 846.12 38.60 903.09 64.04 0.366609
4 831.40 10.37 889.08 34.97 0.339295
6 532.18 28.33 624.50 93.48 0.337925
5 284.53 586.26 420.40 689.21 0.312414
4 1286.52 282.58 1359.74 390.98 0.306663
6 1208.36 436.20 1359.56 633.71 0.300915
5 1100.54 439.21 1225.36 596.26 0.295168
5 242.28 673.58 395.10 764.40 0.294214
4 845.62 28.60 905.64 52.50 0.292807
5 1005.06 427.39 1104.55 571.36 0.288407
4 680.43 564.83 767.37 659.39 0.288045
6 268.10 213.04 395.60 292.88 0.285758
5 348.24 511.28 470.91 617.33 0.278827
6 267.86 81.70 546.80 293.13 0.274590
5 381.90 457.38 500.49 548.78 0.271343
6 845.74 182.22 894.33 263.63 0.270766
5 911.28 422.02 1003.14 563.43 0.270678
6 412.55 81.84 546.02 163.58 0.268954
6 813.05 406.08 899.87 543.90 0.262114
6 762.04 174.47 825.41 257.92 0.258713
6 86.91 93.21 684.88 762.90 0.252496
4 535.23 47.17 562.33 67.34 0.252417
6 399.84 138.68 516.25 186.38 0.246587
5 632.84 74.21 715.40 114.04 0.245574
7 140.99 598.42 292.00 682.06 0.237047
4 695.99 507.11 777.07 584.27 0.235308
4 673.55 646.28 758.41 758.24 0.231807
6 672.58 398.98 938.21 763.89 0.231470
7 1126.59 258.92 1236.31 390.22 0.230952
6 371.88 158.78 483.54 216.46 0.227606
6 763.74 533.21 930.43 678.95 0.226591
6 719.42 399.23 804.51 528.15 0.226246
4 858.79 0.31 903.49 22.47 0.219622
6 869.67 140.17 924.93 187.61 0.215479
6 671.44 646.11 938.18 764.45 0.213039
6 632.17 0.00 768.24 114.13 0.212779
5 451.84 400.88 522.05 495.06 0.208811
4 1327.84 313.12 1359.79 390.79 0.206965
6 869.09 61.12 934.39 111.65 0.204246
