4 764.38 435.16 929.51 516.10 0.524714
4 735.71 543.07 922.96 636.16 0.480011
4 200.11 314.19 312.31 373.90 0.474878
4 257.52 282.83 397.29 342.96 0.456316
4 340.43 199.82 453.56 245.61 0.446464
4 248.30 663.76 473.86 763.72 0.437561
4 570.48 28.64 635.59 58.52 0.430029
4 302.35 521.22 500.08 613.93 0.427407
4 738.96 305.17 877.67 369.54 0.422451
4 351.99 452.80 518.80 537.20 0.421611
4 280.14 593.16 472.19 688.43 0.398051
4 397.13 326.38 542.95 385.69 0.394225
5 231.88 217.51 402.35 302.19 0.392517
4 391.13 360.53 540.63 427.50 0.372599
4 457.42 254.25 582.33 314.43 0.371962
4 740.17 281.15 851.19 323.17 0.368162
4 419.53 293.66 552.16 349.40 0.366510
4 462.62 230.23 571.90 274.50 0.360292
4 378.06 398.15 525.95 475.89 0.357953
4 526.33 100.01 605.51 131.39 0.355939
4 739.74 255.00 850.16 298.31 0.350742
4 721.94 35.67 788.04 60.21 0.339913
4 734.94 88.96 797.22 118.18 0.334377
4 730.39 168.06 822.13 205.28 0.328570
4 729.75 63.76 798.13 95.51 0.313212
4 478.56 203.89 584.55 249.15 0.310005
4 478.40 187.29 586.38 223.81 0.305701
4 738.55 209.33 837.85 242.61 0.303912
4 741.40 231.66 843.41 272.12 0.301945
5 549.49 47.27 615.88 93.42 0.300710
4 740.58 190.64 837.68 224.97 0.296371
4 512.48 119.52 598.19 154.82 0.286017
4 491.35 168.64 587.24 203.41 0.285813
4 493.23 152.50 588.73 184.10 0.279207
4 511.21 135.67 588.08 166.57 0.240689
4 718.63 14.54 780.10 42.11 0.238890
