4 881.45 68.49 974.30 115.31 0.558490
4 605.72 409.56 712.97 461.69 0.557278
4 861.00 445.20 961.77 502.18 0.536212
4 1158.70 315.93 1208.35 397.60 0.520133
4 483.23 118.24 564.67 164.77 0.515455
4 981.36 233.44 1030.82 302.40 0.487836
4 1213.22 189.81 1273.70 272.29 0.472741
4 1224.23 1020.86 1304.54 1057.82 0.463158
4 548.60 284.00 595.78 368.63 0.454188
4 751.08 253.66 795.37 339.01 0.450593
4 868.72 243.00 919.03 325.48 0.445375
4 1223.16 523.81 1279.71 621.24 0.444501
4 402.14 394.07 450.20 482.95 0.439705
4 810.84 245.78 860.86 328.64 0.438776
4 915.79 228.35 964.02 305.54 0.435737
4 1153.57 533.93 1231.86 640.91 0.416090
4 967.99 690.53 1036.71 818.33 0.410357
4 635.99 313.00 661.14 375.16 0.393796
4 603.37 296.91 661.24 374.85 0.392417
4 948.10 568.36 1009.62 671.26 0.384948
4 1287.75 516.33 1368.30 619.07 0.354915
4 1095.26 549.27 1170.20 648.05 0.350986
6 1523.36 451.18 1610.65 522.38 0.315219
3 822.51 648.47 858.70 692.36 0.296280
4 595.04 609.74 651.67 721.01 0.286796
1 797.82 625.04 827.95 694.47 0.285960
4 359.53 596.43 388.44 627.59 0.274076
4 402.48 598.93 433.87 652.59 0.272785
4 1306.02 1046.99 1345.35 1069.17 0.265149
4 636.13 610.27 651.33 715.63 0.262319
1 1246.59 691.87 1259.60 720.27 0.260948
1 703.58 630.89 729.99 667.00 0.254941
3 520.08 726.72 577.93 771.99 0.253133
5 526.22 596.06 581.80 721.72 0.251086
2 791.40 587.17 812.80 633.32 0.249640
1 1247.05 890.81 1263.60 918.74 0.241214
4 1792.82 319.27 1839.21 348.99 0.239089
4 1445.55 17.59 1470.82 38.08 0.225061
3 808.71 690.12 832.02 720.03 0.221067
6 809.57 35.57 914.85 76.67 0.219458
2 124.90 446.46 163.79 470.56 0.217946
2 679.15 603.24 700.63 633.54 0.214153
2 844.53 720.79 875.66 766.66 0.213935
4 1324.02 14.98 1360.31 38.15 0.206224
4 497.46 903.85 550.61 947.85 0.206086
2 1263.60 705.14 1276.14 723.45 0.203222
6 217.29 0.00 348.08 29.23 0.202960
