6 247.66 347.00 841.15 511.67 0.495298
6 1277.53 14.12 1359.58 79.92 0.432463
6 908.47 0.14 1078.87 50.42 0.395466
4 225.06 584.45 343.06 736.18 0.394115
6 317.37 249.16 853.80 378.69 0.358800
4 896.04 0.03 926.93 25.92 0.339492
4 858.36 117.62 900.22 169.32 0.337842
6 552.61 75.58 817.06 136.08 0.325983
2 738.46 27.37 768.51 64.12 0.317088
5 835.61 133.53 879.13 196.54 0.298413
6 445.18 166.76 797.85 271.87 0.296997
10 338.79 367.74 393.75 404.46 0.296649
6 526.64 137.60 837.48 199.72 0.274958
6 224.61 585.12 880.36 764.17 0.269274
6 453.92 40.52 768.90 113.11 0.255202
4 604.84 118.92 643.71 146.44 0.255095
2 562.17 179.15 585.08 200.24 0.254559
5 806.74 193.57 872.64 280.70 0.215222
6 426.28 247.54 744.52 314.80 0.214196
4 1156.03 0.09 1188.17 10.98 0.214061
6 247.66 1.94 896.93 512.11 0.211661
6 575.56 0.22 762.41 34.22 0.211260
