4 450.45 31.91 541.76 78.94 0.556050
4 1307.86 235.38 1359.57 298.36 0.537342
4 1106.62 74.43 1204.49 124.19 0.526032
4 1206.87 138.88 1319.14 197.53 0.521180
4 1060.80 31.32 1144.89 73.96 0.501227
6 376.00 0.19 610.60 59.70 0.453399
4 1028.60 6.00 1119.03 48.61 0.452025
6 465.07 411.68 807.19 598.69 0.419263
4 1029.77 0.12 1098.38 15.98 0.395241
5 683.55 146.16 773.75 250.58 0.383093
3 1161.17 90.71 1246.41 157.34 0.366096
6 413.48 296.98 794.71 489.67 0.308117
6 472.40 50.63 697.33 206.61 0.304015
4 1339.58 288.64 1359.78 364.53 0.299748
6 382.57 36.53 849.67 597.01 0.273578
4 709.49 239.21 780.28 308.75 0.258014
5 774.42 317.78 849.44 444.85 0.256956
1 683.54 406.13 742.08 486.78 0.231326
6 1231.31 0.01 1359.49 76.72 0.214569
