4 421.17 361.98 487.14 436.04 0.537496
4 579.05 232.62 621.13 281.79 0.531666
4 519.12 320.65 566.93 384.42 0.527233
4 532.57 206.26 570.61 247.89 0.518381
4 676.23 491.76 756.66 610.50 0.515436
4 63.15 454.67 173.89 562.07 0.515237
4 625.20 147.08 668.56 176.43 0.513392
5 150.74 323.79 261.54 388.96 0.512916
3 290.56 672.91 330.59 719.89 0.461551
4 686.61 55.99 703.02 72.10 0.451286
1 355.43 435.09 374.91 484.37 0.441001
4 446.50 68.88 467.25 87.43 0.436532
4 247.02 297.91 311.65 345.51 0.435935
3 125.83 402.43 159.67 433.62 0.424049
4 259.01 238.06 336.13 281.05 0.396611
3 921.56 292.09 936.86 313.40 0.391687
1 50.85 314.15 70.03 357.82 0.388226
4 613.76 24.82 625.72 39.13 0.383795
1 711.26 166.18 723.01 191.83 0.381827
2 292.86 635.25 332.12 699.69 0.380599
4 761.50 47.25 778.58 62.68 0.377953
3 746.09 183.23 756.87 201.49 0.366844
4 18.50 308.19 63.21 347.13 0.363516
4 679.43 25.97 694.18 39.71 0.346659
4 0.07 616.84 47.00 706.05 0.341782
4 880.06 31.47 898.07 46.12 0.332927
4 618.77 3.34 632.73 16.18 0.320676
4 729.86 8.64 744.82 20.28 0.310903
4 667.81 10.63 680.94 22.00 0.302150
4 917.99 60.64 942.74 78.58 0.298305
6 906.48 30.10 924.59 44.94 0.296688
4 653.10 25.61 668.04 37.24 0.295837
3 576.04 69.39 585.02 88.04 0.290406
4 644.94 0.05 657.54 7.00 0.287934
4 646.31 13.69 657.92 26.66 0.287196
7 2.06 417.14 67.35 471.43 0.284483
2 0.26 313.96 16.78 357.31 0.280522
3 746.39 140.95 755.06 153.29 0.279828
4 907.14 47.57 929.68 63.54 0.272820
4 663.39 0.25 676.08 10.34 0.267145
6 921.52 30.72 950.68 45.21 0.262818
4 540.72 38.15 558.08 47.03 0.257454
9 836.55 0.30 952.56 44.27 0.242190
1 81.07 346.20 90.86 372.95 0.241676
4 388.77 40.42 402.99 55.48 0.236074
4 930.20 46.95 948.38 63.63 0.233300
3 243.85 276.72 263.34 302.49 0.232639
4 137.05 264.03 167.52 283.12 0.228347
6 739.43 47.34 759.78 66.94 0.214451
2 827.90 94.42 837.40 115.42 0.206242
2 572.48 52.68 580.21 67.95 0.202285
4 864.12 30.91 876.94 42.60 0.200790
