4 706.77 310.62 750.84 331.97 0.548729
4 660.06 466.67 687.66 518.35 0.448349
9 192.84 219.94 236.24 239.16 0.448010
4 615.58 352.17 653.55 385.07 0.391594
4 666.13 68.66 680.66 83.82 0.361253
5 526.53 319.61 571.52 347.79 0.357498
5 656.03 208.94 673.10 234.92 0.353720
4 654.83 9.40 666.54 24.98 0.339368
9 1100.89 228.06 1146.18 245.09 0.325104
9 955.66 223.27 1004.38 246.45 0.320820
7 559.23 354.70 578.55 380.84 0.316489
4 656.80 30.49 669.42 45.01 0.315608
5 626.50 84.06 639.44 107.54 0.308351
6 623.71 179.23 646.04 206.63 0.299408
4 705.19 210.97 720.70 230.48 0.297049
4 628.58 135.01 641.11 150.25 0.291625
4 630.86 118.82 642.64 134.10 0.290102
2 546.06 417.90 556.80 434.29 0.279519
2 728.30 398.03 738.98 419.19 0.278467
2 639.13 412.52 648.95 435.87 0.270707
4 626.72 62.28 639.13 76.16 0.262717
4 621.83 219.65 643.86 244.22 0.259434
1 482.67 254.90 494.53 283.20 0.256412
2 641.05 282.33 651.29 300.52 0.254601
4 895.35 967.03 920.36 992.88 0.253700
4 679.28 31.60 693.83 46.22 0.253418
2 606.99 380.41 618.80 418.22 0.250593
4 674.73 50.07 686.69 61.10 0.246881
2 626.26 274.63 637.24 299.19 0.245288
4 728.86 144.87 740.79 159.17 0.242990
2 653.82 254.09 664.15 271.04 0.238325
4 594.44 68.65 603.60 82.88 0.236947
9 626.32 16.47 638.74 36.25 0.234425
4 619.96 38.68 637.88 54.74 0.232118
3 786.27 516.11 808.37 535.13 0.231536
4 627.91 153.23 644.85 163.53 0.220204
4 686.78 66.79 697.98 81.57 0.218884
4 591.16 154.15 602.73 171.76 0.217909
4 689.14 86.05 701.87 99.81 0.216826
9 767.45 239.61 808.95 256.54 0.215866
4 476.77 323.38 489.62 350.47 0.215423
4 709.48 94.55 720.72 111.60 0.212671
4 675.22 12.56 687.31 26.56 0.209258
4 159.11 300.37 178.61 311.93 0.207772
4 285.06 208.69 317.94 237.56 0.207145
2 675.57 100.43 684.75 127.04 0.205711
2 783.15 499.26 800.92 533.91 0.204792
