4 632.98 269.17 659.47 295.94 0.520469
4 582.27 220.79 607.96 242.74 0.504562
4 737.39 372.12 769.82 407.31 0.493629
4 738.54 316.54 768.48 345.19 0.489173
4 504.41 135.68 530.63 158.05 0.489025
4 785.05 125.42 809.69 135.59 0.478320
4 793.70 569.18 827.23 635.34 0.475736
4 597.47 199.52 623.90 224.82 0.473489
4 701.23 584.71 735.92 640.63 0.450319
4 266.82 153.94 290.97 170.95 0.441980
4 441.38 468.41 480.79 492.34 0.433247
4 300.33 161.82 322.65 179.03 0.413345
4 304.43 179.59 327.55 194.81 0.404531
6 732.21 23.51 801.24 47.91 0.354834
4 550.98 121.13 567.88 134.73 0.327164
4 79.13 634.12 120.97 650.76 0.322656
4 777.83 55.31 801.92 66.93 0.290777
4 596.74 134.77 619.84 158.84 0.280341
4 565.24 19.44 581.71 31.98 0.264360
5 557.21 485.04 576.33 519.24 0.249458
4 852.53 39.45 872.93 49.68 0.246401
9 578.54 124.58 601.42 146.36 0.243686
3 174.38 505.14 238.25 563.75 0.243497
4 737.05 110.80 752.35 121.94 0.239860
4 836.84 41.69 846.14 50.26 0.238110
4 879.45 44.63 893.45 53.49 0.230975
9 578.40 123.85 620.34 158.94 0.225390
4 812.49 40.06 826.32 48.59 0.218205
3 174.50 522.90 207.97 563.18 0.214778
3 200.98 505.11 238.50 533.11 0.212568
4 962.12 657.47 979.20 674.69 0.211291
4 906.28 68.19 929.13 79.55 0.209667
6 734.79 111.93 759.91 135.01 0.206610
6 891.40 34.05 938.88 58.11 0.201111
