4 401.46 983.23 436.15 1012.59 0.460995
4 449.75 766.33 482.59 787.76 0.431346
4 506.48 945.95 550.42 977.16 0.430989
4 573.21 1009.66 593.41 1049.01 0.416743
4 800.18 713.69 816.49 742.85 0.394490
4 384.98 1019.29 421.61 1044.26 0.394136
4 134.57 622.24 158.63 641.22 0.385922
4 813.13 763.49 836.27 797.18 0.373912
4 634.62 609.20 657.84 626.87 0.372808
4 790.79 666.52 806.51 692.32 0.365572
4 564.32 932.16 593.75 961.74 0.363081
4 822.24 814.99 853.17 845.12 0.355619
4 830.96 515.17 844.62 535.48 0.354607
4 528.83 671.81 557.45 690.38 0.350773
4 622.92 643.55 646.99 661.75 0.348742
4 827.15 480.62 839.51 502.42 0.347883
4 466.57 652.08 495.07 670.15 0.341977
4 792.46 236.70 808.52 245.72 0.341810
4 650.01 581.53 669.62 602.92 0.328463
4 911.56 162.60 927.59 188.60 0.326719
6 355.38 661.23 486.38 786.38 0.315989
4 839.26 389.93 855.00 410.09 0.309238
6 621.28 82.42 667.11 105.33 0.300233
4 203.64 746.81 223.76 765.68 0.295314
4 835.84 448.83 851.55 466.31 0.293945
4 613.55 667.94 639.04 689.90 0.289819
4 655.67 561.29 669.81 573.64 0.287933
4 268.31 949.31 282.55 964.98 0.286974
4 749.87 340.80 769.11 349.69 0.286870
4 784.39 250.26 802.93 262.17 0.284272
4 879.42 254.83 897.53 264.15 0.280569
4 622.94 777.41 640.68 810.65 0.275652
4 879.42 740.91 898.23 768.26 0.273754
4 506.60 752.72 528.36 784.45 0.271563
4 533.47 88.09 560.85 102.20 0.270989
4 509.52 650.86 531.65 669.13 0.267485
4 705.60 271.32 720.34 282.75 0.263997
4 592.37 591.52 607.60 603.76 0.263044
4 677.60 523.25 689.99 542.04 0.259878
4 693.29 591.21 716.22 604.08 0.255880
4 626.91 811.59 646.43 846.26 0.254552
4 610.02 812.01 631.94 845.73 0.254419
4 590.95 347.49 616.40 364.52 0.253982
4 767.56 307.91 781.89 319.86 0.251828
4 46.41 834.39 68.07 851.52 0.251747
4 771.02 259.40 791.55 272.89 0.250048
5 675.09 626.62 703.47 678.08 0.249123
4 720.35 290.98 741.47 305.80 0.245600
9 1156.39 187.67 1266.79 351.69 0.244181
5 474.32 679.96 516.66 719.10 0.241822
4 643.42 663.42 665.88 686.62 0.241812
4 962.31 0.00 973.60 9.43 0.237814
4 934.08 219.64 948.23 232.56 0.237352
4 1016.88 241.48 1030.29 259.53 0.233918
4 580.17 26.00 596.99 41.46 0.232432
4 876.28 320.19 890.26 335.07 0.232049
4 757.91 320.00 774.99 334.89 0.230476
9 875.74 303.16 895.53 335.62 0.229485
4 378.68 970.35 400.83 995.33 0.228903
4 753.14 384.15 773.25 401.40 0.228400
4 655.30 641.35 676.90 662.42 0.224554
4 400.76 215.46 421.03 228.14 0.223976
5 835.24 426.29 859.28 467.18 0.220449
6 640.94 893.38 689.18 1012.13 0.220107
4 490.84 588.08 512.98 614.50 0.219155
4 783.94 313.45 803.45 325.81 0.218223
4 820.32 779.23 835.54 797.21 0.217307
4 717.49 170.53 736.28 187.24 0.215029
4 641.59 984.86 664.34 1010.84 0.214145
4 678.18 25.69 693.65 38.75 0.213550
4 1146.02 353.41 1164.21 374.39 0.210206
4 677.18 582.88 694.17 597.19 0.206747
4 860.36 723.53 878.12 754.45 0.205915
4 827.76 269.73 839.54 283.30 0.205587
4 790.63 199.62 811.58 215.58 0.201449
