9 429.84 87.40 577.39 173.28 0.704381
4 300.37 208.41 419.14 259.37 0.655021
4 0.24 623.41 144.36 766.86 0.631409
3 911.27 393.44 968.76 428.22 0.606816
4 809.94 90.25 857.84 121.30 0.512938
1 721.35 598.82 770.07 657.86 0.503259
4 571.23 157.11 656.23 196.07 0.500594
4 120.03 634.78 144.60 703.93 0.494107
1 25.95 381.12 65.45 445.49 0.484889
1 587.09 718.96 630.05 804.26 0.483279
4 0.00 434.94 28.86 485.36 0.482088
1 994.15 397.22 1021.01 458.25 0.471486
1 549.81 281.53 574.99 331.85 0.460515
1 931.96 370.18 956.58 429.18 0.455175
1 467.92 829.13 513.95 921.62 0.453598
3 245.49 776.91 360.78 861.88 0.440490
1 921.18 274.66 939.22 321.59 0.434219
3 511.71 317.91 535.06 355.77 0.394557
6 776.04 72.15 1002.63 286.54 0.391746
1 430.55 853.87 469.40 943.51 0.362528
2 559.24 189.22 575.78 225.20 0.349900
5 953.57 32.42 977.95 55.17 0.347119
6 403.13 54.18 557.23 126.26 0.343369
4 581.17 131.21 645.48 163.70 0.342595
2 548.15 186.73 562.39 224.56 0.340412
2 775.71 133.16 788.71 159.64 0.340290
3 820.19 619.73 876.96 689.12 0.329691
5 665.42 23.42 699.26 55.87 0.326209
4 537.40 120.78 597.49 162.74 0.315890
4 1177.50 86.38 1255.45 113.70 0.311204
2 587.64 182.17 603.97 223.47 0.302886
4 1180.10 54.82 1230.73 77.80 0.298092
3 748.44 610.96 785.33 658.01 0.298007
4 575.22 102.19 610.90 126.07 0.292834
3 512.84 316.68 566.55 355.66 0.285787
4 599.53 107.86 650.88 136.65 0.280617
4 1122.70 71.57 1161.65 95.99 0.272152
4 1009.91 148.09 1057.42 169.60 0.268971
4 0.07 587.65 23.08 640.41 0.253083
4 1070.75 136.80 1126.03 165.58 0.250815
2 936.36 156.41 949.89 191.08 0.250725
3 657.03 307.28 683.61 354.33 0.247996
4 797.97 132.63 864.25 160.36 0.240341
4 628.41 79.04 679.19 111.78 0.233755
4 1167.12 82.16 1203.52 105.66 0.218000
2 1060.55 60.54 1072.24 85.29 0.213702
4 647.00 110.41 692.18 138.55 0.212435
4 923.03 9.52 946.22 27.26 0.210218
4 878.60 118.66 924.50 149.53 0.209461
2 1244.00 202.64 1258.60 235.13 0.207695
2 800.82 610.88 824.22 641.02 0.202893
4 869.08 24.64 894.15 44.76 0.201414
