4 1039.28 544.15 1209.49 631.19 0.657226
6 831.79 345.85 990.78 448.57 0.647122
5 940.65 466.84 1110.14 568.01 0.592463
4 775.54 341.04 878.67 400.90 0.554459
4 253.34 0.60 285.77 32.66 0.530949
5 797.93 176.95 876.21 226.21 0.525982
4 1157.25 111.64 1214.88 138.50 0.511093
4 201.31 290.94 262.03 372.76 0.487848
4 120.05 358.73 171.38 455.03 0.478449
4 398.38 37.13 463.09 69.02 0.472526
1 748.94 484.85 770.66 535.52 0.429082
1 722.40 481.32 748.15 529.15 0.411075
4 1050.20 172.56 1116.33 226.53 0.399328
4 852.44 207.70 914.41 240.76 0.386434
1 691.79 270.31 711.53 314.98 0.379377
1 604.58 142.64 618.05 176.59 0.352150
1 749.67 330.14 768.29 370.62 0.352067
4 993.42 183.40 1066.37 235.10 0.348307
1 579.80 122.73 595.08 157.27 0.342214
1 710.65 172.35 730.14 208.01 0.337932
1 1045.99 143.69 1061.95 181.41 0.330956
6 569.77 221.78 642.26 324.67 0.321589
1 556.17 120.14 568.24 154.64 0.320120
1 728.72 235.96 742.30 263.08 0.319146
1 761.16 297.28 779.62 328.33 0.313935
1 618.16 128.08 632.05 158.55 0.313786
4 402.07 12.63 442.52 38.82 0.312369
4 813.15 144.28 838.30 171.89 0.311503
1 1114.93 285.19 1132.95 319.46 0.307693
4 592.80 319.59 660.56 392.50 0.302106
4 954.94 133.15 985.48 154.30 0.301471
4 940.65 195.51 1010.83 243.67 0.298462
4 1188.64 269.99 1221.43 303.38 0.293558
4 703.26 234.02 741.21 277.36 0.287809
4 810.21 240.26 846.70 271.01 0.287653
3 685.93 198.01 706.52 232.49 0.286005
2 647.43 325.78 666.21 363.68 0.280040
5 721.30 260.34 759.30 321.45 0.267991
4 408.36 82.74 444.35 124.69 0.257764
2 834.43 419.00 855.95 455.78 0.254008
4 550.23 171.88 601.76 206.86 0.253798
4 1113.30 108.89 1136.90 134.99 0.252901
4 1248.92 232.79 1322.29 273.18 0.245348
4 1066.58 112.42 1094.67 145.04 0.243831
4 0.10 178.98 24.86 207.09 0.243687
1 386.13 61.69 398.55 93.30 0.236955
4 864.17 127.67 896.86 152.85 0.235745
2 538.06 78.04 552.59 120.15 0.229182
2 683.11 154.90 695.63 191.84 0.224967
5 517.74 141.68 565.37 185.87 0.224250
2 547.98 61.21 561.02 89.50 0.220175
4 779.01 228.61 807.28 249.57 0.213043
7 755.92 226.82 779.26 252.26 0.211998
7 586.74 78.28 626.44 107.92 0.208274
9 439.61 120.95 455.93 154.82 0.205606
4 470.98 162.48 498.35 188.19 0.205569
2 337.47 0.60 352.05 24.72 0.205192
4 877.64 209.14 899.90 239.27 0.203152
9 408.28 119.57 426.00 156.32 0.200142
