4 1022.53 597.47 1085.58 650.55 0.598246
4 1147.42 877.58 1263.09 990.01 0.595541
4 904.07 529.22 951.72 570.69 0.576681
4 1374.82 978.62 1530.75 1079.59 0.568420
4 1375.12 978.07 1499.26 1023.53 0.563208
4 962.24 445.90 1001.78 482.29 0.486518
4 961.62 401.30 989.36 426.74 0.431284
4 782.04 267.18 798.97 282.41 0.419100
4 859.51 398.62 888.50 426.69 0.411553
5 899.65 285.47 927.93 317.61 0.399142
4 855.16 363.59 879.36 384.93 0.398665
4 507.80 212.83 539.76 221.69 0.372267
3 1397.81 697.08 1449.64 756.94 0.355224
4 915.13 393.56 943.37 418.84 0.346314
4 761.77 255.70 779.77 267.28 0.345499
9 793.20 194.37 812.22 205.88 0.340322
4 793.20 249.56 809.68 261.41 0.338131
4 925.74 340.04 946.55 358.74 0.335831
4 955.91 374.57 968.51 391.69 0.332056
4 949.88 352.28 975.65 373.18 0.331415
4 184.28 217.63 228.56 227.85 0.328419
4 838.39 249.37 851.60 261.59 0.318769
4 899.86 362.21 922.59 381.19 0.312170
4 910.55 377.60 936.19 400.52 0.307037
4 912.65 318.81 929.92 332.68 0.301265
4 834.71 272.80 848.98 285.46 0.300835
4 838.93 284.63 853.92 296.99 0.300655
4 955.63 240.77 972.16 255.01 0.289337
9 1628.68 289.53 1739.49 333.72 0.263376
4 1122.90 424.32 1136.59 439.16 0.260993
4 1001.67 207.49 1023.53 217.55 0.258560
6 1621.66 320.94 1676.66 342.89 0.249586
4 859.48 268.99 873.37 282.48 0.247708
4 897.11 336.25 928.61 368.71 0.243360
4 986.94 241.56 1009.14 256.00 0.243295
9 1555.31 290.01 1627.55 310.78 0.240836
4 938.93 322.63 954.28 335.30 0.239825
4 961.94 448.00 977.17 472.99 0.237667
9 1250.24 215.72 1302.70 244.79 0.236627
9 823.97 194.80 842.18 205.14 0.234283
9 1425.90 288.12 1506.67 317.92 0.231251
9 1846.82 296.68 1919.58 329.49 0.230380
4 1787.22 322.98 1822.57 339.83 0.229805
4 744.21 326.40 753.28 336.73 0.229694
6 744.74 245.86 781.35 267.50 0.229008
4 895.60 276.24 910.11 287.67 0.227547
1 1128.85 487.48 1137.76 506.46 0.223517
4 751.02 275.65 765.77 287.22 0.223447
4 1280.03 212.69 1300.92 221.47 0.221797
4 1280.89 309.56 1306.74 326.59 0.220416
4 867.41 285.38 882.35 300.84 0.217741
6 1140.57 429.75 1190.21 477.52 0.216375
4 992.77 234.73 1009.72 246.44 0.216227
4 883.24 306.93 899.32 320.67 0.212765
4 764.02 328.59 775.58 338.61 0.210692
6 820.21 246.53 851.90 261.52 0.209194
9 1753.61 283.44 1873.07 319.37 0.205449
4 872.46 297.10 887.15 312.06 0.204458
4 884.37 328.05 900.23 345.34 0.203998
