4 950.19 454.99 985.66 493.16 0.510846
5 1138.98 687.73 1207.02 774.69 0.506753
1 1647.65 1401.17 1694.22 1476.72 0.484164
4 843.73 484.48 917.11 527.11 0.476170
1 1083.26 1144.38 1119.45 1218.46 0.466638
4 953.82 476.01 984.96 493.27 0.464706
5 817.81 566.13 914.53 619.66 0.463671
1 1286.87 1459.23 1334.37 1499.21 0.461513
1 934.91 1091.16 958.20 1150.16 0.455947
4 976.01 459.09 984.85 492.88 0.448726
4 1293.83 1047.84 1445.88 1229.76 0.447740
1 1070.82 636.94 1092.51 677.55 0.441630
4 934.57 417.88 967.34 454.49 0.440063
4 828.23 475.94 855.00 492.32 0.435525
6 1058.27 535.93 1116.15 611.03 0.431211
1 1594.87 1335.23 1631.03 1407.36 0.415751
4 906.89 292.81 925.92 311.88 0.401569
7 946.80 728.48 1012.22 821.28 0.400921
1 1166.17 871.66 1186.91 923.95 0.399145
4 893.99 410.35 919.94 443.75 0.398525
4 977.26 419.12 1011.45 452.59 0.398040
4 894.12 448.41 917.78 470.51 0.392375
4 886.36 235.75 901.98 253.02 0.391650
4 975.63 385.28 1002.46 411.98 0.386823
6 1193.17 744.87 1280.68 832.56 0.381209
1 1011.67 708.49 1027.65 754.37 0.355572
4 976.25 512.48 1008.67 530.13 0.354537
1 1099.48 588.66 1125.10 623.52 0.353899
4 826.63 449.92 857.95 491.21 0.341509
4 1077.56 500.44 1094.24 519.56 0.340247
1 1003.95 635.74 1018.00 677.32 0.330541
2 486.69 1381.41 504.48 1419.64 0.325428
1 981.50 645.73 996.04 689.42 0.325269
4 890.81 197.10 903.84 209.95 0.324002
1 1027.20 895.86 1049.78 952.06 0.318972
3 1279.71 1441.34 1297.23 1498.44 0.317996
4 745.53 286.44 766.10 301.22 0.317583
2 936.58 1141.50 953.91 1182.24 0.316400
3 1167.33 895.56 1181.47 925.40 0.315200
6 777.13 1298.51 922.58 1425.34 0.314887
3 1189.90 867.16 1210.79 897.48 0.313764
4 915.18 237.40 929.24 250.90 0.313133
2 1578.72 1365.07 1617.69 1420.66 0.312462
3 1040.05 1392.84 1068.32 1435.90 0.310495
4 1014.70 412.48 1031.65 424.39 0.310402
2 472.68 1379.43 489.19 1417.30 0.309639
7 830.59 337.41 869.72 370.79 0.305164
7 1221.15 856.35 1273.97 903.88 0.304601
4 976.18 728.49 1004.14 756.99 0.304428
2 1181.68 827.27 1209.33 896.47 0.302848
4 825.09 314.70 844.80 343.83 0.302534
2 967.88 349.38 978.80 372.52 0.297641
4 1293.95 1048.26 1403.08 1112.45 0.295540
2 1022.36 874.74 1044.79 905.37 0.292726
4 547.99 238.72 564.76 253.18 0.291858
4 1018.74 434.66 1047.51 454.98 0.289227
4 1041.30 495.06 1068.62 521.76 0.287208
1 963.80 634.26 980.33 675.32 0.278152
6 776.38 1037.69 922.80 1427.59 0.273796
6 1018.76 435.39 1052.81 477.37 0.272815
2 963.01 634.72 1018.56 682.27 0.272116
4 875.41 478.10 896.07 495.23 0.267552
6 1068.58 531.93 1103.01 587.88 0.266044
4 956.30 332.84 975.26 344.85 0.262539
4 504.79 263.03 525.46 278.96 0.259099
7 975.95 727.83 1023.39 800.81 0.258357
4 814.41 286.61 846.76 310.13 0.251073
4 966.07 327.70 981.46 341.42 0.248659
4 546.25 257.15 560.44 272.10 0.237676
4 824.81 222.25 842.28 233.07 0.231556
5 976.01 757.69 1009.37 807.31 0.231105
1 859.69 584.19 873.87 610.62 0.230557
7 941.50 646.20 970.41 686.01 0.229457
5 795.62 280.66 823.43 306.77 0.229340
4 764.67 277.11 800.79 292.08 0.227400
2 912.94 366.39 923.25 395.99 0.226520
4 980.07 300.73 995.07 316.99 0.226497
4 906.08 222.26 919.59 238.29 0.224851
4 716.14 288.65 739.17 302.32 0.223490
2 1240.46 891.44 1257.07 935.62 0.223115
4 1066.66 495.53 1090.54 515.79 0.217322
2 1324.39 888.47 1345.01 930.02 0.216854
7 1284.06 979.66 1350.17 1040.86 0.215011
2 898.60 380.34 909.54 406.43 0.214623
2 994.85 735.93 1010.06 760.06 0.214376
4 881.04 174.48 890.15 185.98 0.213009
7 1029.18 477.85 1071.26 522.04 0.212202
6 716.23 251.25 746.01 358.34 0.211039
4 594.03 234.73 609.49 248.36 0.208111
4 904.32 217.18 915.79 229.02 0.205943
4 652.18 186.68 664.71 197.50 0.204383
3 1382.00 629.95 1406.81 666.66 0.201632
2 1603.04 793.69 1638.99 846.47 0.200230
