6 1141.70 786.14 1272.74 838.11 0.664440
4 520.63 815.34 581.22 839.11 0.599854
4 712.60 815.31 777.47 839.15 0.593799
3 1019.83 948.53 1037.22 977.33 0.576913
4 934.66 886.33 1008.10 921.47 0.573550
4 976.06 839.60 1023.89 870.81 0.558661
5 1616.82 1189.56 1739.80 1293.98 0.558655
5 1162.01 864.91 1242.11 905.23 0.509277
5 1316.68 1250.91 1527.91 1327.14 0.506922
4 699.38 881.77 718.59 901.97 0.499030
4 1069.33 1003.93 1163.88 1068.24 0.497700
5 760.41 1093.41 906.96 1177.82 0.496059
4 1075.51 871.68 1159.64 906.73 0.495514
4 1177.17 846.28 1259.22 874.05 0.495095
5 1232.56 1207.83 1409.12 1319.11 0.488423
4 826.63 865.71 910.92 897.80 0.477693
4 1247.32 870.08 1314.78 904.60 0.466539
6 832.74 800.39 1076.88 852.41 0.462517
4 1069.66 1003.60 1141.73 1023.60 0.462067
4 748.11 867.87 829.33 907.17 0.460720
4 1865.18 1364.35 1999.80 1499.38 0.460300
4 1868.42 1210.80 1999.68 1302.93 0.456571
4 1791.53 1279.15 1999.63 1407.03 0.453534
5 1127.21 1203.38 1213.33 1339.40 0.450102
4 1305.98 868.50 1346.87 890.15 0.446323
1 1401.26 1141.99 1430.26 1197.05 0.437661
1 1069.95 1192.46 1099.42 1268.26 0.436225
1 1788.35 1223.22 1825.23 1279.75 0.435040
4 1047.38 883.39 1087.84 921.61 0.432181
4 1626.30 734.57 1664.10 750.14 0.428207
4 1115.09 863.48 1167.89 889.79 0.426014
6 772.61 1006.28 944.67 1143.59 0.423215
4 342.52 746.49 377.18 760.14 0.421479
1 1345.42 1159.01 1372.36 1210.43 0.420252
1 1234.25 1140.57 1263.62 1199.25 0.418410
1 980.16 1237.49 1014.88 1320.61 0.418362
6 1187.53 917.48 1313.24 996.83 0.416792
1 1389.38 914.58 1406.32 951.30 0.413559
5 1077.56 1054.65 1149.43 1142.56 0.409346
6 1234.99 950.11 1495.14 1020.09 0.402093
4 813.99 818.24 837.74 838.92 0.400864
4 1043.73 916.73 1096.03 965.19 0.400356
6 977.74 806.53 1078.31 848.64 0.396779
4 664.23 752.47 700.66 766.23 0.395369
1 1019.90 1176.42 1053.20 1254.39 0.388361
4 819.31 951.47 934.45 990.75 0.376359
1 993.09 1031.72 1014.49 1076.35 0.361452
7 1604.97 1278.75 1687.19 1372.33 0.360178
1 983.92 1175.80 1014.30 1237.59 0.356642
4 771.67 986.12 894.60 1032.74 0.354033
1 994.74 1077.83 1021.71 1139.50 0.350502
4 799.27 965.64 918.17 1008.92 0.348701
6 813.86 798.97 936.12 851.97 0.344456
1 1948.04 1337.46 1977.90 1368.05 0.339677
7 1775.13 1268.09 1861.86 1321.82 0.337701
1 936.17 1119.32 956.78 1180.00 0.332197
4 1070.11 937.41 1121.03 1004.75 0.332057
1 1005.30 1129.38 1027.13 1191.83 0.319367
10 911.84 1320.38 946.01 1359.22 0.312250
1 895.68 1190.18 918.44 1263.84 0.308919
3 646.19 1125.87 670.03 1186.80 0.304887
1 982.69 1068.14 1001.33 1130.81 0.302149
4 829.15 889.40 940.57 937.93 0.297607
1 1269.77 1103.93 1300.21 1163.04 0.282152
3 1002.17 1052.47 1022.95 1085.31 0.279112
1 1277.49 1078.04 1303.42 1108.70 0.278492
1 906.93 1283.04 943.16 1330.01 0.273861
3 901.49 1124.01 930.21 1167.00 0.273534
1 998.01 1161.70 1020.32 1231.51 0.257576
9 1791.06 743.89 1844.49 774.17 0.257189
9 739.44 665.67 773.08 677.40 0.250980
5 833.81 800.25 873.65 850.06 0.249877
1 881.12 802.90 891.16 827.45 0.241251
7 1497.34 1102.02 1533.96 1134.01 0.238924
1 1262.30 1147.91 1286.36 1209.38 0.236358
3 1094.42 1212.97 1114.42 1256.54 0.236199
2 1039.16 1069.32 1051.50 1101.46 0.230789
7 740.57 898.84 798.29 927.91 0.228364
4 323.25 635.99 343.46 642.65 0.225106
2 1394.13 1069.34 1415.98 1109.35 0.223880
10 962.54 1288.47 993.43 1324.57 0.218746
3 1330.01 1172.56 1352.20 1198.96 0.214824
4 285.29 635.33 307.46 642.85 0.213174
3 1605.09 1278.74 1636.24 1320.14 0.211145
6 1234.52 951.42 1337.42 1017.45 0.207506
7 1146.73 891.83 1203.33 924.76 0.204403
4 315.81 748.80 341.70 762.10 0.203828
4 771.49 997.70 802.06 1032.36 0.203166
