4 328.31 496.53 432.91 544.53 0.610328
4 1450.17 489.69 1534.32 530.12 0.596309
4 1665.66 550.43 1739.90 591.98 0.592973
4 1455.05 758.78 1530.55 829.03 0.586448
4 158.52 542.75 267.67 588.81 0.586339
4 1210.50 423.16 1291.06 456.32 0.580767
4 716.11 403.78 786.69 442.74 0.575068
4 1778.19 566.99 1892.22 610.20 0.574759
4 535.13 440.92 621.58 481.73 0.552990
4 44.91 521.87 146.50 562.41 0.525429
5 1285.65 430.15 1369.15 476.44 0.523800
1 1307.31 976.30 1335.92 1025.82 0.521570
4 1534.73 519.62 1640.22 564.50 0.521453
1 1819.37 1050.99 1850.43 1095.94 0.513979
4 0.02 522.15 36.50 558.64 0.488140
4 1743.83 818.18 1800.34 871.31 0.481470
4 620.64 417.93 695.50 460.64 0.470456
4 826.21 910.79 976.76 991.70 0.434007
4 832.16 314.34 862.81 345.51 0.416767
4 572.59 1123.05 706.56 1270.45 0.415066
4 849.91 293.00 881.10 322.89 0.413820
4 967.23 533.47 1011.57 554.08 0.411231
1 1301.85 975.38 1317.53 1022.59 0.383304
3 716.44 1308.70 750.84 1404.16 0.382759
3 1304.60 1001.94 1333.34 1023.68 0.369728
5 976.02 476.03 1019.75 554.56 0.318517
3 699.30 432.83 726.65 456.12 0.315250
4 1377.56 1194.08 1434.79 1238.13 0.307680
4 834.41 278.72 847.05 294.85 0.306179
4 1191.20 97.33 1216.75 111.70 0.300830
3 1151.94 384.55 1175.31 405.55 0.299693
4 1078.74 150.10 1100.40 170.87 0.297240
1 1892.37 183.85 1928.84 220.11 0.286994
1 1141.35 578.39 1156.08 614.36 0.280337
2 1867.13 565.28 1879.80 582.73 0.274060
4 1187.95 622.22 1215.22 650.43 0.255667
6 1162.40 98.91 1190.77 115.73 0.250590
4 1123.29 328.93 1156.04 350.37 0.248155
4 327.14 975.05 448.12 1116.47 0.243348
6 656.75 369.07 726.76 419.43 0.240697
4 141.25 872.79 256.16 921.64 0.235237
3 1953.54 573.23 1994.84 599.02 0.226651
5 1511.36 362.00 1560.14 391.83 0.225620
3 1376.16 445.57 1387.25 471.75 0.221477
10 947.91 387.46 1024.04 490.40 0.217458
