4 1095.52 389.40 1141.79 433.30 0.600178
4 884.73 699.68 951.46 778.57 0.556306
4 1149.34 328.59 1185.61 365.67 0.541328
4 790.49 853.53 882.76 965.66 0.531706
4 970.74 572.33 1029.77 637.29 0.526626
4 1312.82 215.18 1340.37 248.54 0.483454
4 1010.06 502.26 1063.63 565.66 0.455133
4 524.87 1269.13 662.05 1441.62 0.453906
4 1206.72 252.33 1244.95 285.49 0.439488
4 716.02 1103.35 735.92 1188.88 0.378546
4 623.98 1099.28 735.73 1254.36 0.374963
5 755.63 137.08 788.87 161.43 0.280893
6 1228.87 79.91 1277.29 103.63 0.259598
5 752.81 199.47 781.71 222.45 0.258881
1 658.26 1166.86 688.89 1200.23 0.237939
4 485.18 1116.10 580.09 1205.24 0.224958
4 1290.91 237.54 1330.30 251.04 0.221000
4 107.54 243.66 175.34 265.06 0.215304
4 1008.20 524.36 1023.92 564.26 0.212635
4 1204.44 258.80 1217.20 283.08 0.209629
6 1794.78 280.76 1999.55 529.81 0.205785
