4 10.08 409.07 153.94 529.08 0.674512
4 336.09 679.73 395.17 764.40 0.430506
4 846.92 38.39 905.50 63.65 0.379461
6 881.94 250.98 1069.39 360.45 0.374280
4 814.13 157.49 903.05 199.76 0.359624
4 336.25 588.36 420.78 690.77 0.356778
6 532.17 27.41 624.60 92.75 0.351567
4 831.67 10.57 888.69 34.92 0.350956
5 1287.01 282.38 1359.78 391.02 0.349297
7 141.67 600.05 290.69 680.76 0.344947
6 1207.63 436.77 1359.66 634.47 0.336182
5 222.27 511.09 470.56 616.79 0.327155
4 844.97 27.76 907.70 52.92 0.323763
6 267.65 208.27 419.49 292.88 0.316159
4 681.17 564.53 766.07 659.54 0.291491
6 911.23 421.40 1003.38 563.78 0.289035
5 814.45 406.02 899.57 543.80 0.278531
5 86.44 671.81 395.72 764.71 0.272622
6 414.08 81.56 546.86 164.61 0.271298
5 632.76 74.01 717.76 114.08 0.268312
4 674.54 646.56 758.40 753.43 0.267652
6 267.54 81.38 547.96 292.82 0.263794
7 1118.24 258.01 1236.34 387.97 0.260110
5 385.30 457.44 500.70 548.61 0.258712
5 1101.03 438.85 1225.57 596.09 0.256070
5 1003.84 427.46 1104.80 571.26 0.252581
6 762.44 174.76 825.01 257.79 0.251776
6 718.88 398.89 805.07 533.65 0.250134
6 881.35 0.32 1023.78 359.85 0.248134
6 869.01 61.42 935.28 111.53 0.242055
6 671.74 645.75 938.23 764.55 0.241687
4 696.21 507.45 779.78 584.85 0.239506
6 400.65 138.48 516.78 185.14 0.237939
6 869.43 138.95 925.90 187.51 0.237688
6 1004.04 428.98 1023.88 549.37 0.235213
4 1100.89 439.43 1186.01 508.79 0.235085
6 832.06 180.75 912.38 287.36 0.231582
6 337.38 158.92 483.56 235.41 0.223986
6 1320.43 448.85 1359.84 542.08 0.219689
4 861.09 0.53 903.63 21.70 0.214632
10 172.82 604.30 214.15 644.44 0.214337
6 763.67 533.57 930.12 679.72 0.213169
5 450.98 400.72 521.83 494.98 0.211145
6 671.37 399.16 939.19 763.92 0.206339
6 336.46 377.46 522.00 495.00 0.203024
