4 437.89 1066.02 487.26 1133.12 0.627357
4 291.00 1264.79 360.84 1354.83 0.589597
4 565.69 829.77 629.94 858.98 0.561737
4 838.58 938.01 892.28 985.54 0.540064
4 807.96 734.35 850.66 765.62 0.519077
4 843.65 551.90 865.18 574.64 0.518360
4 646.38 781.38 679.57 821.42 0.500262
4 229.38 1071.45 297.98 1143.46 0.497482
4 115.24 1238.82 178.74 1299.61 0.494655
4 750.41 874.45 798.94 907.08 0.493361
4 736.36 1208.44 782.67 1272.27 0.490364
4 1841.72 1139.95 1956.92 1188.03 0.489321
4 742.14 718.68 778.01 748.97 0.479037
4 799.50 478.07 820.96 499.33 0.478804
4 772.03 1257.49 823.01 1304.84 0.477985
4 661.19 1469.23 730.48 1499.81 0.476476
4 762.97 1128.91 806.44 1190.15 0.470636
2 1151.35 344.35 1271.12 404.07 0.469408
5 1927.87 1274.18 1999.59 1381.44 0.464469
4 511.37 882.66 553.87 937.27 0.451466
4 178.79 1145.78 241.43 1219.27 0.449707
4 887.43 532.20 910.81 552.00 0.443920
4 836.61 419.86 856.34 436.33 0.441467
4 899.05 680.29 927.89 705.10 0.425872
4 1334.90 554.59 1383.99 588.18 0.424941
4 1357.71 1232.53 1385.00 1315.40 0.421945
4 517.97 822.53 541.20 854.92 0.412113
4 1828.74 1211.78 1897.38 1280.36 0.411215
4 323.60 965.51 381.99 1022.34 0.409767
4 1827.18 1287.44 1896.34 1367.07 0.401956
4 645.89 570.98 673.81 595.58 0.401086
4 1633.03 1202.15 1689.81 1266.83 0.399529
4 848.02 376.80 863.12 392.50 0.394416
4 614.71 614.99 640.31 640.26 0.394102
4 1526.52 1070.77 1566.89 1121.55 0.393186
4 1475.85 1068.96 1518.73 1130.26 0.391130
4 875.91 357.62 891.89 372.34 0.387714
4 1785.28 1209.59 1848.87 1283.27 0.384699
4 1428.62 1192.58 1477.07 1252.96 0.381489
4 673.05 533.11 698.32 557.27 0.379973
4 709.67 491.00 732.13 511.74 0.377960
4 1933.74 1212.95 1999.63 1287.19 0.377384
4 1577.58 1194.07 1633.56 1264.83 0.373415
4 1428.24 1056.54 1474.86 1128.40 0.370985
4 1476.34 1192.62 1532.25 1263.64 0.367632
4 927.10 371.55 942.71 386.87 0.366816
4 1680.52 1203.16 1745.72 1277.95 0.365680
4 1608.38 1270.71 1671.82 1339.98 0.363865
4 556.47 688.95 579.34 713.06 0.363741
4 1734.33 1206.02 1799.86 1280.18 0.361845
4 1598.84 1076.16 1649.75 1138.24 0.361186
4 64.17 1358.71 102.14 1409.44 0.360041
1 846.40 1229.21 860.08 1258.44 0.357470
4 1526.28 1192.98 1585.38 1267.15 0.357276
4 691.81 516.67 715.21 536.85 0.356871
4 1657.66 1070.32 1720.59 1143.71 0.352904
4 1418.61 537.95 1442.22 557.70 0.352554
4 1711.93 1280.46 1783.35 1348.34 0.351759
4 1500.61 1268.18 1558.15 1335.35 0.345223
4 1660.42 1276.72 1731.19 1346.11 0.343579
4 913.87 275.87 926.29 287.50 0.341259
4 1507.58 386.43 1542.67 401.57 0.340170
4 1555.05 1264.57 1616.05 1338.02 0.338792
1 189.13 1262.24 209.31 1295.42 0.337338
4 706.26 578.64 719.07 597.65 0.337296
4 724.94 473.20 746.58 491.92 0.334322
4 953.87 315.66 970.06 330.62 0.332161
1 919.71 1119.01 930.55 1146.58 0.323638
1 892.74 1127.50 904.15 1158.23 0.321906
4 937.22 559.03 957.36 580.59 0.320432
4 0.07 1397.33 51.60 1493.34 0.320109
4 950.90 506.48 969.07 528.95 0.318552
4 593.32 636.86 621.69 663.54 0.316890
4 736.59 457.92 754.90 476.39 0.310524
1 774.56 901.02 790.96 927.76 0.309407
4 802.48 376.31 816.54 391.67 0.308192
4 1770.01 1280.29 1848.94 1363.92 0.308141
4 855.65 1073.39 885.59 1097.25 0.305755
1 871.30 1123.63 884.16 1151.37 0.302366
4 757.53 437.34 772.41 451.32 0.300815
4 565.22 832.89 589.20 855.99 0.300623
4 910.98 635.77 933.80 659.10 0.299976
4 776.45 1069.62 819.56 1126.76 0.296980
1 881.01 669.99 891.35 690.21 0.292771
4 917.95 618.58 942.08 640.38 0.292632
1 419.26 863.56 431.91 887.28 0.292176
4 1447.12 442.92 1475.14 455.63 0.292098
4 913.23 576.98 924.21 594.74 0.291790
1 457.40 876.95 474.37 904.22 0.289859
4 924.16 598.85 943.92 616.79 0.288301
4 1309.33 838.95 1340.85 858.23 0.284929
1 888.95 720.50 903.18 760.87 0.284739
1 890.49 720.92 900.24 741.01 0.283502
4 1712.82 1278.85 1739.86 1344.43 0.274161
4 1450.42 1254.74 1507.03 1331.48 0.273959
4 1004.68 347.92 1020.84 363.93 0.273091
4 1017.25 179.94 1028.20 192.92 0.271449
4 1452.07 539.69 1488.04 559.05 0.268365
4 909.02 658.83 933.04 680.73 0.266611
1 614.35 674.63 625.55 694.97 0.263269
6 1525.17 1042.28 1566.62 1085.14 0.262835
2 838.33 793.12 849.28 814.94 0.261009
1 852.72 1347.10 872.44 1385.64 0.259760
9 981.61 292.07 1011.67 309.91 0.256342
4 925.14 487.16 948.34 506.55 0.256189
6 1398.74 236.98 1421.81 260.64 0.254892
4 952.50 479.24 969.22 494.17 0.246879
4 1324.26 887.39 1352.97 908.22 0.245463
4 579.49 662.68 602.18 687.03 0.241959
4 962.88 455.41 971.35 470.19 0.237805
4 960.02 252.10 978.91 265.38 0.235077
4 943.05 435.08 953.59 449.42 0.235042
1 863.63 754.36 873.77 775.41 0.234802
1 381.90 905.38 393.44 928.05 0.234647
1 852.05 805.93 864.05 828.44 0.234096
2 871.27 1123.58 905.28 1157.77 0.233279
3 809.42 1482.19 850.79 1499.90 0.232636
4 955.69 494.96 971.13 513.68 0.231665
4 960.03 219.04 971.68 228.82 0.230882
6 1012.76 261.22 1084.50 327.32 0.225717
4 488.63 476.33 510.93 492.59 0.225362
3 1349.18 516.92 1367.23 548.50 0.224756
4 982.93 172.28 996.27 182.79 0.222398
3 444.86 885.85 477.85 915.83 0.222246
4 750.58 885.11 772.87 906.56 0.221687
4 854.18 309.44 866.53 320.90 0.221425
1 853.98 855.38 865.84 876.46 0.220972
4 335.52 889.28 352.60 921.28 0.219370
9 1001.42 324.00 1023.75 361.30 0.219068
3 890.12 741.30 902.51 764.54 0.217129
4 716.08 731.61 736.57 759.11 0.216618
4 925.00 486.20 937.07 497.87 0.212632
3 528.21 725.69 546.01 752.82 0.212419
4 961.23 267.80 974.98 279.82 0.210514
4 219.32 1271.41 239.04 1298.82 0.209683
4 915.38 370.80 927.34 381.69 0.200295
