4 861.18 445.18 962.08 501.70 0.565156
4 605.67 408.22 713.34 461.68 0.563530
4 881.85 68.66 974.15 115.07 0.549969
4 482.82 115.05 563.73 165.60 0.525037
4 400.97 394.37 451.84 482.81 0.512623
4 1158.13 316.08 1208.54 397.46 0.506729
4 547.34 283.82 595.77 369.05 0.501245
4 981.34 234.00 1030.73 303.86 0.491040
4 751.43 253.70 795.72 339.45 0.482594
4 1213.21 189.85 1274.91 272.14 0.468657
4 810.99 245.86 860.24 330.28 0.460320
4 869.05 242.44 918.96 325.71 0.452266
4 968.40 690.61 1023.98 818.08 0.451975
4 1222.67 524.39 1297.01 620.05 0.436531
4 915.59 227.29 964.15 305.64 0.428419
4 948.32 568.29 1010.06 671.23 0.423480
4 1153.47 534.34 1232.28 641.00 0.413273
4 1287.43 516.52 1368.31 619.36 0.403266
4 1094.95 549.05 1170.72 647.77 0.386522
4 595.60 609.11 651.26 720.74 0.369710
4 604.01 294.44 661.03 375.26 0.354726
4 359.69 595.88 389.19 627.36 0.354554
1 679.22 603.34 701.50 634.11 0.338551
5 526.06 595.98 582.48 722.68 0.328988
1 844.73 723.24 872.51 771.59 0.318095
1 798.26 628.63 827.90 692.25 0.310810
4 1224.04 1017.57 1303.76 1056.72 0.306540
4 1445.39 17.82 1470.48 36.79 0.288756
1 1247.15 692.31 1259.74 720.52 0.285531
4 401.42 601.17 437.30 656.02 0.271928
7 735.27 586.86 785.62 688.94 0.264740
6 1528.23 450.71 1610.68 522.18 0.261359
4 745.23 647.60 783.30 688.61 0.253238
3 808.00 687.91 832.56 719.67 0.250990
3 1057.37 53.99 1082.35 73.18 0.247497
3 519.80 739.89 557.04 771.55 0.246555
4 1306.58 1049.22 1363.10 1070.23 0.240748
1 1136.08 887.88 1154.88 931.53 0.239217
3 1424.19 914.99 1495.60 978.30 0.238968
2 792.10 587.13 812.79 632.14 0.237585
6 1792.01 700.03 1915.60 848.53 0.237216
2 692.12 743.21 724.56 785.80 0.230915
6 214.16 0.00 349.73 28.50 0.226494
2 1246.69 890.63 1264.00 918.92 0.224770
2 1057.36 772.61 1112.63 808.53 0.220674
3 738.45 693.01 773.94 718.61 0.218670
1 839.49 54.04 853.72 78.07 0.217425
2 799.65 622.01 825.24 648.69 0.209473
3 1521.42 993.29 1593.26 1023.92 0.207800
4 716.11 610.86 730.97 667.09 0.206858
2 919.16 996.78 934.49 1023.35 0.204036
4 1324.35 14.50 1359.28 37.11 0.201506
