4 421.32 362.04 487.24 436.06 0.566956
4 519.54 320.83 566.33 384.38 0.553490
4 579.20 232.71 620.93 281.94 0.550455
4 532.66 206.15 571.30 247.78 0.531430
4 625.06 147.10 668.82 176.46 0.520635
4 63.23 454.82 173.72 563.12 0.506567
5 149.83 321.54 261.33 389.39 0.498199
4 677.25 492.12 756.03 610.55 0.486810
4 686.32 55.94 702.69 71.95 0.472876
1 355.51 435.47 375.25 484.45 0.471979
4 246.97 297.78 311.77 345.58 0.456040
4 447.57 68.72 467.29 87.00 0.437497
1 711.42 166.28 722.36 192.74 0.422534
1 921.88 279.19 935.31 310.29 0.420965
4 761.55 47.93 778.45 63.13 0.419124
4 613.19 24.74 625.39 38.85 0.400046
1 745.16 176.63 757.21 202.13 0.397606
1 51.43 316.75 69.46 357.22 0.396642
4 260.84 238.18 336.09 281.24 0.390998
3 291.02 648.46 332.38 719.53 0.387032
4 679.38 25.76 693.81 39.95 0.367746
3 125.97 406.87 159.41 433.39 0.362638
4 729.89 7.64 745.62 19.69 0.362587
4 0.11 599.72 52.21 708.21 0.358676
6 921.52 30.51 950.45 45.23 0.336561
4 917.68 60.98 941.44 78.65 0.335002
6 906.64 30.11 923.32 44.44 0.332670
4 880.40 31.29 898.26 45.99 0.329419
4 644.45 0.00 656.88 5.72 0.316998
4 645.98 13.54 658.03 27.13 0.306371
1 745.72 130.97 756.05 152.33 0.305852
7 2.13 414.73 66.99 471.74 0.302844
4 663.77 0.28 675.39 10.14 0.301652
4 667.72 10.29 681.02 21.82 0.298612
2 0.23 313.72 16.26 357.09 0.295501
4 907.40 47.47 929.79 63.68 0.295443
4 652.88 25.00 668.50 37.11 0.295015
4 618.75 2.75 632.24 15.92 0.293514
9 838.28 0.29 953.80 44.97 0.291637
4 930.36 46.99 948.63 64.09 0.276907
4 390.01 40.25 402.25 54.53 0.275843
4 22.94 308.41 63.85 348.78 0.270551
2 828.33 94.63 837.58 116.17 0.264096
2 576.45 69.09 585.09 88.30 0.250285
4 540.49 38.05 559.03 47.14 0.239832
2 572.33 52.61 581.45 68.28 0.237376
