4 828.38 109.93 851.78 137.61 0.466074
4 812.50 52.37 832.21 81.11 0.451165
4 767.10 0.11 782.80 17.43 0.440207
4 376.04 304.47 387.50 325.94 0.427489
4 623.82 598.04 662.68 674.13 0.425646
4 694.07 601.87 730.41 678.76 0.420948
4 331.27 297.92 388.59 327.43 0.413308
4 611.48 708.77 657.09 787.60 0.407808
1 265.91 735.73 283.89 764.96 0.388400
2 571.21 363.41 582.16 385.14 0.367745
4 631.06 514.58 666.53 575.77 0.359412
1 213.61 769.59 230.49 787.80 0.355738
1 1057.02 516.22 1068.71 539.67 0.350053
4 808.72 152.17 834.24 191.88 0.348638
2 517.23 457.96 529.73 480.10 0.334482
1 983.75 306.24 995.94 328.49 0.326085
1 1155.41 325.87 1166.81 344.75 0.325303
4 692.25 508.28 724.56 578.02 0.325278
6 510.87 168.58 592.82 281.90 0.319935
4 420.11 308.20 444.11 330.37 0.311261
2 582.01 432.76 589.64 449.77 0.301596
1 720.99 234.29 732.75 254.39 0.300968
2 534.67 462.81 545.59 482.90 0.294448
4 801.67 120.51 811.65 136.25 0.294146
2 545.11 424.03 556.42 442.08 0.291862
2 1006.18 290.69 1017.19 310.14 0.290988
2 544.32 454.75 555.01 475.90 0.289949
2 100.25 765.57 118.06 787.55 0.280286
2 583.16 273.10 592.97 288.97 0.274367
2 561.22 363.78 573.53 383.36 0.258351
2 762.95 223.16 771.31 241.07 0.251014
4 74.13 310.83 102.61 319.89 0.249133
4 807.85 32.47 815.52 45.76 0.246085
2 625.05 259.59 633.42 275.03 0.217866
2 790.12 239.51 800.65 267.84 0.217676
2 283.90 267.85 294.61 290.89 0.216524
6 0.28 140.47 128.57 528.01 0.209124
4 812.96 4.20 820.29 23.93 0.204297
4 766.60 191.55 776.94 217.94 0.202075
2 648.87 96.30 655.97 112.72 0.201722
4 781.14 32.31 788.83 44.89 0.200959
