4 947.32 720.56 971.82 753.50 0.557388
4 1040.08 515.99 1065.65 543.01 0.509067
4 743.13 722.30 767.55 757.55 0.507661
4 992.27 483.22 1017.72 512.88 0.497446
4 451.83 670.55 490.96 706.66 0.495700
4 1067.16 575.25 1094.66 604.54 0.488557
4 808.04 194.56 822.91 213.18 0.458693
4 714.51 166.71 726.68 180.48 0.438705
4 720.72 211.09 733.69 228.74 0.433322
4 831.09 210.90 843.96 228.19 0.425366
5 707.77 579.32 754.91 658.96 0.395179
6 691.26 391.36 724.66 469.01 0.383749
4 676.67 488.68 691.49 509.72 0.367206
4 645.79 7.23 655.89 19.00 0.364540
4 875.97 306.81 890.64 325.97 0.359674
4 731.05 549.39 747.26 578.15 0.328216
4 697.41 536.91 714.86 565.31 0.325986
4 773.47 133.62 784.36 146.24 0.323433
4 739.00 80.96 748.79 91.81 0.321231
4 714.62 528.04 731.96 555.94 0.295848
6 1101.26 613.36 1155.28 672.51 0.287598
4 633.28 113.41 645.49 126.94 0.258120
4 675.52 444.34 689.57 468.71 0.253886
6 638.38 296.33 659.43 357.54 0.249871
4 635.88 267.14 648.22 285.48 0.238493
4 663.09 429.29 675.83 453.70 0.237513
6 686.27 350.41 710.17 400.21 0.232997
4 677.27 417.99 692.31 441.75 0.224320
4 692.16 443.14 709.31 468.76 0.222266
6 675.39 289.14 697.76 332.80 0.219978
4 640.71 216.91 651.79 233.79 0.219180
4 1133.14 645.65 1154.69 671.61 0.217766
4 653.47 292.99 669.51 313.09 0.214399
4 649.71 171.25 660.34 187.01 0.212753
6 657.87 328.76 677.09 364.42 0.211382
4 636.09 244.65 647.88 260.88 0.210950
4 622.63 123.32 633.23 138.48 0.207156
4 623.57 205.77 634.64 220.88 0.206855
4 652.99 360.68 666.43 379.83 0.205744
4 620.48 189.76 632.91 205.24 0.204779
4 1127.11 711.09 1159.19 734.01 0.204314
4 639.46 200.15 650.45 216.37 0.203597
4 627.40 227.82 639.06 242.54 0.203018
4 671.27 392.78 684.64 414.48 0.202848
4 655.94 382.19 669.65 402.38 0.202452
4 660.09 270.95 673.82 291.21 0.202255
