1 350.23 701.77 367.34 749.82 0.542137
6 398.57 675.87 573.30 764.58 0.534748
7 581.60 554.10 650.00 609.85 0.406465
4 176.38 632.98 219.57 674.01 0.364856
4 0.09 720.90 47.26 764.41 0.359989
5 334.49 541.79 384.76 585.43 0.356347
4 230.04 712.61 344.09 762.16 0.354053
4 0.16 697.58 64.45 749.48 0.352501
4 422.68 527.70 472.34 552.60 0.351232
4 6.63 676.15 75.76 707.89 0.346882
4 302.99 684.27 396.81 735.11 0.346711
7 741.86 476.35 766.29 504.06 0.342267
4 257.14 605.59 323.95 641.87 0.334828
4 186.55 612.97 289.16 652.50 0.328372
4 230.53 741.48 321.42 764.67 0.306071
4 470.38 520.91 509.66 545.56 0.296241
6 688.56 468.04 731.01 495.77 0.291694
1 956.30 483.00 967.14 495.52 0.275865
6 621.18 532.26 681.78 561.08 0.274718
5 634.06 556.65 664.84 592.25 0.255053
4 243.70 585.80 333.43 615.53 0.253331
4 336.86 671.94 416.07 711.92 0.249510
6 510.14 552.73 561.29 592.93 0.247431
2 580.37 503.59 590.22 523.19 0.243116
4 391.35 632.54 455.48 669.39 0.242099
2 579.50 496.58 603.82 525.10 0.239511
4 514.43 503.81 538.49 523.39 0.238292
6 563.81 479.07 603.87 501.09 0.235224
4 326.44 548.97 345.14 567.85 0.220567
4 724.64 459.38 739.46 471.82 0.220367
6 663.40 477.24 701.66 508.29 0.219990
4 348.35 653.96 429.04 681.94 0.218810
4 335.98 725.36 344.08 752.81 0.217438
4 468.38 503.27 491.63 522.36 0.214427
6 674.43 456.97 713.55 478.84 0.208169
2 479.04 602.58 490.08 633.26 0.200774
