3 1840.23 633.42 1876.26 669.11 0.745192
4 290.29 720.96 486.94 852.25 0.644947
4 1490.80 590.97 1655.50 670.14 0.596898
4 199.44 501.46 333.99 552.18 0.581518
4 1702.89 558.09 1864.59 623.33 0.577490
4 906.55 584.80 975.43 652.18 0.563949
4 1125.84 620.00 1217.11 695.88 0.560733
5 555.26 543.82 666.89 620.03 0.551890
4 1368.09 1182.13 1715.52 1383.08 0.550918
4 815.25 601.19 882.06 672.53 0.550067
4 1702.90 562.35 1739.69 601.19 0.539965
1 1859.28 612.69 1884.77 661.53 0.537737
4 361.58 523.32 456.05 577.16 0.534695
4 727.54 570.97 822.70 631.82 0.523242
4 1230.77 619.88 1316.40 692.71 0.523044
4 0.13 490.19 62.74 532.75 0.508195
4 637.83 560.55 753.95 623.67 0.505192
4 0.25 452.31 100.25 490.57 0.494750
4 1024.47 580.32 1075.17 645.16 0.486371
4 1976.26 773.14 1999.83 834.99 0.475712
4 57.99 402.18 166.66 435.94 0.462435
4 418.20 533.34 530.91 591.62 0.458507
4 224.01 475.79 340.53 502.52 0.449391
4 160.32 327.81 235.15 349.37 0.428087
1 365.54 406.26 384.28 444.77 0.424565
4 139.55 343.51 216.18 366.21 0.415954
4 106.51 365.78 195.04 390.61 0.412837
4 1978.94 521.13 1999.85 554.04 0.411788
6 473.72 436.69 592.11 524.86 0.407721
4 291.38 354.85 376.06 390.97 0.393538
4 88.70 383.74 183.12 411.71 0.383030
1 339.40 411.47 359.98 460.71 0.365520
4 310.79 334.72 381.84 359.80 0.363299
4 253.82 266.11 297.31 283.26 0.360882
4 0.15 525.80 13.72 559.99 0.346075
4 216.42 301.14 249.77 328.92 0.335761
4 221.95 441.06 342.41 474.29 0.320912
4 342.47 289.28 379.59 310.46 0.320729
4 716.39 563.06 754.55 606.08 0.298968
4 0.11 475.95 99.12 490.25 0.298230
4 327.73 209.36 348.05 220.89 0.296075
4 347.87 273.73 375.10 290.32 0.275299
4 262.49 401.66 359.24 430.59 0.265892
4 318.48 315.43 385.46 339.56 0.262481
4 342.82 216.05 358.41 227.93 0.257187
1 1468.17 1261.88 1509.40 1316.74 0.241537
4 48.16 198.92 64.78 213.34 0.235563
4 1507.99 553.30 1547.51 581.47 0.232922
2 1463.16 1233.01 1533.41 1313.34 0.227846
4 1978.26 503.70 1999.74 521.64 0.225227
4 282.02 221.92 308.24 235.84 0.224693
4 1217.97 534.41 1267.78 592.85 0.221418
5 215.82 411.10 341.93 461.38 0.218474
3 977.21 194.74 1004.89 237.55 0.211532
6 76.26 218.19 98.41 240.75 0.210296
4 108.99 202.17 124.85 214.69 0.203709
9 51.45 179.92 87.63 201.58 0.200975
