4 330.91 991.26 453.31 1139.98 0.595764
4 877.24 205.53 923.97 264.50 0.575839
4 806.59 129.13 860.48 168.59 0.555189
4 697.52 440.21 786.30 542.96 0.535762
4 1447.81 147.75 1486.50 187.67 0.531267
4 109.22 1289.48 289.83 1499.09 0.509150
4 377.15 992.04 451.89 1023.78 0.495851
4 1464.30 440.01 1519.32 510.04 0.476936
1 312.91 918.20 355.07 971.77 0.475768
4 848.87 59.63 888.56 99.32 0.460861
5 1460.91 361.86 1508.58 427.81 0.460322
4 804.49 49.60 851.69 91.32 0.454674
4 914.05 149.15 958.91 199.55 0.443343
4 1019.58 0.00 1053.34 26.48 0.432423
1 1517.70 255.38 1539.67 293.39 0.428564
4 1305.32 3.32 1340.42 45.95 0.424793
4 1310.30 218.50 1356.67 278.51 0.418102
4 1455.98 230.42 1493.76 278.83 0.417878
4 1240.60 77.28 1277.22 122.98 0.408998
9 1215.93 357.84 1275.98 446.12 0.396556
1 1414.87 225.84 1429.95 256.48 0.393975
4 1237.87 199.75 1282.36 260.34 0.391403
1 420.82 648.56 441.49 686.03 0.388363
1 1452.54 205.28 1479.86 241.02 0.375901
10 1525.15 1071.74 1660.71 1333.99 0.370859
1 1017.65 110.52 1030.08 139.18 0.366925
4 1303.36 74.02 1344.22 120.28 0.364571
4 976.15 47.65 987.06 76.26 0.356735
1 999.24 105.56 1013.58 139.01 0.346533
4 1449.16 0.19 1475.26 16.70 0.342834
4 866.57 0.11 928.81 22.55 0.330588
1 217.98 886.64 244.91 929.54 0.318070
2 1495.84 216.66 1514.20 258.40 0.298611
1 1521.54 286.54 1543.30 339.93 0.296565
4 1445.36 17.38 1477.94 76.85 0.293466
4 908.75 16.01 942.21 45.83 0.285380
3 427.80 664.83 457.65 696.59 0.284673
3 1570.17 209.27 1606.17 279.97 0.277730
4 716.27 653.65 750.57 720.39 0.265940
4 1222.08 1110.69 1310.86 1336.23 0.261482
3 761.83 335.68 794.50 357.93 0.257283
1 1441.63 250.22 1455.62 276.77 0.245642
4 1315.67 73.64 1345.19 97.17 0.243699
4 765.39 0.00 782.44 25.30 0.242558
1 62.73 1045.77 104.63 1092.80 0.233352
4 581.97 754.11 616.85 791.65 0.231747
3 1406.15 238.57 1429.90 268.92 0.225257
2 1500.84 216.71 1513.81 240.14 0.225255
2 1572.98 207.81 1596.16 241.95 0.224883
1 1.36 1454.69 38.34 1499.41 0.213809
9 1142.48 757.62 1217.77 914.44 0.213122
2 778.64 6.69 791.64 30.26 0.205910
4 1249.94 76.98 1276.83 100.79 0.205105
4 1015.76 4.92 1023.85 25.91 0.200651
