4 937.16 132.21 1191.41 358.58 0.740674
4 834.93 869.09 1139.92 1095.08 0.689026
4 937.56 199.31 1023.74 357.37 0.646135
4 976.31 869.22 1140.31 1023.31 0.627638
4 834.50 895.06 1023.73 1023.29 0.624305
4 0.23 875.19 232.87 1023.28 0.546484
5 331.30 590.17 508.91 884.02 0.520669
5 998.89 604.76 1372.11 825.41 0.484826
7 220.88 583.78 325.03 779.19 0.442972
10 1791.04 146.60 1997.70 351.08 0.429079
4 175.07 48.07 450.46 224.19 0.370377
4 1882.80 1070.72 1999.35 1409.11 0.342439
4 165.33 307.43 543.94 486.49 0.328569
4 1929.79 515.67 1999.31 638.02 0.316510
6 903.51 375.54 1343.09 615.07 0.315021
5 958.22 0.00 1229.04 80.51 0.287609
10 820.13 1126.38 1098.90 1377.33 0.285694
4 976.26 1127.04 1098.66 1312.95 0.268310
1 874.11 981.31 926.37 1064.88 0.267642
4 959.92 0.00 1023.64 78.88 0.265621
4 0.74 760.26 282.14 852.61 0.260160
1 1133.88 1420.02 1175.86 1499.26 0.252115
7 0.44 1069.82 302.71 1498.66 0.247228
6 905.44 128.61 1371.51 825.44 0.226540
3 1842.45 1256.09 1909.49 1335.19 0.211195
4 1239.40 527.24 1334.48 579.06 0.206849
6 1384.93 0.32 1999.05 1022.64 0.200781
