4 987.84 807.47 1344.56 1088.33 0.683009
4 1415.18 276.53 1717.57 484.59 0.636686
4 1842.67 127.62 1999.70 364.67 0.617153
4 1757.22 688.86 1999.59 955.69 0.610232
4 1507.78 476.02 1800.11 611.88 0.605545
5 976.25 617.15 1224.68 855.40 0.601138
5 880.99 662.36 1023.75 857.13 0.588362
6 1281.41 136.25 1571.51 358.26 0.552265
5 1078.01 0.13 1342.12 142.50 0.547628
4 972.50 0.06 1112.43 65.86 0.521552
4 986.79 932.71 1023.64 1061.06 0.519922
5 1199.16 27.20 1439.83 207.06 0.501500
4 1668.51 0.00 1821.89 138.77 0.479648
10 661.64 693.89 736.29 774.99 0.459785
7 722.78 189.76 824.10 323.66 0.442440
4 972.69 0.02 1023.74 53.51 0.432013
3 771.46 942.44 843.21 1022.10 0.413363
10 1163.55 1207.29 1710.63 1498.30 0.367942
4 716.15 703.73 735.78 770.38 0.367056
1 484.28 924.76 530.13 991.91 0.352417
4 976.08 1378.03 1037.77 1499.39 0.350332
1 1301.66 286.88 1376.01 394.05 0.346272
3 548.35 144.10 588.82 200.96 0.341258
10 1200.76 231.19 1242.75 290.91 0.339629
3 674.04 476.13 774.82 550.96 0.335320
2 536.11 403.64 607.72 492.46 0.309547
3 717.99 393.05 833.35 508.98 0.308665
7 384.16 128.99 481.94 201.82 0.291761
10 742.00 223.78 782.61 276.69 0.280609
3 809.13 1049.97 850.58 1099.17 0.279824
1 1330.59 286.80 1376.27 327.16 0.272734
7 606.68 610.87 679.45 706.25 0.262290
9 716.60 872.06 1038.72 1499.16 0.257863
7 428.12 145.86 482.06 191.83 0.255635
7 547.87 122.83 650.61 201.65 0.251145
2 634.74 495.76 662.86 550.23 0.250794
7 526.38 484.41 592.46 560.81 0.244906
2 472.21 315.98 504.79 370.46 0.244559
3 722.05 393.52 781.60 470.47 0.244306
2 571.58 778.13 631.10 833.10 0.231074
2 539.90 476.00 582.29 495.37 0.223457
7 441.91 282.54 575.44 371.18 0.223259
4 716.17 868.08 788.33 1023.20 0.218049
2 530.69 606.52 567.60 652.59 0.216880
2 588.55 495.99 663.15 573.19 0.202752
