3 1521.76 710.42 1599.38 777.56 0.706481
3 1750.34 847.04 1844.63 909.97 0.627334
2 684.29 726.67 718.93 797.41 0.580180
3 1190.77 588.10 1234.11 632.53 0.550198
2 206.99 278.30 247.78 348.45 0.533408
2 857.02 688.34 891.68 766.33 0.515380
3 1406.41 519.77 1461.51 588.91 0.507643
2 814.17 661.39 849.42 699.08 0.499961
2 895.22 520.57 918.79 587.76 0.492412
2 923.01 546.34 947.22 593.88 0.490846
2 996.77 831.42 1026.14 888.88 0.471167
2 976.13 801.75 1001.56 872.66 0.449418
2 1016.30 792.27 1045.39 851.94 0.448882
2 1101.69 565.44 1127.59 620.92 0.441144
2 898.96 685.44 934.33 733.79 0.430916
2 865.99 622.80 906.16 678.96 0.425211
2 882.30 638.53 906.96 698.51 0.411042
2 965.54 743.53 994.16 788.31 0.400567
3 996.05 896.58 1040.62 944.79 0.376870
2 727.60 624.16 758.92 679.39 0.357911
2 774.45 636.94 807.17 676.35 0.355091
2 941.42 721.57 962.38 763.20 0.341521
2 1016.40 793.32 1023.93 840.96 0.322333
3 909.80 770.48 950.97 821.44 0.314628
2 1403.87 469.00 1433.28 565.79 0.304976
2 959.95 714.95 989.15 756.38 0.292044
7 1036.53 758.79 1080.43 819.11 0.290599
2 762.84 634.29 781.19 671.64 0.290222
2 1033.47 845.56 1070.60 888.21 0.254869
2 1406.55 516.11 1430.49 574.16 0.251498
2 976.10 791.76 1070.74 890.46 0.235343
2 726.40 618.61 1079.76 943.94 0.227918
2 752.13 627.16 768.36 667.50 0.210632
