3 879.58 878.90 917.81 910.62 0.547531
5 1011.84 901.40 1074.20 1002.48 0.544764
9 907.51 772.89 971.77 828.38 0.523119
3 913.22 832.37 941.32 861.82 0.504905
4 1097.56 553.90 1139.11 589.44 0.492815
4 863.93 937.74 960.24 999.90 0.476725
4 1078.16 505.58 1100.72 528.48 0.462789
1 868.04 850.86 888.40 894.46 0.459961
7 1108.58 773.07 1136.06 826.15 0.428526
1 1521.95 1014.48 1550.87 1061.60 0.413019
4 1036.44 777.78 1071.00 827.71 0.386000
3 1171.26 589.83 1185.57 617.59 0.385229
3 892.89 915.81 945.12 941.88 0.366901
4 1493.26 937.88 1539.49 986.76 0.365033
6 369.77 195.96 463.80 215.05 0.363655
3 1121.46 512.96 1136.02 538.32 0.361210
7 934.13 893.83 975.24 938.64 0.358769
6 1140.41 868.74 1175.16 945.10 0.356065
3 1130.65 489.98 1147.59 514.10 0.353701
1 1347.17 858.42 1363.02 894.40 0.343717
1 1388.73 595.47 1400.33 625.97 0.342091
4 1551.49 418.97 1601.08 442.60 0.334986
4 1198.23 266.21 1212.12 283.06 0.331899
3 1161.42 497.88 1173.55 515.26 0.320585
4 1128.07 217.28 1142.23 230.79 0.317440
4 1185.95 207.90 1198.83 219.58 0.307996
4 1279.56 579.47 1372.98 614.94 0.306249
3 1466.88 854.65 1505.30 883.73 0.305140
1 1156.29 423.21 1168.48 445.44 0.302615
3 1453.95 1050.35 1480.71 1078.06 0.302587
3 1431.21 796.23 1466.35 821.31 0.296767
1 1638.15 500.56 1660.05 546.51 0.295238
4 1120.05 265.68 1132.29 281.88 0.292751
2 1139.89 359.16 1150.16 377.11 0.292417
4 1442.15 239.86 1471.86 253.91 0.290885
3 1343.06 875.72 1363.92 902.84 0.285770
2 1197.27 360.85 1206.79 380.52 0.284828
7 1382.37 658.09 1420.68 681.65 0.284714
2 1405.37 591.30 1423.26 622.57 0.281281
3 1326.60 855.29 1345.10 892.38 0.279807
2 1415.73 837.15 1432.47 865.24 0.265829
4 1169.22 233.80 1179.32 245.54 0.261216
4 203.12 654.79 242.09 678.54 0.259424
1 836.91 886.03 860.78 928.57 0.258815
9 1250.59 104.42 1287.01 114.68 0.258437
3 1324.61 607.14 1362.30 631.07 0.255679
4 1214.89 292.78 1226.09 305.70 0.251822
4 1382.45 868.71 1499.33 929.47 0.251103
4 1400.00 869.16 1450.94 905.25 0.247782
9 930.38 106.11 996.56 135.01 0.245901
1 1006.22 919.47 1023.02 950.24 0.237397
4 1201.73 323.62 1210.75 337.27 0.236481
1 1005.74 914.26 1023.92 999.18 0.235125
4 1171.24 219.84 1186.47 232.22 0.234250
3 1542.88 1011.09 1567.33 1042.18 0.230448
4 1395.30 839.14 1437.04 865.93 0.229394
4 1412.92 937.10 1539.27 986.59 0.227184
2 1452.59 690.76 1466.58 724.50 0.222312
4 947.97 657.61 971.89 689.73 0.216341
4 1401.69 301.26 1425.47 321.49 0.213844
2 1159.54 237.63 1167.01 250.23 0.212199
4 1039.54 310.67 1063.73 326.90 0.209535
2 1202.55 395.48 1215.51 421.18 0.206313
3 1115.29 800.63 1132.65 825.91 0.204157
