4 270.81 89.35 333.46 195.65 0.546521
4 1125.19 446.43 1178.51 571.01 0.539511
4 753.69 499.28 813.15 624.47 0.531529
4 831.92 486.82 886.14 598.01 0.526030
4 1477.37 485.34 1539.79 611.46 0.502856
4 487.68 99.16 546.55 226.08 0.497402
4 614.73 506.41 677.08 632.00 0.494580
4 418.46 88.33 481.04 216.04 0.469211
4 376.27 512.96 440.95 639.05 0.462826
4 1173.21 84.21 1226.42 210.21 0.443133
4 1503.89 94.68 1565.65 217.14 0.443103
4 716.09 104.54 755.48 232.67 0.438883
4 1438.97 86.38 1496.72 212.80 0.434796
4 769.03 102.70 826.35 237.70 0.413468
4 844.76 101.01 898.28 245.96 0.412963
4 1755.39 117.76 1810.11 229.06 0.380075
1 1629.43 518.79 1658.13 566.79 0.374750
4 1493.72 668.96 1597.91 705.10 0.344239
4 1040.81 675.30 1130.34 705.35 0.329120
4 915.94 684.13 989.40 706.00 0.306617
4 1386.06 673.23 1462.13 704.33 0.303345
9 484.48 677.56 602.16 710.09 0.296066
5 1090.07 649.54 1143.02 700.35 0.274713
1 187.21 119.52 206.53 152.98 0.264833
4 770.45 745.84 863.78 781.27 0.253478
4 1258.61 513.97 1325.22 649.30 0.234442
10 1255.60 961.09 1420.35 995.15 0.233279
4 1673.36 54.27 1700.36 75.09 0.215709
6 281.20 645.56 340.70 703.51 0.215169
2 543.31 700.13 557.36 720.90 0.209703
2 1273.80 521.08 1313.85 574.18 0.204559
9 918.06 669.23 1009.79 700.67 0.201666
