3 0.13 455.95 64.47 505.96 0.554303
4 144.29 88.83 175.35 109.38 0.517227
6 840.77 416.45 959.53 502.26 0.333713
7 125.32 351.51 179.68 393.45 0.331326
1 726.93 324.06 744.85 360.63 0.329096
7 30.50 396.87 71.22 441.48 0.299771
4 373.70 147.01 409.07 166.20 0.289570
7 288.96 466.37 336.60 517.59 0.287282
7 12.86 376.65 48.47 409.59 0.278169
1 7.19 439.58 36.48 493.43 0.273648
2 4.35 165.59 957.26 538.37 0.273639
2 372.82 263.32 643.84 418.64 0.270684
3 340.45 483.84 363.54 509.62 0.263677
4 0.08 108.02 15.41 124.83 0.263578
1 246.91 149.82 268.15 205.89 0.261727
7 232.80 368.70 284.54 407.85 0.260821
1 867.86 183.70 882.36 204.17 0.255901
3 64.88 344.30 105.76 378.65 0.254128
2 939.29 222.57 955.11 250.32 0.251749
1 69.71 360.46 90.77 412.13 0.248027
1 737.22 394.22 755.03 441.54 0.247517
4 79.08 97.76 98.53 112.22 0.244974
2 435.19 102.73 447.04 142.24 0.235590
2 164.36 439.88 188.30 492.20 0.232774
2 836.91 181.59 849.74 208.15 0.230393
4 193.88 91.90 218.33 116.80 0.228699
2 793.38 234.59 811.46 258.04 0.227456
2 638.28 226.49 649.53 253.39 0.225214
2 768.61 206.81 784.36 231.46 0.217337
2 357.51 473.19 387.98 530.55 0.212907
2 601.28 198.70 614.45 232.19 0.210205
2 442.44 214.14 454.71 240.91 0.208874
7 911.29 368.28 959.44 427.77 0.208378
2 542.97 108.50 564.47 149.68 0.204399
2 423.81 363.05 443.88 412.58 0.202822
2 793.40 468.86 822.53 532.22 0.201101
