9 128.23 198.19 354.57 396.26 0.639290
9 0.56 195.09 196.50 453.75 0.604685
4 873.40 247.81 953.14 371.22 0.560033
4 919.44 729.66 1055.82 981.30 0.546469
1 442.04 537.24 481.08 618.71 0.543465
4 927.21 495.42 1042.99 705.08 0.522355
5 1128.75 497.68 1281.66 705.27 0.513202
1 1089.71 481.18 1129.54 550.71 0.510905
4 776.10 214.22 845.41 354.03 0.491341
4 1212.66 239.53 1317.31 358.65 0.473683
1 1071.38 447.63 1108.22 506.87 0.466287
7 563.57 523.69 604.06 599.80 0.466091
4 1245.13 151.37 1394.06 208.71 0.463494
4 1127.62 252.73 1220.76 351.82 0.458936
1 987.34 144.85 1011.08 192.24 0.457133
5 951.55 207.40 1043.12 355.71 0.457033
4 1295.93 230.84 1399.69 309.55 0.452129
5 1289.05 8.67 1384.78 112.91 0.450603
4 705.75 713.44 887.46 1019.40 0.446101
4 1265.52 193.46 1399.44 255.19 0.443351
4 859.04 158.56 926.31 248.33 0.441627
5 1176.97 701.50 1399.25 992.23 0.434465
4 142.13 3.29 230.22 59.09 0.428291
4 1087.32 172.48 1170.66 260.74 0.411638
4 1327.26 496.70 1399.80 647.63 0.396722
3 1022.30 227.39 1053.21 254.81 0.395209
4 1318.80 705.70 1399.77 910.74 0.390859
1 1268.32 126.48 1290.26 160.37 0.382926
4 383.29 209.98 401.55 259.36 0.373998
4 1042.99 240.87 1131.39 359.66 0.368399
5 1228.31 17.14 1295.74 107.39 0.359687
3 1144.93 103.37 1176.98 132.14 0.354441
4 777.51 213.04 833.94 251.74 0.314325
