4 327.95 497.94 433.37 544.44 0.623370
4 159.44 542.87 275.72 589.30 0.619816
4 1777.44 569.44 1889.78 610.74 0.606815
4 1450.46 488.46 1533.50 530.28 0.596493
4 1665.69 549.48 1757.81 593.93 0.574309
4 1211.11 422.47 1290.98 455.63 0.573189
4 533.48 441.62 619.32 481.54 0.567420
4 707.47 403.65 787.20 442.89 0.528546
4 621.44 419.20 696.15 460.85 0.513884
4 1535.40 519.09 1639.12 564.33 0.506653
4 569.32 1121.88 706.93 1266.78 0.494078
4 1456.62 759.17 1528.94 828.73 0.490709
4 45.60 522.57 148.64 562.98 0.482509
4 0.16 525.62 38.31 558.70 0.449078
4 1286.83 430.44 1369.70 475.92 0.429317
4 850.46 293.34 881.23 322.33 0.425847
4 828.90 313.77 860.57 345.73 0.421140
1 1308.93 974.24 1337.08 1027.41 0.411482
4 1742.61 820.85 1794.98 870.56 0.377273
4 826.50 910.66 977.02 990.98 0.375069
1 1820.64 1049.84 1852.45 1101.50 0.336623
4 333.14 1005.34 448.23 1116.61 0.327515
4 133.42 845.13 188.71 878.41 0.291890
9 658.45 368.69 727.72 420.73 0.282791
4 142.77 871.48 255.95 921.10 0.277107
