4 927.97 328.53 995.11 449.31 0.553253
9 845.26 0.00 916.85 70.41 0.528892
2 532.12 126.56 550.47 169.02 0.399688
2 549.51 176.05 568.20 215.65 0.379610
2 551.93 126.64 572.17 166.91 0.378898
2 578.65 180.49 598.29 221.47 0.377499
3 639.05 175.29 670.97 204.54 0.352816
2 712.79 279.04 730.19 317.63 0.349863
1 616.13 956.14 650.72 998.24 0.321849
2 639.14 158.38 665.18 196.76 0.304479
7 718.23 323.93 757.04 395.92 0.287847
1 179.95 105.64 203.41 146.87 0.285849
2 703.37 318.41 719.24 358.76 0.261978
2 531.44 124.45 600.09 222.34 0.261062
