4 706.98 310.24 750.01 331.81 0.530076
5 659.88 466.63 687.55 518.47 0.455907
9 193.03 219.95 236.44 239.47 0.439322
4 615.82 352.06 653.79 385.11 0.341818
4 668.40 68.55 680.86 84.22 0.336341
5 656.32 208.92 673.36 234.77 0.334899
9 955.58 223.22 1004.79 246.25 0.330587
5 526.18 319.77 570.98 347.31 0.327703
4 655.20 9.98 666.03 24.56 0.325045
9 1101.58 229.22 1145.74 244.88 0.323260
4 657.17 30.13 669.44 44.68 0.313000
6 626.63 83.95 639.68 107.55 0.299944
7 559.52 354.91 578.62 380.49 0.286347
4 705.41 211.01 721.02 230.42 0.285564
4 630.78 118.54 642.57 134.37 0.285385
4 628.65 135.79 641.03 151.28 0.281386
9 623.39 180.26 646.15 206.32 0.261807
2 641.75 282.04 651.43 300.77 0.250097
