4 947.35 720.07 972.57 754.05 0.525968
4 743.31 721.77 767.78 757.18 0.521280
4 1040.77 516.13 1066.06 542.87 0.490621
4 1067.51 574.69 1095.03 603.95 0.478566
4 992.60 482.98 1017.97 512.26 0.467398
4 807.83 194.79 823.15 213.71 0.431062
4 714.35 165.20 727.13 180.41 0.399876
4 720.68 209.77 733.42 229.13 0.394270
4 876.18 307.27 891.15 326.56 0.391605
4 831.66 211.27 843.40 228.38 0.382766
4 676.75 487.88 691.32 509.95 0.362020
5 707.40 579.16 754.78 658.51 0.360826
4 452.19 670.89 491.43 707.39 0.352341
6 692.07 393.88 722.80 469.74 0.349640
4 697.67 536.57 714.76 565.47 0.327949
4 645.67 6.95 656.48 18.77 0.326339
4 773.88 133.59 784.28 146.21 0.315868
4 731.30 549.15 748.09 577.85 0.293500
4 714.50 527.32 732.29 556.42 0.285816
6 636.50 293.42 659.46 359.24 0.276774
4 870.33 296.79 891.53 326.83 0.272981
4 674.97 445.44 688.98 468.65 0.269793
5 1252.00 0.25 1300.56 24.89 0.256911
4 633.22 113.02 645.40 126.90 0.251186
