4 573.55 1009.97 593.93 1049.09 0.413479
4 449.55 766.67 482.46 787.84 0.391049
4 385.33 1018.81 421.48 1043.84 0.380139
4 402.11 984.09 436.52 1012.93 0.378330
4 134.57 622.30 158.67 641.31 0.377800
4 507.16 945.57 550.98 977.17 0.374997
4 635.38 610.25 657.86 626.52 0.362149
4 790.87 666.54 806.67 692.99 0.360789
4 800.16 713.46 816.50 742.57 0.358343
4 529.18 671.80 557.68 690.62 0.345824
4 911.78 162.77 927.74 188.11 0.345354
4 831.28 515.07 844.97 535.38 0.345204
4 827.72 480.70 839.91 502.45 0.340151
4 792.32 236.58 809.31 246.57 0.336854
4 564.55 932.59 593.23 961.67 0.323539
4 623.64 643.21 646.49 661.68 0.320617
4 650.38 581.50 669.82 602.96 0.314561
4 465.34 651.91 495.22 670.29 0.305834
4 203.52 746.86 223.75 765.29 0.287770
4 506.57 752.98 528.30 784.66 0.282137
4 784.98 250.54 803.31 262.38 0.282035
6 358.94 661.01 486.72 786.47 0.281469
4 814.13 763.97 836.25 797.34 0.281379
4 823.23 815.00 845.13 839.13 0.272699
4 839.77 390.35 855.53 409.79 0.270391
6 621.40 82.38 667.36 105.21 0.270195
4 592.43 591.52 607.69 603.97 0.260349
4 748.75 339.51 770.70 350.16 0.260303
4 836.65 448.42 852.02 466.34 0.258584
4 878.59 255.15 897.62 264.27 0.255791
4 705.65 270.92 720.53 282.67 0.254766
4 533.56 88.11 561.02 102.32 0.251818
4 694.29 591.12 717.19 602.90 0.250832
4 962.99 0.00 973.94 9.22 0.250302
