4 548.41 65.34 571.80 90.32 0.516649
4 616.02 214.06 640.46 250.81 0.391333
4 531.97 405.45 561.49 452.38 0.391165
4 482.32 384.77 510.45 427.77 0.366989
4 677.41 712.28 721.04 780.66 0.366509
5 526.83 186.20 547.00 228.36 0.362907
7 493.80 418.21 564.10 565.00 0.339096
6 503.31 327.18 529.27 369.37 0.318459
5 584.90 709.30 627.27 777.42 0.310472
4 257.11 499.87 291.14 527.54 0.303512
5 592.72 477.33 630.60 541.47 0.292273
4 254.73 295.10 291.49 312.76 0.287398
4 592.00 213.00 611.32 251.15 0.286117
4 618.92 567.04 659.87 629.13 0.282554
7 568.31 531.80 622.24 623.89 0.254283
