4 1376.41 802.27 1549.13 893.08 0.552699
4 388.16 903.80 474.32 1023.39 0.521949
4 490.29 559.44 547.41 623.38 0.515849
4 382.98 534.48 441.30 598.58 0.504841
4 569.19 375.09 610.85 417.26 0.498757
4 1360.65 456.88 1444.71 516.27 0.479714
4 299.61 753.15 393.31 867.02 0.465739
4 104.99 845.61 203.41 976.18 0.461409
4 161.03 734.64 245.58 843.02 0.455438
4 1181.82 674.77 1284.73 775.78 0.452909
4 22.48 489.24 133.97 552.72 0.447996
4 551.35 300.15 589.27 337.76 0.443973
4 1300.39 396.73 1365.02 446.59 0.443100
4 1221.15 290.77 1271.04 328.95 0.437201
4 1182.70 260.33 1227.06 289.42 0.435711
4 615.03 240.06 655.80 274.46 0.434925
4 1597.09 772.07 1647.47 846.83 0.428863
4 206.56 621.36 285.53 717.65 0.420488
4 547.13 239.86 584.50 274.00 0.419833
4 136.62 427.56 221.37 489.33 0.418968
4 1103.30 499.61 1164.58 572.28 0.411086
4 1122.43 576.98 1187.84 663.00 0.410040
4 1494.83 547.12 1586.40 617.29 0.409550
4 546.93 184.72 579.66 215.55 0.408862
4 658.48 91.62 682.88 114.90 0.408582
4 245.58 532.11 317.76 614.45 0.404479
4 540.12 97.49 567.66 124.77 0.400052
4 1083.75 436.13 1136.58 497.80 0.389903
4 318.73 410.80 378.20 469.86 0.388791
4 1026.71 309.58 1069.34 353.54 0.387089
4 1584.16 644.99 1677.63 730.83 0.382978
4 1147.06 231.49 1172.49 257.33 0.378291
1 1599.35 400.31 1616.60 436.71 0.372507
4 621.17 57.92 644.87 77.57 0.370925
4 616.59 87.95 642.26 111.89 0.370442
4 392.63 316.82 441.42 361.82 0.369674
4 599.51 9.57 621.43 30.64 0.365316
4 1258.34 342.14 1317.06 390.04 0.362912
4 1064.78 383.31 1114.70 438.36 0.361462
3 857.66 507.95 892.03 536.32 0.361287
4 283.61 466.41 349.78 537.66 0.359225
4 704.62 0.03 725.62 13.43 0.357540
1 1844.21 531.84 1866.97 575.14 0.355015
4 364.43 363.39 413.93 414.48 0.352028
4 711.38 564.68 729.18 601.95 0.338887
4 83.73 418.10 146.92 474.81 0.336847
1 1423.39 355.52 1437.20 386.72 0.335930
4 32.02 1030.38 128.34 1079.41 0.330311
3 829.21 408.76 868.04 436.96 0.322163
4 233.08 271.99 280.89 310.80 0.321353
4 465.07 201.11 501.25 234.80 0.320211
4 649.85 0.33 669.38 14.80 0.317376
1 1520.53 290.26 1533.69 324.86 0.315317
5 167.64 334.02 228.87 385.30 0.313893
4 422.03 258.99 467.33 306.82 0.312264
4 447.25 230.31 485.97 268.44 0.308646
4 1596.73 771.65 1727.80 850.20 0.306465
4 124.27 374.71 184.77 427.62 0.302812
2 817.79 376.05 828.96 404.42 0.293249
3 66.87 384.68 84.05 413.44 0.290168
4 198.88 301.47 253.31 346.25 0.281326
2 1373.33 183.14 1384.79 206.12 0.280342
4 661.75 316.84 675.91 346.30 0.274040
3 850.48 453.77 887.78 499.56 0.273670
4 262.64 239.47 305.13 280.11 0.273379
4 713.04 1005.88 794.29 1079.38 0.271118
4 353.96 153.98 390.87 184.96 0.270610
3 0.10 454.91 36.12 500.12 0.270155
4 0.00 245.32 33.83 282.66 0.268665
2 196.34 268.55 211.74 295.81 0.266538
4 331.46 173.83 370.01 206.95 0.264672
4 34.42 210.85 83.94 245.81 0.263736
3 1773.10 751.70 1816.85 803.82 0.258617
4 287.21 219.63 327.05 256.96 0.256256
2 1763.91 446.47 1785.24 491.19 0.255020
3 744.33 683.44 766.80 726.44 0.254955
