4 269.19 89.82 333.64 196.25 0.517850
4 489.47 99.28 546.99 225.28 0.498324
4 1126.13 446.18 1178.07 570.31 0.494505
4 753.37 499.95 812.56 624.60 0.473558
4 375.33 512.76 440.11 640.49 0.466731
4 617.52 506.61 677.24 631.87 0.461999
4 828.52 487.67 885.39 599.33 0.458591
4 1173.61 83.99 1227.29 209.64 0.447006
4 1477.43 485.83 1539.90 610.08 0.441292
4 418.48 88.43 480.95 214.18 0.439391
4 1506.67 95.63 1566.16 214.58 0.430913
4 1440.27 86.20 1497.72 212.22 0.424453
4 695.21 104.85 754.80 232.69 0.422951
4 766.70 103.12 827.00 238.19 0.386763
4 845.30 100.81 897.10 244.87 0.382836
4 1756.83 114.82 1810.58 230.47 0.373116
1 1628.77 518.82 1656.76 568.35 0.314117
