4 0.05 162.54 50.26 251.54 0.564473
4 139.08 25.09 207.84 95.60 0.540966
2 714.11 244.12 726.20 272.91 0.497343
2 818.02 482.71 831.71 510.53 0.484104
2 824.58 672.33 839.91 703.85 0.481048
2 507.00 597.15 518.32 621.39 0.459704
2 582.79 502.32 599.86 536.14 0.427900
6 125.01 108.29 232.58 286.27 0.416758
2 685.14 202.79 699.52 225.68 0.387298
2 675.98 33.18 695.19 56.10 0.386879
2 741.32 771.22 756.92 787.82 0.386590
2 395.77 98.28 407.27 123.18 0.384301
2 756.73 772.12 772.89 787.69 0.381093
2 679.55 152.61 694.37 173.60 0.361754
4 71.97 241.81 185.53 335.15 0.358976
2 433.14 168.83 446.25 189.76 0.351910
2 592.67 0.02 602.17 12.21 0.337538
2 678.16 116.90 696.25 147.62 0.328526
2 583.87 169.54 619.81 197.67 0.320498
2 670.09 2.34 681.27 23.27 0.316753
2 619.21 22.71 633.07 39.98 0.309354
2 349.81 265.34 362.15 291.53 0.301719
4 352.12 252.14 391.48 290.69 0.298475
2 637.18 23.79 650.97 43.10 0.291730
2 603.86 169.95 618.21 184.17 0.289881
2 614.17 22.22 651.14 44.24 0.279693
2 416.86 51.36 428.17 75.20 0.260380
2 844.84 627.73 853.74 646.11 0.256148
2 851.45 670.70 860.31 693.88 0.235948
2 777.42 182.43 789.00 198.40 0.232177
2 855.99 653.24 868.37 671.78 0.229768
4 376.04 253.09 390.87 290.64 0.226300
2 111.32 280.64 127.62 297.87 0.216328
2 772.69 161.79 779.82 179.06 0.204614
2 590.85 176.53 605.13 197.66 0.202671
