5 1138.98 687.73 1207.02 774.69 0.506753
4 1293.82 1047.77 1445.82 1229.55 0.484497
4 950.54 455.09 985.40 493.14 0.484429
1 1647.65 1401.17 1694.22 1476.72 0.484164
5 823.29 567.08 912.57 617.90 0.470376
7 945.96 728.75 1012.98 824.99 0.464990
1 1288.41 1459.36 1333.90 1499.27 0.463750
1 1083.34 1144.06 1120.74 1218.63 0.457575
1 934.91 1091.16 958.20 1150.16 0.455947
4 843.62 484.75 917.84 527.09 0.452487
4 976.01 459.09 984.85 492.88 0.448726
6 1057.86 536.03 1117.29 610.92 0.443011
1 1070.56 636.84 1092.31 677.25 0.437602
4 828.23 475.94 855.00 492.32 0.435525
4 934.21 417.67 967.25 454.72 0.434633
1 1594.87 1335.23 1631.03 1407.36 0.415751
4 826.15 449.63 859.67 491.37 0.402907
4 906.89 292.81 925.92 311.88 0.401569
1 1166.17 871.66 1186.91 923.95 0.399145
4 977.26 419.12 1011.45 452.59 0.398040
4 894.35 410.27 920.38 443.95 0.393311
4 975.63 385.28 1002.46 411.98 0.386823
4 894.26 449.27 917.95 470.72 0.383198
6 1193.17 744.87 1280.68 832.56 0.381209
4 886.46 234.85 901.93 253.16 0.374177
1 1579.28 1365.41 1616.91 1421.60 0.365292
4 976.25 512.48 1008.67 530.13 0.354537
1 1011.38 708.56 1027.61 752.84 0.353938
1 1099.48 588.66 1125.10 623.52 0.353899
3 1191.84 868.66 1210.95 898.38 0.341346
1 1003.23 635.98 1017.35 676.42 0.328582
4 890.71 197.48 904.17 210.33 0.327149
2 486.69 1381.41 504.48 1419.64 0.325428
1 981.50 645.73 996.04 689.42 0.325269
4 1065.88 495.63 1094.96 519.53 0.322737
3 1279.64 1441.42 1297.18 1499.35 0.318432
2 936.85 1142.04 953.93 1181.64 0.315058
4 1018.32 434.42 1047.03 455.06 0.314891
6 777.13 1298.51 922.58 1425.34 0.314887
4 915.18 237.40 929.24 250.90 0.313133
3 1040.05 1392.84 1068.32 1435.90 0.310495
4 1014.70 412.48 1031.65 424.39 0.310402
2 472.68 1379.43 489.19 1417.30 0.309639
1 968.07 348.85 979.62 372.62 0.306092
7 1221.15 856.35 1273.97 903.88 0.304601
4 825.17 314.87 844.70 343.49 0.304431
4 976.18 728.49 1004.14 756.99 0.304428
7 831.01 336.52 869.31 370.25 0.303034
2 1181.68 827.27 1209.33 896.47 0.302848
1 1022.06 874.68 1049.60 948.46 0.297489
4 1293.95 1048.26 1403.08 1112.45 0.295540
4 746.78 286.22 766.01 300.80 0.293012
4 547.99 238.72 564.76 253.18 0.291858
1 965.37 634.38 980.34 676.03 0.290345
4 1041.30 495.06 1068.62 521.76 0.287208
6 1018.76 435.39 1052.81 477.37 0.272815
2 963.01 634.72 1018.56 682.27 0.272116
4 957.11 332.82 976.25 345.06 0.271484
6 819.12 1030.40 923.77 1428.10 0.271071
4 875.41 478.10 896.07 495.23 0.267552
2 1021.72 874.95 1044.62 903.82 0.264264
4 504.79 263.03 525.46 278.96 0.259099
7 975.95 727.83 1023.39 800.81 0.258357
4 1076.72 503.73 1093.33 519.27 0.256286
4 814.41 286.61 846.76 310.13 0.251073
4 966.07 327.70 981.46 341.42 0.248659
4 546.25 257.15 560.44 272.10 0.237676
4 824.81 222.25 842.28 233.07 0.231556
5 976.01 757.69 1009.37 807.31 0.231105
1 859.69 584.19 873.87 610.62 0.230557
5 795.62 280.66 823.43 306.77 0.229340
3 937.49 684.00 950.04 707.84 0.228804
6 1029.48 476.86 1117.64 611.55 0.222182
4 905.37 220.50 919.29 237.55 0.220154
3 1011.15 982.93 1059.60 1023.41 0.218252
2 1324.39 888.47 1345.01 930.02 0.216854
4 767.61 276.84 799.84 292.44 0.216725
4 881.10 174.60 889.97 186.29 0.215170
7 1284.06 979.66 1350.17 1040.86 0.215011
2 994.85 735.93 1010.06 760.06 0.214376
4 904.18 217.18 916.00 229.04 0.212398
7 1029.18 477.85 1071.26 522.04 0.212202
3 1167.37 893.29 1180.58 925.55 0.211628
2 1240.60 891.48 1256.61 936.47 0.208243
4 594.03 234.73 609.49 248.36 0.208111
6 1069.06 536.32 1102.49 586.71 0.207686
4 935.37 267.43 944.83 282.87 0.204865
4 652.18 186.68 664.71 197.50 0.204383
3 1006.47 764.90 1023.88 802.18 0.203944
7 942.12 646.68 972.22 689.83 0.203806
2 1603.04 793.69 1638.99 846.47 0.200230
