4 328.31 496.53 432.91 544.53 0.610328
4 1450.17 489.69 1534.32 530.12 0.596309
4 1455.05 758.78 1530.55 829.03 0.586448
4 158.52 542.75 267.67 588.81 0.586339
4 1210.50 423.16 1291.06 456.32 0.580767
4 1665.74 550.72 1757.80 594.03 0.577240
4 1778.19 566.99 1892.22 610.20 0.574759
4 535.13 440.92 621.58 481.73 0.552990
4 44.91 521.87 146.50 562.41 0.525429
5 1285.65 430.15 1369.15 476.44 0.523800
4 706.66 403.93 786.84 442.58 0.521924
1 1307.31 976.30 1335.92 1025.82 0.521570
1 1819.37 1050.99 1850.43 1095.94 0.513979
4 1534.61 519.56 1639.88 564.57 0.504061
4 0.02 522.15 36.50 558.64 0.488140
4 1743.83 818.18 1800.34 871.31 0.481470
4 620.64 417.93 695.50 460.64 0.470456
4 826.21 910.79 976.76 991.70 0.434007
4 832.16 314.34 862.81 345.51 0.416767
4 572.59 1123.05 706.56 1270.45 0.415066
4 849.91 293.00 881.10 322.89 0.413820
4 967.23 533.47 1011.57 554.08 0.411231
1 1301.64 976.29 1317.65 1025.33 0.371432
3 1304.60 1001.94 1333.34 1023.68 0.369728
4 1188.48 617.19 1218.27 650.58 0.335149
4 1377.73 1193.63 1433.55 1238.06 0.334018
5 976.02 476.03 1019.75 554.56 0.318517
3 699.30 432.83 726.65 456.12 0.315250
3 1151.83 383.21 1173.39 405.10 0.306279
4 834.41 278.72 847.05 294.85 0.306179
4 1077.46 150.18 1099.82 171.52 0.302519
4 1191.68 97.46 1217.28 111.64 0.297026
2 712.46 1318.19 740.44 1381.28 0.288277
1 1892.37 183.85 1928.84 220.11 0.286994
6 1164.29 98.64 1191.32 116.16 0.282156
1 1143.40 579.38 1155.96 614.20 0.278071
2 1867.13 565.28 1879.80 582.73 0.274060
4 327.14 975.05 448.12 1116.47 0.243348
6 656.75 369.07 726.76 419.43 0.240697
4 141.25 872.79 256.16 921.64 0.235237
4 1794.80 574.74 1842.92 604.12 0.229353
3 1953.54 573.23 1994.84 599.02 0.226651
5 1511.36 362.00 1560.14 391.83 0.225620
3 1376.16 445.57 1387.25 471.75 0.221477
1 1150.59 648.03 1166.40 679.97 0.208238
4 1704.78 392.31 1737.81 411.39 0.203296
4 1292.52 30.51 1309.40 45.51 0.201708
