9 845.65 0.01 917.03 69.92 0.630786
4 927.32 327.40 995.82 449.94 0.600349
1 532.03 126.89 550.54 170.29 0.455609
2 549.55 176.09 567.82 215.34 0.422400
2 553.00 125.93 572.00 166.70 0.420071
3 639.19 172.22 670.97 204.87 0.406590
1 577.11 180.21 597.99 221.19 0.396720
7 718.97 322.96 756.22 396.18 0.395210
1 713.00 279.62 731.26 318.29 0.378281
6 1014.45 982.94 1163.72 1049.77 0.359992
2 703.59 318.91 719.19 358.32 0.345232
1 180.42 106.21 203.17 147.13 0.334457
10 623.84 732.24 653.08 786.74 0.279964
1 616.29 956.97 652.11 997.13 0.267303
3 187.61 127.26 203.64 148.12 0.242987
2 531.58 124.33 599.34 222.12 0.235990
3 666.22 161.67 690.27 187.25 0.231921
2 703.66 279.42 731.00 359.23 0.217184
2 549.36 172.07 598.42 221.75 0.210706
3 721.39 364.75 747.18 396.05 0.203860
