4 1095.52 389.40 1141.79 433.30 0.600178
4 1147.46 328.68 1184.87 365.36 0.538403
4 884.76 699.51 951.52 778.70 0.533109
4 973.53 573.51 1029.55 637.21 0.529376
4 819.12 853.53 882.75 966.54 0.494558
4 1313.21 215.10 1341.16 248.30 0.481605
4 1208.01 251.49 1245.44 285.45 0.462161
4 524.87 1269.13 662.05 1441.62 0.453906
4 1010.91 502.54 1064.51 565.79 0.444574
4 623.98 1099.28 735.73 1254.36 0.374963
6 1794.28 283.16 1842.69 524.66 0.297895
4 1762.52 280.76 1792.40 304.89 0.292254
4 1137.59 339.47 1154.76 364.60 0.270568
6 755.52 136.86 788.86 161.91 0.253571
1 658.26 1166.86 688.89 1200.23 0.237939
4 485.18 1116.10 580.09 1205.24 0.224958
4 1290.91 237.54 1330.30 251.04 0.221000
4 107.54 243.66 175.34 265.06 0.215304
4 1008.20 524.36 1023.92 564.26 0.212635
6 752.85 199.38 782.03 222.42 0.210352
4 1204.44 258.80 1217.20 283.08 0.209629
6 1794.78 280.76 1999.55 529.81 0.205785
