4 861.18 445.18 962.08 501.70 0.565156
4 605.67 408.22 713.34 461.68 0.563530
4 881.90 68.60 974.07 114.89 0.552300
4 482.82 115.05 563.73 165.60 0.525037
4 400.97 394.37 451.84 482.81 0.512623
4 1158.13 316.38 1208.75 397.56 0.504299
4 547.34 283.82 595.77 369.05 0.501245
4 751.43 253.70 795.72 339.45 0.482594
4 981.48 234.00 1030.76 303.45 0.470354
4 810.99 245.86 860.24 330.28 0.460320
4 869.05 242.44 918.96 325.71 0.452266
4 968.40 690.61 1023.98 818.08 0.451975
4 1212.78 189.86 1274.85 272.45 0.441153
4 1222.67 524.39 1297.01 620.05 0.436531
4 1224.37 1018.83 1304.46 1057.25 0.433754
4 1153.59 534.22 1233.24 641.00 0.417974
4 915.82 227.45 963.35 305.58 0.415621
4 948.53 568.22 1009.68 671.49 0.406030
4 1287.43 516.52 1368.31 619.36 0.403266
4 595.60 609.11 651.26 720.74 0.369710
4 1095.22 549.27 1170.74 648.10 0.363351
4 604.01 294.44 661.03 375.26 0.354726
4 359.69 595.88 389.19 627.36 0.354554
1 679.22 603.34 701.50 634.11 0.338551
5 526.06 595.98 582.48 722.68 0.328988
1 844.73 723.24 872.51 771.59 0.318095
1 798.26 628.63 827.90 692.25 0.310810
1 1246.49 691.26 1260.05 720.35 0.273704
4 401.42 601.17 437.30 656.02 0.271928
7 735.27 586.86 785.62 688.94 0.264740
6 1534.53 450.95 1610.54 519.81 0.264383
4 1445.60 18.06 1470.46 36.78 0.261498
4 1791.08 320.48 1840.69 348.64 0.260098
4 1275.18 995.92 1315.69 1021.60 0.260079
6 819.11 567.90 886.84 716.98 0.247537
3 1057.37 53.99 1082.35 73.18 0.247497
3 519.80 739.89 557.04 771.55 0.246555
4 1307.51 1049.31 1363.28 1071.37 0.246327
3 1424.19 914.99 1495.60 978.30 0.238968
2 792.10 587.13 812.79 632.14 0.237585
6 1792.01 700.03 1915.60 848.53 0.237216
2 692.12 743.21 724.56 785.80 0.230915
6 214.16 0.00 349.73 28.50 0.226494
2 1246.69 890.63 1264.00 918.92 0.224770
2 1057.36 772.61 1112.63 808.53 0.220674
6 819.17 567.99 934.79 869.01 0.218473
6 819.23 765.83 934.59 868.93 0.217663
2 799.65 622.01 825.24 648.69 0.209473
3 1521.42 993.29 1593.26 1023.92 0.207800
1 1136.03 887.46 1155.06 931.24 0.205134
2 1145.73 658.21 1164.73 714.33 0.200842
