4 451.11 31.67 542.02 78.48 0.616466
4 1307.90 235.92 1359.71 298.02 0.562647
4 1106.39 75.11 1204.43 124.96 0.540622
4 1060.89 31.52 1144.83 74.10 0.511589
4 1206.53 138.58 1318.76 197.71 0.510525
6 464.96 412.88 807.98 599.02 0.461013
4 1027.93 6.31 1118.94 48.23 0.457101
6 376.08 0.20 610.45 58.34 0.445708
5 683.66 146.51 773.47 250.79 0.425122
4 1029.40 0.22 1098.46 15.84 0.406317
4 1338.99 289.20 1359.86 368.09 0.388364
6 413.63 296.32 796.15 489.68 0.381676
5 774.05 318.18 845.75 444.82 0.376021
7 1161.62 90.34 1245.38 156.76 0.307645
6 472.30 52.09 696.37 205.46 0.303533
1 684.41 406.26 742.01 485.63 0.271825
6 1250.34 0.05 1359.60 63.28 0.258819
5 709.35 238.83 781.42 309.37 0.257679
2 1214.17 106.05 1227.33 130.14 0.241126
6 385.18 43.84 846.72 597.47 0.240715
2 763.82 484.05 792.64 506.50 0.208049
