4 519.50 578.95 548.01 622.67 0.518449
4 441.72 444.62 463.59 475.66 0.501245
4 469.33 275.28 495.68 294.51 0.492245
4 667.22 334.36 687.11 356.01 0.486629
4 767.54 394.95 792.13 426.44 0.484941
4 639.41 289.33 656.46 310.37 0.483158
4 591.55 325.99 608.63 350.97 0.478302
4 567.44 203.94 586.17 217.75 0.463077
4 376.11 361.85 409.01 394.27 0.449603
4 648.85 696.24 685.59 756.57 0.441167
4 718.84 282.16 737.67 307.83 0.441025
4 649.24 222.64 662.57 237.41 0.432525
4 656.86 600.82 688.35 654.01 0.422513
5 2.28 354.53 72.36 404.49 0.421301
5 460.03 431.87 497.74 532.41 0.413274
4 87.36 500.29 124.95 531.64 0.397428
5 428.17 289.56 470.38 328.24 0.396064
4 674.87 191.65 687.87 204.17 0.391588
4 100.49 391.18 131.85 411.34 0.379859
5 0.03 560.13 51.67 620.63 0.364324
4 106.01 180.54 128.14 192.57 0.363491
6 405.05 213.03 424.66 249.32 0.357087
4 604.83 167.59 617.99 177.02 0.354188
4 653.27 172.39 666.95 185.18 0.349107
4 628.19 186.77 637.83 199.85 0.343791
4 691.89 135.66 703.81 145.80 0.343172
4 726.48 362.32 749.27 397.44 0.339708
4 611.13 115.10 621.72 122.99 0.338356
4 78.40 469.12 114.62 498.10 0.332649
4 615.84 154.22 626.34 164.33 0.331236
6 104.70 418.12 132.66 467.34 0.328722
4 90.77 413.96 109.80 434.76 0.323445
4 623.95 358.41 651.18 407.24 0.320280
4 611.33 91.48 622.73 100.23 0.319610
4 70.67 395.62 97.22 419.10 0.313987
4 639.44 109.13 650.71 117.86 0.296701
4 562.55 776.80 621.89 787.92 0.295990
4 579.18 90.14 589.57 100.24 0.295771
4 669.88 153.27 682.16 167.76 0.289704
4 569.77 82.00 580.19 89.28 0.288402
4 643.56 129.57 658.83 148.13 0.287788
4 653.29 122.87 665.03 132.21 0.287599
4 52.76 536.44 102.04 571.98 0.280583
4 442.79 45.17 453.28 53.88 0.278096
5 616.01 130.33 630.84 151.03 0.271785
4 645.90 95.98 655.85 104.93 0.265820
4 1134.50 718.62 1163.21 742.10 0.260550
6 22.22 262.41 126.98 319.32 0.259488
4 242.78 404.46 264.83 418.26 0.258597
4 107.88 335.52 136.75 355.26 0.255712
4 660.62 93.51 670.75 104.24 0.254012
4 311.14 224.25 332.71 239.06 0.250434
4 614.48 57.76 623.15 64.15 0.245167
4 134.69 335.71 161.11 353.12 0.245143
4 225.23 244.33 236.99 256.69 0.241639
4 725.20 246.81 736.51 254.75 0.241035
6 342.50 31.59 368.66 44.66 0.232446
4 591.50 118.27 599.79 126.00 0.232113
4 249.05 444.39 274.48 465.66 0.231901
6 521.20 49.32 537.44 60.87 0.227531
6 1204.23 243.90 1244.15 265.33 0.223204
4 529.91 68.25 539.75 75.45 0.214214
6 63.86 188.72 99.18 212.03 0.212523
6 176.34 160.97 191.49 178.14 0.209165
6 1038.59 518.54 1102.73 617.42 0.204855
4 710.60 143.08 719.13 151.48 0.204788
4 261.73 448.44 274.40 458.18 0.200549
