4 1261.81 100.22 1289.99 113.38 0.412078
6 0.62 567.55 440.59 764.31 0.400601
6 947.80 146.53 1135.25 207.43 0.382247
6 845.34 161.83 1006.42 222.17 0.374122
6 1266.16 117.46 1359.75 153.10 0.330721
6 283.58 280.99 621.26 424.53 0.316425
6 1258.44 151.19 1359.76 199.83 0.312036
6 283.50 326.94 427.17 424.80 0.302921
4 1201.61 108.43 1222.15 123.20 0.299260
5 1066.98 664.22 1174.99 764.56 0.292158
4 782.43 269.89 820.42 295.43 0.288651
6 729.61 202.08 898.98 275.77 0.283959
6 606.39 204.07 798.61 291.48 0.278601
4 1331.53 148.97 1359.86 165.32 0.276987
4 1246.24 144.58 1271.94 159.65 0.276498
5 1282.81 85.43 1324.89 106.78 0.272002
6 948.36 147.05 1023.76 193.09 0.270019
7 336.24 595.92 440.17 732.83 0.260799
5 819.08 244.23 863.43 297.13 0.257812
7 776.51 504.89 1094.82 764.49 0.257438
4 1129.35 629.86 1230.63 759.43 0.249976
6 470.18 240.33 657.52 327.57 0.249387
4 1323.08 18.66 1340.08 26.33 0.245118
7 1301.30 297.64 1359.48 358.54 0.238807
6 295.54 292.23 348.51 335.24 0.226265
4 336.09 260.48 348.15 275.96 0.219074
4 974.82 119.08 993.43 127.49 0.212437
5 1337.80 186.60 1359.86 217.17 0.204840
