4 509.67 236.01 577.82 280.45 0.561081
4 603.27 220.09 668.33 267.38 0.457621
4 611.62 386.23 688.23 455.31 0.429094
4 208.32 411.47 309.62 480.00 0.397473
6 1137.30 364.23 1274.62 546.15 0.378371
4 1008.28 53.46 1030.14 68.64 0.303726
3 835.70 405.12 910.59 501.58 0.290036
1 389.42 750.66 404.87 770.52 0.253778
4 149.26 61.76 194.78 97.98 0.250951
6 659.81 541.89 769.19 638.49 0.235654
1 658.62 475.52 677.92 503.63 0.232120
2 924.10 716.32 946.73 743.29 0.219280
2 835.64 667.49 947.25 744.33 0.215908
6 658.97 538.90 1022.59 786.36 0.214992
4 871.94 11.51 886.21 20.70 0.211981
6 942.04 210.20 1021.79 296.30 0.211284
4 545.38 236.31 577.25 261.14 0.200660
6 621.17 133.76 749.08 235.15 0.200258
