4 675.32 585.58 772.88 648.36 0.607500
4 1266.11 350.53 1354.44 398.28 0.521448
4 1012.06 417.62 1098.90 460.15 0.520910
4 742.88 479.68 832.61 532.31 0.516806
4 868.36 599.42 966.30 668.62 0.498599
4 1090.50 545.07 1190.30 608.59 0.498572
4 1289.09 493.95 1384.08 547.98 0.494564
4 983.07 576.73 1023.84 633.62 0.491647
4 983.25 573.09 1079.46 634.95 0.491089
4 1025.23 869.94 1108.22 984.58 0.488325
4 577.09 515.52 653.33 564.03 0.486524
4 1193.88 520.15 1294.72 579.45 0.482391
4 1341.10 419.96 1399.66 473.82 0.480979
4 1211.87 371.11 1263.80 412.39 0.476158
4 1112.73 469.21 1206.23 532.62 0.464178
4 1015.25 498.20 1112.99 556.28 0.463927
6 199.52 553.46 442.79 667.81 0.458746
4 1184.37 819.93 1276.43 932.91 0.451849
4 873.76 734.50 943.46 839.13 0.451624
4 1077.48 680.99 1142.84 783.13 0.415051
1 561.99 867.42 583.32 926.55 0.412802
4 1149.62 660.68 1211.21 753.99 0.406587
4 1271.37 624.50 1329.06 719.96 0.388562
4 1292.88 790.34 1383.27 906.07 0.388211
4 1341.28 611.72 1394.74 705.45 0.380122
4 1344.11 771.78 1399.65 876.53 0.370597
4 1211.22 638.77 1277.69 748.42 0.365317
5 200.05 603.27 312.96 666.72 0.361899
5 307.85 552.59 442.45 634.12 0.352167
4 402.09 533.09 466.76 574.67 0.335525
1 1132.14 435.79 1157.81 468.26 0.328849
4 1010.93 421.17 1023.82 454.08 0.327237
3 936.21 424.47 972.23 464.65 0.309483
4 938.76 720.65 1004.61 828.57 0.306101
4 706.83 784.43 769.67 838.97 0.303549
3 626.37 659.23 653.41 688.56 0.297612
2 464.49 15.24 495.93 80.43 0.283823
4 0.12 636.98 38.54 712.60 0.282173
7 646.02 781.59 772.31 873.26 0.279461
4 1120.14 421.76 1157.22 442.84 0.270823
4 1385.89 456.21 1399.88 510.61 0.266420
4 429.85 93.42 460.74 118.57 0.250521
4 959.14 390.96 988.81 414.67 0.241421
2 980.38 137.01 996.07 165.98 0.241033
4 408.64 50.47 436.02 67.13 0.235739
4 665.85 802.03 712.92 851.24 0.231879
4 1387.24 588.43 1399.74 674.22 0.225592
2 1014.45 180.48 1028.66 200.99 0.221622
2 479.77 53.66 495.21 80.49 0.214444
2 464.87 17.56 485.93 56.08 0.206621
2 517.97 242.49 534.39 266.04 0.205040
4 1374.50 745.76 1399.57 798.87 0.203849
3 1182.41 510.28 1211.46 533.38 0.203626
