4 727.94 336.12 792.33 362.06 0.571437
6 707.44 442.36 1157.83 573.11 0.521003
4 616.86 388.10 691.50 418.29 0.491094
6 1071.13 444.60 1359.95 540.85 0.490392
6 567.68 264.10 790.05 336.82 0.487044
6 618.31 194.65 779.60 261.45 0.484773
4 485.00 215.37 519.82 235.91 0.480703
4 757.66 385.08 836.70 422.22 0.430974
1 857.40 394.32 870.13 427.86 0.418272
4 586.33 370.58 646.78 404.19 0.409104
4 695.03 186.32 721.44 198.89 0.402531
4 615.81 354.85 687.25 394.76 0.396271
1 840.88 336.47 852.03 363.74 0.382787
6 1109.52 631.35 1359.56 764.43 0.380489
4 730.79 183.80 762.41 199.29 0.359881
4 677.05 256.05 718.70 268.86 0.351946
5 505.59 187.33 553.15 214.24 0.330668
6 509.55 152.35 574.41 190.11 0.280765
4 817.29 295.45 831.53 310.98 0.261836
4 423.42 249.99 450.33 283.43 0.254465
4 722.23 262.75 764.04 280.43 0.250562
5 770.77 263.61 803.90 314.08 0.246917
6 336.16 34.17 382.63 214.84 0.245959
2 895.75 409.48 916.78 437.39 0.235616
6 494.10 176.69 534.30 199.39 0.231445
4 648.32 133.03 668.65 145.10 0.231112
6 638.05 193.68 739.79 227.60 0.228236
9 1050.11 108.98 1219.01 143.68 0.208271
4 495.58 207.31 513.89 217.24 0.203469
