4 401.29 983.98 436.22 1013.05 0.503754
4 506.44 945.36 550.72 977.08 0.483243
4 800.30 712.88 816.68 742.73 0.461112
4 812.91 763.68 836.36 797.80 0.440116
4 790.44 666.10 806.24 693.21 0.437316
4 385.05 1019.08 422.30 1044.35 0.431800
4 134.08 623.19 157.67 641.40 0.431421
4 822.28 814.97 853.43 846.09 0.421514
4 792.57 236.54 809.42 246.45 0.410443
4 827.61 481.35 839.83 503.70 0.399125
4 634.93 609.80 658.48 627.55 0.397863
4 572.71 1009.70 592.44 1048.21 0.396175
4 564.48 931.32 593.55 961.53 0.388847
4 831.31 514.17 845.83 536.09 0.385803
4 448.31 766.78 483.01 787.85 0.378345
4 623.15 642.88 646.16 662.74 0.373129
4 574.19 1008.99 588.90 1023.79 0.372610
4 650.38 582.05 669.76 602.99 0.363763
4 465.87 652.36 494.88 670.37 0.362850
6 1156.00 186.66 1267.10 350.17 0.345602
4 202.94 746.79 224.60 765.43 0.345180
4 786.22 250.39 802.58 261.02 0.341433
4 705.83 272.27 720.58 283.33 0.324865
4 911.92 163.25 927.15 188.15 0.324756
4 613.36 668.70 639.72 690.42 0.322427
4 749.49 340.27 771.11 349.76 0.315437
6 621.02 82.17 667.91 106.30 0.310730
4 835.74 449.35 852.10 466.98 0.309718
4 840.33 389.40 856.18 409.15 0.309315
4 591.62 591.45 608.03 603.90 0.307995
4 622.40 777.27 640.80 812.93 0.304928
4 654.51 640.52 677.56 662.52 0.304773
6 376.14 649.11 487.56 791.54 0.303116
4 579.06 25.59 597.70 42.61 0.299001
5 675.75 626.80 703.32 678.59 0.296747
4 46.07 835.03 66.78 851.17 0.295283
5 474.53 680.72 516.66 720.25 0.291846
4 759.47 320.85 773.21 333.05 0.290570
4 527.70 671.15 557.25 691.39 0.288340
4 875.33 256.15 897.07 265.81 0.282792
4 677.57 522.83 690.72 542.61 0.282017
4 771.71 259.43 791.18 272.73 0.281271
1 801.71 939.21 820.42 990.00 0.277397
4 719.98 292.07 741.53 305.32 0.275777
4 1088.60 391.55 1101.62 407.73 0.273871
4 933.29 220.67 947.85 232.98 0.271941
4 506.15 752.74 527.99 785.67 0.269760
4 591.77 346.75 616.08 364.26 0.268956
4 957.00 52.86 965.81 64.87 0.267903
4 1017.71 241.31 1031.92 259.33 0.264480
4 783.09 314.68 802.08 326.01 0.262500
4 766.99 307.82 781.10 319.22 0.258704
4 504.41 650.91 533.81 671.28 0.258101
4 734.94 621.10 751.61 640.04 0.253127
9 657.73 163.36 704.46 185.50 0.249937
4 719.87 539.34 736.58 554.95 0.249431
4 656.02 562.40 668.72 574.37 0.246453
4 776.15 205.95 787.72 221.71 0.243032
4 573.26 1006.74 621.20 1023.97 0.242837
4 646.43 662.92 662.03 679.67 0.242539
6 657.39 150.42 769.07 260.12 0.242428
4 875.98 303.58 896.14 335.94 0.242017
3 902.09 360.85 923.06 394.39 0.241481
6 640.49 890.79 689.46 1011.23 0.240519
4 902.96 342.05 919.85 354.97 0.239466
4 399.87 216.75 421.03 229.27 0.236213
4 677.70 26.18 692.72 38.53 0.235751
4 754.85 384.65 774.40 402.69 0.234571
4 533.43 88.68 561.11 102.16 0.232201
4 610.30 811.64 632.18 847.88 0.231275
4 679.11 583.95 694.18 597.24 0.230798
4 627.18 811.88 646.77 846.50 0.230175
4 1215.67 168.70 1227.60 182.51 0.230073
4 880.07 743.72 897.71 770.19 0.228867
4 268.16 950.02 280.06 965.04 0.227746
4 149.57 795.46 166.96 812.68 0.227437
4 572.40 1008.55 622.48 1048.33 0.226677
4 828.97 270.24 841.15 284.19 0.225917
5 834.86 426.81 859.77 467.08 0.225435
4 702.13 251.53 715.51 262.67 0.224185
4 498.14 181.73 512.98 191.94 0.223030
4 693.13 591.80 716.13 604.07 0.221467
4 962.45 0.00 973.60 8.69 0.220906
4 712.01 833.08 733.08 843.70 0.220274
5 839.69 362.80 864.96 409.15 0.219446
4 699.58 808.28 713.75 835.47 0.218407
4 761.14 210.58 774.18 222.27 0.218028
4 791.76 199.34 811.38 215.68 0.217489
4 733.27 464.92 745.37 478.77 0.217231
4 622.65 642.90 660.50 676.82 0.217224
3 856.33 539.98 898.63 594.74 0.216639
4 821.94 780.61 836.49 797.67 0.215837
6 730.67 426.23 765.00 457.45 0.213976
4 880.69 9.90 891.60 22.06 0.212910
4 884.44 620.77 906.57 641.74 0.212574
4 641.63 985.11 662.63 1009.65 0.211286
4 268.01 944.64 288.90 966.26 0.210130
6 704.66 146.57 738.20 165.99 0.210110
4 377.02 973.49 398.87 998.17 0.208994
4 873.15 496.16 885.89 516.24 0.208872
4 357.56 968.86 392.68 995.94 0.208136
4 876.26 319.58 890.58 335.78 0.207994
4 928.58 476.52 955.62 494.27 0.206245
6 776.74 277.68 808.20 308.39 0.203349
4 602.59 399.50 619.77 417.51 0.202321
4 924.97 397.88 940.43 410.55 0.202003
4 715.54 249.36 730.51 261.30 0.201376
4 743.52 384.13 753.49 396.13 0.201173
4 1071.97 426.72 1089.12 454.27 0.200205
4 803.47 314.91 816.49 328.27 0.200098
