4 330.91 991.26 453.31 1139.98 0.595764
4 878.07 205.47 924.02 263.66 0.582020
4 806.59 129.13 860.48 168.59 0.555189
4 697.52 440.21 786.30 542.96 0.535762
4 1447.81 147.75 1486.50 187.67 0.531267
4 109.22 1289.48 289.83 1499.09 0.509150
4 377.15 992.04 451.89 1023.78 0.495851
1 312.91 918.20 355.07 971.77 0.475768
5 1460.91 361.86 1508.58 427.81 0.460322
4 848.55 59.75 888.37 99.48 0.453519
4 1019.46 0.00 1053.28 26.08 0.443639
4 914.00 148.94 958.76 199.67 0.435186
4 1463.90 439.92 1521.89 509.78 0.431213
4 803.98 49.75 851.48 91.37 0.421193
4 1240.60 77.28 1277.22 122.98 0.408998
4 1305.68 3.04 1340.42 45.67 0.402017
4 1455.17 230.54 1493.95 280.15 0.401096
1 1517.56 255.15 1540.34 294.30 0.396752
9 1215.93 357.84 1275.98 446.12 0.396556
4 1306.76 218.32 1357.12 279.71 0.396032
4 1237.87 199.75 1282.36 260.34 0.391403
1 420.82 648.56 441.49 686.03 0.388363
1 1414.85 225.60 1429.92 257.36 0.386500
1 1451.73 205.81 1478.82 242.47 0.366523
4 1303.36 74.02 1344.22 120.28 0.364571
4 976.15 47.65 987.06 76.26 0.356735
4 1449.16 0.19 1475.26 16.70 0.342834
1 1017.50 110.31 1029.56 138.51 0.342243
3 1569.00 231.28 1604.00 279.85 0.342161
1 999.33 105.90 1013.48 138.81 0.330738
4 866.57 0.11 928.81 22.55 0.330588
1 1495.34 217.21 1514.45 258.62 0.325832
5 1445.77 16.71 1478.03 76.72 0.321008
1 217.98 886.64 244.91 929.54 0.318070
10 1527.03 1071.69 1660.74 1334.50 0.302918
1 1521.54 286.54 1543.30 339.93 0.296565
3 1406.04 238.00 1428.82 268.73 0.285795
4 908.75 16.01 942.21 45.83 0.285380
3 427.80 664.83 457.65 696.59 0.284673
2 1572.60 208.68 1597.40 243.91 0.270146
10 1221.86 1110.49 1311.50 1336.03 0.264297
4 1315.09 73.37 1346.26 97.80 0.260402
3 761.83 335.68 794.50 357.93 0.257283
1 1441.44 249.65 1456.06 276.94 0.245115
9 1142.81 756.73 1219.06 918.57 0.237890
1 62.73 1045.77 104.63 1092.80 0.233352
4 581.97 754.11 616.85 791.65 0.231747
4 765.75 0.11 781.99 26.01 0.229587
1 1.36 1454.69 38.34 1499.41 0.213809
2 778.64 6.69 791.64 30.26 0.205910
4 1015.76 4.92 1023.85 25.91 0.200651
