4 937.01 131.79 1191.45 358.29 0.716432
4 835.35 869.95 1139.03 1023.41 0.698828
4 937.56 199.31 1023.74 357.37 0.646135
4 0.23 875.19 232.87 1023.28 0.546484
5 331.30 590.17 508.91 884.02 0.520669
5 998.89 604.76 1372.11 825.41 0.484826
7 220.88 583.78 325.03 779.19 0.442972
10 1791.04 146.60 1997.70 351.08 0.429079
4 175.07 48.07 450.46 224.19 0.370377
4 1882.80 1070.72 1999.35 1409.11 0.342439
4 165.33 307.43 543.94 486.49 0.328569
10 821.68 1126.06 1098.99 1377.18 0.318948
4 1929.79 515.67 1999.31 638.02 0.316510
6 958.00 0.07 1228.41 80.73 0.268611
4 976.26 1127.04 1098.66 1312.95 0.268310
1 874.11 981.31 926.37 1064.88 0.267642
5 1233.50 397.56 1343.01 580.86 0.265964
4 959.92 0.00 1023.64 78.88 0.265621
4 1238.03 526.08 1337.65 579.79 0.262881
4 0.74 760.26 282.14 852.61 0.260160
1 1133.88 1420.02 1175.86 1499.26 0.252115
7 0.44 1069.82 302.71 1498.66 0.247228
6 976.36 376.45 1343.06 611.18 0.230831
3 1842.45 1256.09 1909.49 1335.19 0.211195
6 977.39 101.00 1370.40 829.48 0.204186
6 1384.93 0.32 1999.05 1022.64 0.200781
