3 1521.76 710.42 1599.38 777.56 0.706481
3 1750.34 847.04 1844.63 909.97 0.627334
2 684.29 726.67 718.93 797.41 0.580180
3 1190.77 588.10 1234.11 632.53 0.550198
2 206.99 278.30 247.78 348.45 0.533408
2 857.02 688.34 891.68 766.33 0.515380
3 1406.41 519.77 1461.51 588.91 0.507643
2 814.17 661.39 849.42 699.08 0.499961
2 895.22 520.57 918.79 587.76 0.492412
2 923.01 546.34 947.22 593.88 0.490846
2 996.87 831.77 1025.61 888.96 0.477351
2 1016.52 792.18 1045.56 852.36 0.461206
2 1100.29 565.68 1127.77 622.38 0.456512
2 976.13 801.75 1001.56 872.66 0.449418
2 898.69 685.46 934.13 732.43 0.434686
2 865.50 622.59 906.21 678.57 0.423406
2 882.30 638.53 906.96 698.51 0.411042
2 965.54 742.96 993.55 788.06 0.403894
3 909.09 769.92 951.23 821.76 0.393142
3 996.05 896.58 1040.62 944.79 0.376870
2 941.07 721.70 962.39 763.09 0.354511
2 775.64 636.88 802.31 675.17 0.354195
2 727.66 624.73 757.37 679.41 0.346400
2 1016.40 793.32 1023.93 840.96 0.322333
2 762.84 634.29 781.19 671.64 0.290222
2 960.49 714.46 989.45 754.88 0.285939
7 1036.39 758.89 1078.69 817.58 0.285672
2 1407.26 515.23 1431.60 573.98 0.278786
2 1033.47 845.56 1070.60 888.21 0.254869
2 976.10 791.76 1070.74 890.46 0.235343
2 752.13 627.16 768.36 667.50 0.210632
2 681.45 518.27 1023.68 943.35 0.206374
