4 708.52 470.67 780.52 506.40 0.888383
2 409.18 114.99 633.74 195.95 0.855588
2 409.05 114.85 632.09 194.94 0.844837
4 708.68 470.71 780.61 506.63 0.832201
4 540.01 371.18 603.95 405.86 0.683700
5 513.31 333.94 582.22 369.51 0.674103
4 513.36 333.91 582.22 369.57 0.659567
4 561.36 389.77 625.18 428.44 0.641591
4 422.80 432.37 494.02 477.29 0.637741
4 595.49 399.89 658.59 450.67 0.616766
4 638.46 423.41 699.84 471.58 0.613624
4 595.39 399.68 658.45 450.98 0.595704
4 638.33 423.35 699.93 471.70 0.589650
4 539.99 371.03 603.92 405.79 0.579505
4 561.73 389.43 625.33 428.60 0.571272
4 392.97 391.75 459.69 429.70 0.566670
4 501.65 316.92 563.81 348.98 0.559176
2 768.80 28.28 959.21 118.25 0.555537
5 314.92 187.19 360.71 225.70 0.543211
4 397.06 408.20 469.89 458.65 0.522178
4 422.60 431.86 494.05 477.19 0.521731
4 168.92 112.42 184.56 126.27 0.510073
4 370.43 347.03 430.94 378.95 0.509909
4 377.17 363.12 442.62 402.97 0.504120
4 345.06 163.56 381.79 180.79 0.493279
4 310.60 150.92 347.25 166.24 0.479393
4 357.71 312.06 416.03 343.43 0.467631
4 169.75 111.83 184.61 126.15 0.446521
4 398.22 190.66 432.58 207.64 0.440080
4 33.32 278.49 63.70 311.35 0.436878
2 752.61 27.41 959.89 109.27 0.430774
4 360.42 143.80 393.56 161.18 0.419975
4 48.10 242.97 75.41 272.49 0.417170
4 86.10 125.26 102.98 142.39 0.407445
4 307.57 178.23 347.30 197.45 0.406972
4 345.10 163.72 382.07 180.74 0.405280
3 48.57 398.76 61.29 417.15 0.403815
4 359.37 297.52 414.32 318.32 0.401591
4 392.77 392.01 459.90 429.70 0.401172
4 343.81 268.78 397.92 291.90 0.398335
4 0.08 298.45 25.57 330.03 0.394087
4 383.91 165.15 409.57 187.65 0.383311
4 442.35 229.75 489.06 250.76 0.382612
4 310.68 150.92 347.42 166.28 0.381756
4 322.26 213.86 369.43 237.76 0.377965
4 501.80 317.77 563.26 348.77 0.365307
4 490.07 285.55 537.74 311.95 0.363604
3 47.35 398.91 60.48 418.33 0.363203
4 498.84 299.23 545.72 327.57 0.361901
4 0.06 298.33 25.41 330.57 0.358895
4 48.44 242.82 75.33 272.30 0.352582
4 398.11 191.29 432.15 207.83 0.352010
6 315.11 188.58 360.82 225.94 0.350309
4 258.87 376.28 287.21 418.80 0.350161
4 258.58 376.09 287.22 418.63 0.349135
4 249.41 302.42 265.98 328.61 0.348619
4 357.61 312.78 416.02 343.52 0.348296
4 397.28 408.37 469.61 458.63 0.347873
3 232.89 237.90 243.19 252.12 0.347229
4 249.35 302.74 266.04 328.45 0.345630
6 734.92 79.31 757.00 94.78 0.343634
4 86.44 125.24 102.53 142.14 0.338683
4 458.33 251.27 504.63 276.04 0.335553
3 56.16 344.71 67.68 365.10 0.333863
4 360.82 143.61 393.05 161.31 0.329028
4 370.28 347.03 430.81 379.11 0.327982
4 463.74 262.32 511.87 291.39 0.327879
4 735.02 79.19 757.80 94.78 0.323935
4 383.95 165.70 409.69 187.71 0.321751
4 334.52 230.83 382.58 258.35 0.321114
4 217.42 345.19 236.95 377.44 0.318237
4 378.10 363.74 442.63 402.92 0.310010
3 232.81 236.20 242.84 251.87 0.297653
3 192.81 241.63 202.22 253.38 0.296607
4 708.90 91.11 725.46 104.10 0.295714
4 708.55 91.01 725.42 104.44 0.286858
4 103.28 82.21 115.44 95.73 0.285779
9 471.99 121.96 498.27 142.87 0.283435
4 307.04 178.28 347.06 197.05 0.277481
3 177.23 236.72 186.20 249.40 0.277149
4 102.73 81.88 115.31 96.16 0.274198
4 358.68 297.17 414.06 319.20 0.272737
4 231.23 117.96 252.14 130.66 0.271316
3 192.43 239.78 201.82 252.52 0.264985
4 322.17 214.05 369.46 237.78 0.258308
4 0.09 110.20 17.14 127.65 0.253931
3 177.05 236.71 186.07 249.29 0.247287
4 442.63 230.24 489.19 250.47 0.241984
1 880.69 256.05 891.34 272.86 0.237416
1 898.52 223.98 906.40 242.04 0.236068
4 346.67 269.73 397.91 291.57 0.233131
4 231.71 116.95 251.92 130.78 0.231748
6 289.55 45.88 333.61 88.63 0.226963
4 446.09 241.13 493.52 263.65 0.223816
4 458.17 251.27 504.76 275.79 0.223149
4 33.12 278.50 63.18 311.06 0.221978
4 498.93 299.74 545.79 327.75 0.219987
1 898.57 224.07 906.76 241.03 0.219662
4 83.55 99.21 96.45 115.62 0.214401
4 70.98 210.27 92.04 231.36 0.214286
4 315.12 186.97 354.68 200.87 0.213146
4 88.81 79.14 98.55 92.44 0.212907
5 490.30 285.62 538.02 311.84 0.210573
4 689.68 97.24 705.86 108.10 0.198854
4 334.43 230.66 382.72 258.00 0.194780
9 473.66 121.99 498.05 142.81 0.194438
5 303.16 128.94 325.79 149.43 0.194025
1 53.13 311.45 64.26 336.55 0.192873
3 56.73 346.12 66.96 365.04 0.189010
4 109.91 29.44 120.65 39.37 0.188367
9 117.47 0.91 167.31 15.83 0.185550
4 463.98 262.33 511.68 291.27 0.181719
4 110.20 29.67 120.38 39.76 0.180082
4 25.12 63.62 38.04 72.69 0.179157
4 88.15 79.44 98.53 92.65 0.173213
4 53.52 34.31 64.34 44.01 0.171818
5 346.58 283.66 392.01 312.87 0.169450
1 880.69 256.10 891.60 273.75 0.169262
5 303.12 130.25 325.08 148.91 0.161967
4 196.41 54.85 205.78 69.88 0.159282
4 71.52 211.35 91.63 231.08 0.156236
1 115.90 200.34 126.16 219.06 0.153988
4 99.19 17.55 108.79 26.40 0.152808
4 135.41 113.26 143.54 127.63 0.147357
4 53.44 34.30 64.08 44.42 0.143545
4 87.72 106.47 97.01 115.86 0.142858
4 690.31 97.63 705.47 107.98 0.138310
4 217.71 345.10 236.74 377.04 0.135142
1 53.12 311.44 64.09 337.02 0.129639
3 844.27 485.48 858.52 512.35 0.129030
3 117.08 206.41 126.60 218.56 0.126989
4 20.28 224.09 40.53 244.64 0.122618
4 725.01 76.81 738.16 88.85 0.118602
4 84.25 98.89 96.78 115.79 0.116138
4 98.86 17.06 108.66 26.65 0.115243
1 233.86 399.18 246.05 415.89 0.114455
4 196.36 54.24 205.56 69.90 0.111127
4 192.90 72.51 200.18 83.25 0.097876
1 46.70 389.51 58.06 409.80 0.093426
3 339.70 306.79 350.52 327.24 0.086850
9 118.19 2.26 139.53 14.19 0.085744
4 64.05 243.14 75.58 270.88 0.076334
1 931.08 165.66 938.02 178.93 0.071903
9 289.87 45.86 333.56 88.97 0.055616
