4 919.26 730.09 1045.81 895.50 0.920209
4 1245.13 151.37 1394.06 208.71 0.908763
4 1244.36 151.09 1394.28 208.73 0.898860
3 1022.38 227.12 1063.39 255.76 0.897403
4 919.44 729.66 1055.82 981.30 0.892755
4 1265.52 193.46 1399.44 255.19 0.879843
9 127.88 198.58 355.05 396.01 0.865782
4 1265.74 193.42 1399.57 254.72 0.865614
9 128.23 198.19 354.57 396.26 0.864153
1 1089.54 481.12 1129.28 549.64 0.863475
5 1128.75 497.68 1281.66 705.27 0.860884
4 1295.93 230.84 1399.69 309.55 0.830003
4 873.40 247.81 953.14 371.22 0.825576
4 927.21 495.42 1042.99 705.08 0.822560
5 1128.71 497.40 1281.81 705.41 0.821336
1 1071.22 448.17 1108.18 507.89 0.821157
4 1296.69 229.96 1399.83 309.62 0.817058
4 1176.97 701.50 1399.25 992.23 0.812925
4 872.89 247.93 953.65 371.46 0.806225
4 927.02 494.85 1043.31 704.56 0.802288
1 1089.71 481.18 1129.54 550.71 0.800560
4 1212.66 239.53 1317.31 358.65 0.800304
5 1177.51 701.22 1399.63 992.13 0.790106
4 1126.40 252.08 1220.85 351.99 0.781204
4 1127.62 252.73 1220.76 351.82 0.780710
4 705.12 713.48 887.85 1020.02 0.766749
4 1087.01 172.53 1170.79 260.73 0.746630
4 1289.05 8.67 1384.78 112.91 0.741500
9 0.56 195.09 196.50 453.75 0.739244
4 776.16 240.72 845.58 353.23 0.725144
4 1211.79 239.57 1317.70 359.41 0.724594
1 1071.38 447.63 1108.22 506.87 0.720933
4 705.75 713.44 887.46 1019.40 0.720062
1 442.04 537.24 481.08 618.71 0.717344
4 777.07 213.17 833.69 247.82 0.708550
9 0.40 196.37 196.49 453.69 0.705421
3 1133.83 103.43 1177.89 133.40 0.692239
4 1042.87 240.81 1131.88 359.41 0.690185
4 1087.32 172.48 1170.66 260.74 0.679077
4 142.13 3.29 230.22 59.09 0.670523
1 442.46 537.60 479.13 616.44 0.665342
1 987.02 144.67 1010.84 193.52 0.653537
4 1288.16 9.48 1383.13 112.45 0.649780
4 951.55 207.40 1043.12 355.71 0.641250
4 859.04 158.56 926.31 248.33 0.625013
4 776.10 214.22 845.41 354.03 0.612432
4 951.75 206.81 1042.71 355.62 0.601529
4 141.01 5.25 230.13 59.18 0.582939
3 1022.30 227.39 1053.21 254.81 0.561317
4 1327.26 496.70 1399.80 647.63 0.550837
4 1318.80 705.70 1399.77 910.74 0.550452
4 777.51 213.04 833.94 251.74 0.547453
7 563.57 523.69 604.06 599.80 0.543899
4 1042.99 240.87 1131.39 359.66 0.528471
1 987.34 144.85 1011.08 192.24 0.497933
4 1326.87 497.19 1399.89 648.84 0.490768
4 1319.13 705.79 1399.75 895.72 0.489034
3 1144.93 103.37 1176.98 132.14 0.467654
4 1228.31 17.14 1295.74 107.39 0.465987
1 1268.32 126.48 1290.26 160.37 0.394775
4 859.11 159.12 895.83 248.86 0.393290
4 361.45 8.23 421.97 45.05 0.359316
1 1267.91 126.89 1290.51 161.58 0.355158
5 1225.78 18.13 1295.45 108.62 0.326832
3 829.34 84.47 869.65 113.99 0.316778
7 563.37 523.17 604.26 601.72 0.275197
4 382.91 209.01 402.32 261.82 0.241489
4 1214.39 0.00 1261.56 40.16 0.238484
4 142.20 6.72 188.25 46.57 0.224036
4 383.29 209.98 401.55 259.36 0.222979
4 872.60 249.46 895.90 367.62 0.221723
4 363.56 8.62 432.74 62.20 0.219372
2 1126.87 258.03 1162.86 342.38 0.147428
7 829.25 86.39 870.07 114.02 0.136417
3 712.14 128.63 731.68 178.97 0.098326
7 799.22 101.35 832.76 127.81 0.082014
10 566.64 523.08 603.77 557.03 0.069712
