2 354.05 832.04 389.76 879.61 0.857930
2 353.22 830.97 389.81 879.57 0.850744
2 968.29 172.29 989.12 217.84 0.663419
2 904.42 169.72 924.90 213.60 0.627343
2 161.84 408.97 190.71 462.88 0.524905
2 772.70 93.73 791.38 131.60 0.520790
2 541.42 230.55 571.03 284.85 0.520658
2 970.00 172.85 988.97 218.02 0.510835
2 904.06 170.17 925.30 213.46 0.487142
2 0.18 928.13 60.69 972.51 0.470143
2 129.75 396.86 165.19 448.45 0.454854
2 736.00 91.17 752.00 134.11 0.438960
2 130.39 395.85 165.57 445.53 0.434878
2 162.09 408.31 191.26 462.89 0.422983
2 50.04 356.22 195.87 467.47 0.420277
2 0.16 926.43 59.58 974.58 0.412033
2 626.63 91.35 646.86 136.02 0.407275
2 1311.41 108.20 1350.53 160.34 0.396551
2 542.56 229.08 569.83 283.24 0.383186
2 1336.38 45.29 1359.35 79.13 0.375821
2 794.54 102.05 808.16 144.89 0.355649
2 645.39 109.00 660.99 137.13 0.355389
2 773.07 93.29 790.80 132.06 0.354088
2 398.66 189.83 420.62 233.38 0.349153
2 51.46 358.04 88.22 418.77 0.335408
2 626.52 91.02 646.82 136.42 0.325416
2 735.91 91.09 752.62 134.11 0.322102
2 645.83 108.77 660.94 138.00 0.314567
2 80.66 367.16 120.64 429.32 0.308704
2 518.41 989.44 545.75 1026.91 0.306901
2 376.07 188.10 395.27 222.39 0.276252
2 399.34 85.58 417.42 122.08 0.274565
2 416.78 226.20 445.65 280.78 0.274231
2 1298.56 14.86 1324.25 53.66 0.271115
2 399.44 189.33 418.04 230.45 0.264724
2 923.90 40.57 946.03 73.61 0.262789
2 794.54 101.66 808.27 144.83 0.256460
2 517.63 989.40 562.35 1027.79 0.243458
2 1310.94 108.22 1350.41 163.29 0.243190
2 49.91 354.19 199.05 465.40 0.232106
2 398.94 86.05 418.15 124.26 0.230580
2 1297.69 13.67 1328.89 54.68 0.230006
3 1292.56 124.44 1345.72 181.71 0.229955
2 1292.75 154.08 1337.73 182.56 0.219297
2 377.59 188.17 395.16 220.34 0.218646
2 1336.57 45.69 1360.07 80.49 0.217757
2 382.07 264.77 442.99 333.70 0.209897
2 331.92 17.09 347.93 59.14 0.205119
2 415.11 225.13 445.75 281.87 0.203214
2 370.12 236.30 398.25 278.42 0.192339
2 1326.88 0.00 1349.47 21.75 0.188760
2 924.40 40.19 945.80 72.24 0.186074
2 331.69 16.76 348.28 59.06 0.180790
2 50.71 356.24 91.97 423.13 0.163911
2 371.59 295.64 399.57 350.57 0.149298
2 392.25 301.57 421.99 357.18 0.143829
2 371.90 295.18 398.06 350.88 0.141997
2 1316.95 45.69 1360.25 93.77 0.141679
2 1330.74 0.00 1352.59 20.05 0.134213
2 79.08 367.54 119.34 429.73 0.127196
2 382.59 264.89 442.90 332.50 0.119064
2 370.75 230.89 401.24 278.31 0.115770
2 367.43 187.05 453.43 361.79 0.074012
