4 764.66 423.80 856.36 563.10 0.659112
4 566.61 370.43 636.85 456.16 0.623945
4 565.49 369.65 638.34 452.74 0.518079
4 626.74 328.29 713.18 456.75 0.516459
4 764.61 423.97 856.69 563.79 0.499695
4 626.08 327.95 712.85 461.65 0.433459
4 1006.62 262.22 1052.36 294.65 0.364551
1 830.60 753.34 900.61 913.35 0.362288
1 830.44 754.18 898.60 919.19 0.346794
4 592.88 423.94 653.67 499.81 0.293816
4 373.38 0.18 439.35 56.31 0.276050
4 1031.95 435.38 1061.41 461.88 0.236426
4 592.96 424.90 652.97 500.46 0.189475
4 1101.85 438.72 1135.45 461.50 0.172156
4 921.83 322.16 980.14 382.01 0.152066
9 678.80 244.86 762.39 360.60 0.150069
