4 1156.81 652.19 1237.87 718.87 0.760061
4 1203.29 726.80 1275.45 786.60 0.757642
5 1081.91 649.76 1170.50 726.72 0.753234
4 687.96 354.72 747.55 404.07 0.734514
4 688.52 354.81 747.61 404.05 0.730477
4 1156.89 652.14 1237.76 718.46 0.729546
4 641.09 428.44 707.08 479.87 0.721298
4 688.88 402.06 747.93 450.93 0.719577
4 925.01 498.08 996.39 561.51 0.719343
4 757.23 395.29 823.41 454.41 0.717407
4 87.80 714.41 180.38 750.85 0.717068
4 585.95 373.82 644.92 424.23 0.704991
4 190.96 556.42 264.03 586.81 0.701672
4 1081.84 649.67 1170.18 727.21 0.699444
6 751.08 438.12 847.45 514.73 0.697459
4 128.77 646.64 207.55 680.41 0.697003
4 586.41 373.46 645.01 424.19 0.693495
4 81.01 751.50 167.02 787.16 0.692248
4 893.93 581.56 970.24 647.09 0.684289
4 110.59 680.51 192.61 716.58 0.682526
4 639.73 428.67 707.28 479.64 0.681733
4 185.85 583.96 259.50 617.13 0.680348
4 689.86 402.23 747.95 450.51 0.678474
4 975.52 640.93 1055.65 710.17 0.678322
5 1007.24 546.92 1086.44 616.48 0.675325
4 87.81 714.42 179.49 751.62 0.670940
4 975.27 640.78 1055.93 711.29 0.670203
4 623.73 354.38 673.09 400.31 0.668214
4 128.24 647.08 207.12 680.55 0.662571
4 813.65 533.52 886.44 594.90 0.658932
4 623.75 354.85 671.81 399.47 0.646490
4 184.95 613.04 255.95 651.31 0.645844
4 186.34 583.97 260.05 617.11 0.642368
4 110.39 680.09 193.81 716.00 0.635702
4 81.91 751.81 165.72 787.33 0.626263
4 1301.99 744.58 1372.48 787.60 0.623850
4 190.60 557.02 264.00 588.20 0.622587
4 1203.03 727.54 1275.02 787.07 0.622083
4 185.66 612.23 256.35 651.40 0.615772
4 1007.50 546.75 1086.35 616.78 0.614712
4 729.34 470.20 799.36 533.89 0.613328
4 964.60 573.75 1048.32 644.45 0.603830
4 749.17 536.04 830.51 607.06 0.601999
4 1301.26 743.85 1372.39 787.29 0.599349
4 894.06 581.83 970.08 647.02 0.596643
5 751.19 437.42 847.07 514.53 0.596268
4 814.05 533.44 877.43 580.84 0.590273
4 925.38 497.51 995.82 561.51 0.586498
4 750.58 536.00 830.60 606.96 0.583483
4 558.68 298.92 615.17 354.56 0.573438
5 853.47 500.28 925.44 565.38 0.570182
4 445.44 216.36 480.26 259.95 0.564600
4 729.58 469.76 799.09 533.47 0.555529
4 445.07 216.47 480.22 260.38 0.528186
5 469.27 251.37 591.13 379.00 0.507741
5 470.26 251.74 591.39 379.45 0.502781
4 757.71 394.75 824.16 454.25 0.490507
4 557.18 298.24 614.88 354.27 0.488455
5 854.58 500.03 925.51 565.78 0.483840
6 1194.22 473.28 1399.34 633.35 0.473615
4 967.71 574.10 1048.27 645.86 0.444924
4 172.11 735.86 223.16 787.16 0.444459
6 1066.90 694.83 1170.26 780.98 0.437302
6 680.67 171.04 927.83 394.23 0.424515
6 637.58 0.02 895.74 378.76 0.408004
4 853.80 561.30 886.66 594.24 0.398120
4 425.93 101.67 455.72 150.72 0.386710
4 510.81 507.14 543.94 573.59 0.385865
4 431.55 162.78 461.85 208.36 0.384261
4 431.82 162.74 461.30 208.04 0.374747
4 0.11 136.98 29.52 174.75 0.373157
4 194.77 667.25 240.47 730.96 0.351631
4 172.27 735.71 222.52 787.46 0.345402
4 1.12 135.24 28.96 161.30 0.322922
6 682.63 172.54 772.68 311.12 0.320127
4 510.89 507.28 543.97 573.17 0.305936
6 1067.64 692.50 1174.93 783.30 0.303506
6 806.55 252.18 927.01 381.99 0.295661
6 682.19 173.67 773.39 313.25 0.290885
6 1212.57 473.28 1399.37 631.23 0.280975
4 465.64 503.34 503.40 575.59 0.279116
4 194.83 667.45 240.43 731.60 0.258916
1 606.77 68.32 615.54 86.24 0.258456
4 588.67 134.49 620.51 159.09 0.250964
4 588.21 135.45 620.31 158.21 0.234944
4 425.83 101.66 455.83 151.13 0.224243
4 1241.41 577.74 1286.30 612.42 0.204103
1 830.17 400.31 840.86 414.40 0.180397
6 805.32 252.64 926.82 379.68 0.180230
1 599.98 767.77 615.86 786.63 0.176548
4 550.77 512.39 576.31 560.58 0.168661
4 852.94 561.80 886.59 594.35 0.165031
4 0.12 140.50 18.10 172.97 0.160761
1 607.04 68.26 614.91 82.74 0.149778
4 417.57 34.85 438.64 66.01 0.140161
1 584.20 71.82 593.12 90.74 0.130313
4 465.46 503.42 503.26 575.92 0.122196
3 822.61 397.40 846.27 428.18 0.119445
