1 1647.71 1401.06 1694.81 1476.82 0.912620
4 1294.26 1047.69 1446.04 1229.50 0.902560
2 1286.37 1459.73 1333.95 1499.20 0.882037
4 844.56 484.76 916.81 526.32 0.833419
5 1138.90 687.62 1207.62 774.81 0.822052
1 1082.49 1142.80 1121.23 1216.60 0.820030
4 952.06 456.15 985.09 492.12 0.799984
6 776.37 1301.02 895.78 1423.11 0.799452
4 843.55 484.36 894.63 526.06 0.796873
4 818.84 567.54 895.53 619.38 0.793296
4 949.84 454.91 985.71 493.40 0.785041
2 1577.93 1365.50 1619.32 1418.76 0.752792
4 1294.03 1046.22 1445.66 1229.19 0.729990
4 1294.50 1048.68 1404.08 1115.00 0.727010
1 1648.42 1399.65 1694.43 1476.96 0.715289
6 1192.69 743.97 1281.37 833.47 0.713821
5 826.00 566.18 910.73 619.22 0.687954
4 934.25 417.71 967.53 454.71 0.683286
3 1166.78 887.14 1187.17 924.92 0.679399
2 1594.10 1335.06 1631.15 1408.82 0.666895
1 1083.13 1144.23 1120.02 1217.15 0.661327
1 1070.72 637.06 1091.04 678.51 0.644681
1 1572.89 1365.49 1619.10 1437.48 0.624006
2 1290.46 1457.49 1333.67 1498.63 0.612712
7 1221.08 856.64 1274.33 895.51 0.607136
5 1139.63 687.18 1208.81 773.90 0.606158
4 894.66 410.86 920.48 444.21 0.604339
4 978.49 421.92 1011.31 451.28 0.591845
4 977.41 419.39 1011.24 452.42 0.588084
4 935.51 418.39 966.97 454.04 0.580247
1 934.49 1091.17 958.04 1149.77 0.554797
2 1573.31 1334.13 1696.12 1479.24 0.545877
4 896.32 447.76 918.96 469.73 0.538759
1 1593.52 1336.31 1638.51 1398.15 0.533976
6 776.12 1036.21 925.29 1426.20 0.533918
4 907.31 293.73 925.85 312.31 0.531954
7 777.03 1297.78 924.46 1425.29 0.528831
7 1284.93 980.06 1349.45 1040.37 0.523603
1 1020.93 874.59 1044.59 895.64 0.515287
4 744.60 285.74 767.21 301.03 0.514520
6 1057.61 535.26 1115.22 610.50 0.481956
2 486.34 1381.98 504.10 1419.18 0.480050
3 1042.56 1392.63 1099.16 1463.71 0.452189
4 974.84 385.45 1002.54 412.08 0.448735
4 906.53 293.99 925.81 312.06 0.440463
2 1167.48 872.19 1187.60 895.14 0.440431
4 976.83 384.76 1003.37 410.92 0.435842
4 827.09 450.40 857.83 491.08 0.434939
3 1099.60 604.01 1121.83 623.95 0.434143
2 937.56 1142.54 954.19 1182.96 0.430624
4 825.84 449.62 859.71 491.61 0.421629
3 1187.33 867.55 1211.83 898.29 0.413559
6 946.40 728.03 1012.84 823.82 0.412591
1 933.78 1090.18 958.54 1153.14 0.405745
7 1173.61 816.69 1275.67 895.54 0.405154
4 954.99 322.87 979.49 344.15 0.401192
4 1070.48 603.94 1121.11 611.77 0.396306
4 885.51 236.67 901.63 253.31 0.386181
4 833.74 339.90 869.79 368.30 0.385563
4 1018.59 435.05 1047.83 454.56 0.372775
4 1019.51 435.02 1046.00 453.96 0.363579
2 471.80 1380.26 488.95 1416.86 0.360533
4 766.78 275.35 800.67 291.44 0.354972
4 897.47 451.08 918.33 470.87 0.352270
4 824.18 318.55 844.23 341.41 0.345451
2 1180.60 825.67 1210.46 893.91 0.345142
3 1184.85 859.63 1210.35 897.81 0.344016
3 1011.30 985.60 1057.64 1035.96 0.338470
3 1099.77 588.99 1125.08 624.13 0.332830
6 1059.35 533.79 1122.58 614.12 0.332337
1 1011.84 708.06 1027.52 753.39 0.330237
4 822.60 399.44 841.05 420.34 0.329930
4 1604.12 879.35 1640.39 895.62 0.329142
4 895.49 410.46 919.91 444.40 0.328360
4 885.70 236.31 902.53 252.34 0.320090
2 469.95 1379.55 505.17 1422.60 0.312234
4 1071.85 498.93 1093.60 520.26 0.309240
4 507.72 260.42 540.45 279.78 0.303390
4 1012.91 411.39 1031.73 429.40 0.296300
2 1104.16 587.72 1126.10 623.01 0.295430
4 748.00 287.13 766.85 301.58 0.291865
1 1070.03 636.46 1090.42 677.35 0.291272
4 824.54 314.09 846.55 342.56 0.284819
7 1222.35 855.03 1272.21 904.16 0.284194
7 1283.90 979.51 1350.45 1040.73 0.268170
4 833.55 292.22 852.55 309.43 0.242775
4 955.75 333.72 974.63 344.97 0.238922
4 1020.07 440.38 1054.68 477.22 0.238575
7 945.46 726.73 1011.84 819.76 0.236772
4 505.77 263.61 525.28 276.83 0.235440
6 1138.45 686.81 1282.41 835.43 0.232101
4 914.35 233.21 929.32 249.48 0.231722
2 1103.98 1144.52 1120.56 1188.10 0.231577
5 812.49 287.59 845.08 309.09 0.228291
6 1069.05 534.10 1101.92 581.74 0.227500
4 523.52 264.12 541.85 277.72 0.225755
3 1278.83 1440.94 1299.90 1499.20 0.222672
3 1278.65 1440.90 1302.00 1497.19 0.221233
1 1003.78 636.25 1017.77 676.02 0.219090
7 776.23 1037.34 923.92 1424.35 0.218989
4 915.22 237.14 928.40 251.51 0.217183
4 891.73 198.98 904.15 210.42 0.201978
5 794.91 280.81 823.49 304.16 0.200749
6 1018.41 435.50 1054.25 480.98 0.198697
3 1010.28 466.01 1029.33 483.14 0.198093
6 794.35 280.73 825.42 308.26 0.195986
4 1103.97 585.98 1116.50 607.64 0.195637
2 966.91 634.71 1017.98 683.83 0.195594
2 1604.95 793.10 1640.37 823.91 0.190206
4 1038.72 493.09 1070.65 526.84 0.188449
9 586.07 250.27 745.51 302.86 0.186075
7 1381.99 994.15 1438.58 1059.39 0.182823
3 955.97 604.85 976.03 631.61 0.182531
4 1015.30 411.97 1031.31 424.83 0.179221
7 834.48 337.59 869.28 369.14 0.174107
4 1063.99 494.51 1092.32 517.44 0.169014
2 1027.45 898.43 1050.20 949.47 0.168509
4 547.39 239.22 563.48 252.67 0.167723
2 1165.70 872.62 1186.48 924.26 0.165991
1 840.89 424.50 852.04 449.56 0.165539
1 981.40 646.06 995.67 688.97 0.160714
2 1002.27 634.14 1019.75 677.18 0.160642
7 943.20 645.96 971.08 681.99 0.160416
3 1380.87 627.41 1407.40 664.74 0.158238
4 939.56 659.20 952.17 673.73 0.145797
4 874.83 480.81 894.77 493.95 0.143237
2 963.66 634.09 980.56 677.90 0.141132
2 1010.36 707.06 1027.41 749.61 0.138916
2 825.71 399.53 837.49 419.79 0.135430
4 716.16 288.20 737.89 302.16 0.134223
4 906.57 224.35 921.71 238.85 0.131513
4 651.54 187.15 663.65 196.74 0.129680
2 1594.53 1340.71 1611.86 1377.06 0.128557
4 1077.79 499.57 1096.11 519.25 0.127215
2 1239.87 890.38 1256.46 935.24 0.127081
3 991.71 656.01 1007.22 678.92 0.122669
2 1183.40 824.45 1200.75 851.59 0.121199
2 1274.42 854.02 1295.66 895.28 0.118030
2 993.79 736.03 1009.93 761.39 0.107724
4 875.42 205.39 886.44 216.82 0.100734
3 1006.19 767.52 1022.35 805.28 0.096823
2 967.74 634.00 980.18 670.56 0.095259
4 881.64 174.90 890.71 184.64 0.093107
2 968.83 349.54 976.10 372.12 0.085381
2 1028.36 483.11 1039.85 512.16 0.076566
9 834.52 296.65 854.87 334.61 0.072627
10 0.00 568.80 16.15 590.67 0.060523
