4 642.17 596.05 665.68 648.27 0.640998
4 1253.34 735.11 1308.50 758.92 0.599904
4 1326.28 298.08 1355.20 348.10 0.548401
4 796.62 66.83 841.50 100.99 0.539103
4 641.68 595.85 665.22 647.98 0.531398
4 454.49 269.04 502.04 311.36 0.520761
4 464.05 268.73 501.75 311.34 0.501405
4 483.90 676.34 531.32 724.85 0.493795
4 428.94 749.30 479.91 764.60 0.481335
4 1282.69 418.20 1332.78 453.13 0.476579
4 1283.12 417.92 1332.50 453.30 0.457442
4 472.07 7.44 510.64 47.32 0.440933
4 551.92 337.79 575.54 377.41 0.439083
4 796.97 67.03 841.26 100.49 0.427070
4 1095.44 603.13 1139.98 632.89 0.412597
4 794.91 31.17 834.67 64.87 0.412046
4 794.15 203.89 829.63 253.81 0.407790
4 464.03 389.58 482.50 440.35 0.379305
4 1250.81 295.62 1276.73 342.30 0.376377
4 461.36 315.44 491.20 357.32 0.376122
4 530.22 624.78 555.59 684.03 0.372701
4 1189.61 290.50 1217.26 340.31 0.366764
4 452.74 546.37 487.91 602.65 0.363035
5 483.60 676.29 530.52 725.21 0.362832
4 1326.86 297.76 1354.86 347.87 0.360610
4 530.10 624.70 556.06 684.19 0.356674
4 1210.66 420.90 1261.14 455.40 0.355343
4 551.51 337.56 574.93 377.37 0.346733
4 667.57 0.30 686.87 22.81 0.343814
4 1222.31 294.66 1249.55 342.27 0.337567
4 457.99 390.19 482.56 440.59 0.334993
4 1058.12 162.44 1082.95 192.30 0.333547
4 793.32 262.01 833.60 303.74 0.328338
4 15.61 693.64 39.64 705.29 0.323203
4 836.42 332.62 862.05 381.85 0.316918
4 830.06 725.57 852.72 764.40 0.316628
4 464.12 315.12 491.99 356.62 0.316299
4 1253.03 735.23 1308.35 759.63 0.312513
4 1057.91 162.39 1084.05 192.91 0.306338
4 1055.68 209.95 1090.03 263.09 0.304799
4 668.02 0.41 686.27 22.69 0.296579
4 1189.56 290.18 1217.03 339.74 0.289306
1 561.94 509.92 572.27 530.30 0.279277
4 794.43 204.04 829.74 254.12 0.266592
4 1250.87 295.53 1277.11 342.59 0.264002
4 794.88 31.00 834.43 66.14 0.257685
4 836.71 332.18 861.73 381.73 0.239686
1 562.02 509.82 572.62 530.77 0.235864
4 473.25 8.67 510.55 47.79 0.232893
5 1212.33 421.96 1261.51 455.45 0.221067
4 1223.65 295.09 1250.13 341.76 0.202651
4 464.04 544.95 487.93 602.45 0.194456
1 757.76 419.52 768.78 440.57 0.186625
4 475.84 105.88 497.38 152.39 0.186357
4 995.26 0.08 1021.94 24.89 0.182788
2 758.23 419.27 768.19 440.56 0.160543
4 314.43 594.17 329.38 626.06 0.150227
4 786.81 335.38 810.95 386.08 0.148239
4 1171.60 0.06 1194.24 18.73 0.140359
3 1174.39 430.44 1192.95 460.79 0.135938
5 793.45 261.69 833.76 303.91 0.132419
4 786.53 335.36 811.14 385.80 0.123229
4 1226.84 0.00 1249.81 16.33 0.119219
4 1201.98 0.00 1224.84 15.42 0.116652
5 475.79 105.93 497.62 152.11 0.109958
4 1067.58 3.58 1094.69 37.43 0.097207
2 589.59 197.60 598.60 214.82 0.091889
6 6.51 40.31 34.34 85.30 0.086454
4 314.06 594.08 329.50 626.68 0.086025
3 1069.46 242.41 1089.12 282.08 0.084019
4 800.44 121.44 817.87 145.21 0.083936
10 431.50 613.14 455.61 665.01 0.082838
2 577.73 137.77 586.17 156.03 0.079646
5 6.41 40.71 34.42 85.47 0.067473
4 0.04 122.70 17.38 173.99 0.061613
