4 276.48 510.86 363.43 539.77 0.922776
4 276.50 510.55 363.02 539.81 0.918537
4 93.26 387.10 167.34 427.41 0.888033
2 274.59 266.95 676.34 514.50 0.873642
4 92.88 386.88 167.29 427.26 0.869427
4 95.89 451.20 178.82 501.09 0.867608
4 194.53 356.43 255.32 399.34 0.847491
4 112.88 520.24 183.23 539.47 0.839490
4 96.46 451.60 178.45 501.03 0.813769
2 274.21 268.74 675.78 523.53 0.796189
4 114.41 520.23 183.02 539.57 0.780955
4 76.67 489.60 167.88 539.23 0.749062
4 194.39 356.63 255.03 399.06 0.729548
4 76.99 489.38 167.77 539.38 0.710619
4 240.15 427.71 296.13 484.16 0.678832
4 240.66 426.85 295.65 483.96 0.649449
9 390.95 283.28 435.80 321.45 0.613009
4 709.56 238.47 760.50 264.54 0.611293
5 730.50 152.33 766.73 178.90 0.602494
4 631.49 222.09 668.57 242.40 0.591122
2 739.63 55.99 959.15 198.77 0.589319
4 647.45 261.90 705.70 292.35 0.564845
2 742.08 55.63 959.22 199.67 0.563856
9 390.83 283.38 431.64 321.45 0.538297
4 679.63 248.87 729.75 279.58 0.488578
5 730.49 153.31 767.43 178.70 0.487344
1 168.22 392.64 182.54 416.04 0.481846
1 168.75 392.62 182.84 416.10 0.471777
4 709.60 238.76 760.32 263.52 0.436504
4 647.36 271.19 694.70 294.00 0.403254
4 631.62 221.65 666.89 242.27 0.361695
6 82.07 334.28 126.60 372.67 0.331503
3 74.83 367.43 98.14 391.29 0.326796
4 31.22 321.20 60.61 343.22 0.317765
6 80.56 333.58 125.37 373.26 0.299817
4 679.56 248.68 726.65 277.69 0.287624
3 372.74 449.55 394.76 471.88 0.286043
4 666.50 261.43 709.70 284.71 0.268602
2 0.98 103.50 222.12 433.36 0.263543
6 715.51 181.93 738.49 200.86 0.247774
4 176.71 292.30 195.58 306.69 0.238069
3 370.15 476.91 385.77 512.49 0.224789
6 715.59 181.81 738.16 200.90 0.224315
3 370.77 477.82 384.86 512.68 0.223133
4 176.81 292.91 197.41 306.86 0.222894
2 1.38 103.64 222.13 432.59 0.213357
4 31.50 322.57 57.57 343.39 0.205934
1 231.76 417.19 243.16 442.27 0.203727
3 276.30 416.57 294.39 437.78 0.192927
4 179.54 302.50 203.90 316.17 0.192422
3 74.92 367.26 97.83 391.06 0.191664
1 36.12 405.49 48.47 430.76 0.190008
1 231.74 417.18 242.53 442.15 0.170028
1 36.23 405.97 48.42 428.55 0.169774
3 769.92 172.18 784.79 187.90 0.162872
3 768.58 172.01 784.87 187.57 0.154665
7 416.54 417.42 455.93 448.96 0.146650
3 372.80 448.13 394.37 471.94 0.138248
1 818.93 249.22 828.97 266.24 0.098339
7 368.90 298.81 392.30 331.49 0.097661
