4 927.71 328.38 996.30 449.24 0.861219
4 927.97 328.53 995.11 449.31 0.805650
6 1014.01 982.90 1163.79 1049.71 0.783395
5 845.26 0.00 916.85 70.41 0.759625
9 845.73 0.16 916.71 70.16 0.695809
6 1014.26 983.48 1164.29 1049.68 0.631907
3 639.13 176.07 671.15 205.24 0.592259
3 639.05 175.29 670.97 204.54 0.484093
1 616.13 956.14 650.72 998.24 0.481711
3 721.61 367.54 747.10 399.14 0.468687
2 532.22 126.48 550.88 169.77 0.429971
5 622.93 731.88 654.64 786.59 0.427462
2 552.69 126.67 572.15 166.95 0.411275
1 712.78 279.57 730.83 316.98 0.389060
2 549.55 176.32 566.71 213.78 0.352931
2 639.90 158.81 664.67 195.75 0.351440
6 554.61 0.00 1398.89 1049.55 0.345595
2 578.15 179.90 597.36 221.16 0.342973
4 635.00 650.79 657.32 667.42 0.318810
1 551.93 126.64 572.17 166.91 0.317309
2 578.65 180.49 598.29 221.47 0.312957
1 549.51 176.05 568.20 215.65 0.308185
1 532.12 126.56 550.47 169.02 0.305412
7 718.70 323.56 755.78 395.89 0.296971
1 179.91 105.96 203.41 148.93 0.294267
3 721.39 364.51 748.20 395.46 0.289641
1 712.79 279.04 730.19 317.63 0.280183
2 537.54 153.91 550.85 169.92 0.278801
4 662.29 1031.03 692.55 1049.81 0.272544
2 702.51 317.88 719.48 360.18 0.270890
4 744.60 1027.34 765.83 1049.68 0.260927
2 549.77 171.89 599.07 222.07 0.236530
10 616.28 957.11 653.30 997.50 0.230339
2 556.55 153.74 571.30 166.61 0.229961
2 531.44 124.45 600.09 222.34 0.217340
2 731.65 347.88 754.83 375.29 0.216403
2 568.23 169.59 587.25 196.52 0.195092
1 179.95 105.64 203.41 146.87 0.190366
3 549.41 200.57 571.51 217.31 0.179274
7 718.23 323.93 757.04 395.92 0.178278
2 703.37 318.41 719.24 358.76 0.153391
7 638.11 138.32 690.17 203.19 0.103689
3 638.45 174.75 652.79 195.52 0.100259
2 531.80 125.81 599.22 223.44 0.087424
2 719.04 323.36 737.93 361.77 0.075430
