4 896.79 265.03 949.31 284.05 0.883400
4 899.48 264.34 949.21 283.91 0.874072
4 368.75 275.94 418.59 296.09 0.864289
4 208.85 303.70 264.47 326.43 0.856592
4 368.54 276.58 418.21 296.17 0.850347
4 208.80 303.09 264.72 326.45 0.846244
5 290.58 217.76 330.53 237.53 0.841513
4 112.81 227.29 155.53 245.78 0.802751
5 290.15 217.71 330.41 237.32 0.801986
4 495.94 268.38 538.17 288.06 0.800483
4 183.88 226.15 226.26 242.91 0.798284
4 112.36 227.49 155.61 245.88 0.797930
4 3.19 232.52 50.27 252.38 0.792699
4 496.62 268.52 537.78 287.69 0.791047
4 238.71 222.56 279.85 239.58 0.776490
4 184.07 226.55 226.06 242.90 0.773790
4 238.80 222.02 279.72 239.55 0.771418
4 850.45 201.68 884.23 214.74 0.763416
4 2.92 232.36 50.73 252.48 0.762362
4 605.58 277.25 652.71 298.53 0.751280
4 749.00 203.84 786.39 218.60 0.740909
4 605.73 276.94 653.15 298.49 0.738477
4 748.74 203.64 786.36 218.58 0.737540
4 610.28 206.00 647.84 223.51 0.728917
4 610.24 206.31 647.43 223.57 0.724920
4 651.42 273.81 699.50 296.32 0.700816
4 341.05 218.52 381.50 235.11 0.697903
4 808.33 200.29 843.95 216.31 0.697404
4 437.47 215.45 474.56 231.73 0.688478
4 341.20 218.67 381.61 235.18 0.680141
4 850.16 201.74 884.07 214.87 0.679651
4 706.11 205.82 741.52 219.13 0.673623
4 894.09 198.12 931.01 214.37 0.671931
4 894.21 197.86 930.89 214.40 0.667930
4 658.88 207.93 696.34 221.51 0.664870
4 705.77 205.96 741.28 219.06 0.664460
4 437.28 215.95 474.55 232.01 0.663116
4 651.74 274.11 699.55 296.20 0.633032
4 489.02 211.20 523.85 228.04 0.621570
4 489.97 211.37 524.99 227.82 0.614854
4 383.12 218.89 417.61 233.37 0.608368
4 657.99 208.12 696.00 221.53 0.600883
4 383.08 218.49 417.59 233.47 0.571449
4 808.35 199.97 844.09 216.47 0.549273
4 540.82 204.08 572.09 216.13 0.532904
4 540.30 211.49 572.95 226.66 0.531902
4 534.38 211.62 571.96 227.32 0.515575
4 541.16 204.45 572.22 216.43 0.488995
4 940.66 200.52 959.57 213.15 0.467166
4 941.27 201.22 959.69 213.25 0.428079
2 64.61 106.41 263.77 166.29 0.371300
1 58.15 299.70 67.51 318.89 0.319620
1 789.16 251.23 800.34 267.66 0.212838
3 82.24 220.95 96.31 240.29 0.206046
3 82.31 220.09 96.70 240.36 0.203724
3 731.36 261.20 749.80 283.92 0.203542
3 803.43 257.48 822.68 279.67 0.201080
9 0.29 99.16 87.67 112.78 0.200128
4 40.34 305.18 55.32 318.76 0.198525
1 790.01 250.73 800.03 266.97 0.196718
3 802.73 258.51 822.58 280.14 0.173354
6 64.15 99.36 87.75 111.71 0.168649
1 58.90 299.67 67.66 318.88 0.163437
4 71.53 153.92 85.46 166.74 0.145664
4 658.01 208.93 670.50 220.92 0.126828
1 713.88 229.74 720.62 244.02 0.089507
