4 655.32 259.58 734.30 296.99 0.937153
4 655.02 259.94 734.20 299.57 0.910440
5 1159.23 685.89 1300.81 764.54 0.857136
4 1301.51 695.77 1359.79 764.52 0.845003
4 1302.05 695.80 1359.75 764.35 0.805089
5 1159.71 686.16 1300.70 764.74 0.804023
5 539.38 360.28 654.11 438.10 0.716661
6 817.15 334.18 1156.00 499.63 0.670466
5 539.90 361.59 653.95 439.03 0.665387
6 816.47 333.73 1155.59 499.20 0.634562
5 1033.13 661.01 1155.06 764.53 0.622601
6 913.54 648.61 1062.60 764.24 0.599568
6 322.59 428.43 441.56 520.24 0.591923
4 908.15 644.48 1018.98 684.59 0.577315
6 322.45 428.16 442.06 521.91 0.576625
6 816.99 409.72 952.00 498.72 0.558267
4 653.43 323.07 705.21 351.14 0.557596
5 1036.72 661.35 1149.13 764.32 0.554377
6 1236.63 300.94 1359.98 391.16 0.552552
5 909.33 646.79 1063.13 764.50 0.550495
6 1245.96 295.79 1359.61 385.25 0.550089
6 144.61 254.71 228.88 314.43 0.544089
6 547.16 308.73 620.34 343.11 0.543864
6 1213.20 237.81 1316.77 317.79 0.531679
6 546.57 309.31 620.28 343.15 0.530465
6 1246.03 416.43 1359.51 510.02 0.528164
6 1173.69 391.33 1299.07 474.24 0.527078
6 1106.04 371.89 1223.59 451.92 0.522326
6 1158.22 144.66 1263.83 202.73 0.498090
6 1213.79 240.08 1315.08 310.34 0.491513
6 1012.68 153.24 1114.90 213.76 0.474892
6 1157.51 144.94 1265.19 199.84 0.471482
6 1105.52 371.62 1224.57 450.96 0.464282
6 592.27 599.72 761.33 764.34 0.460181
6 0.49 579.43 302.89 764.22 0.451894
2 236.38 273.26 276.42 301.84 0.446586
6 592.82 599.74 760.87 764.56 0.442441
6 434.09 575.72 638.48 764.25 0.440884
6 868.20 391.22 1007.96 477.64 0.434059
6 1173.22 391.67 1298.98 474.05 0.433462
5 675.27 341.75 743.59 401.51 0.428445
6 755.00 626.92 879.53 764.22 0.428302
6 1246.49 416.51 1359.69 510.26 0.427210
1 1179.31 344.25 1194.60 372.52 0.425940
5 710.98 324.20 783.85 383.75 0.423379
5 588.05 352.66 695.48 421.27 0.420355
6 1045.33 340.86 1155.52 417.07 0.405933
6 144.87 254.98 272.93 315.80 0.399045
5 769.72 313.44 835.51 371.92 0.398740
6 856.35 206.12 936.50 253.51 0.394349
6 754.78 627.07 879.95 764.50 0.388335
5 588.47 353.17 695.30 420.93 0.383012
3 1253.52 674.72 1290.82 716.94 0.375857
6 464.17 574.30 644.67 764.68 0.362411
5 768.99 313.87 835.05 372.28 0.360356
5 674.77 341.29 743.74 402.12 0.342424
5 718.22 323.98 783.31 382.84 0.334789
6 816.08 391.64 895.56 499.11 0.330800
6 1287.35 251.63 1359.65 310.60 0.328379
6 912.45 370.48 1097.10 456.61 0.320358
6 325.31 556.31 511.72 756.90 0.315720
6 866.85 390.80 1008.01 477.53 0.314084
5 809.11 302.51 873.77 359.95 0.312467
6 240.97 540.31 374.94 650.72 0.308850
6 268.23 551.02 427.45 698.99 0.304625
6 1126.27 187.80 1238.98 241.12 0.303381
6 803.98 264.86 907.72 347.55 0.289442
6 1012.91 154.09 1119.61 214.24 0.288194
5 274.94 540.51 376.05 608.87 0.257185
4 464.20 556.20 528.94 599.83 0.252709
6 1044.90 341.24 1146.11 422.99 0.238302
4 654.10 327.44 703.21 351.34 0.235923
2 677.04 328.14 694.21 347.51 0.223575
6 1287.11 252.21 1359.88 310.74 0.211458
6 1002.33 333.01 1090.76 397.29 0.195045
5 1324.42 483.61 1359.74 539.77 0.192066
5 855.80 205.98 895.74 247.45 0.188606
6 269.05 550.80 427.79 698.54 0.187464
1 1255.95 350.19 1272.94 385.55 0.179347
6 325.43 556.12 512.74 758.37 0.165442
6 803.21 263.81 895.79 347.75 0.148646
2 245.75 273.25 278.03 301.01 0.147037
4 1296.58 184.04 1332.12 213.82 0.137338
5 1324.32 482.68 1359.85 538.66 0.135725
3 1126.38 667.11 1144.57 692.48 0.132763
5 862.59 287.73 895.86 347.46 0.120878
1 1336.94 228.06 1347.43 252.82 0.118404
5 867.15 391.80 895.87 441.84 0.104905
6 464.12 321.52 520.84 487.50 0.049620
