4 50.84 750.82 100.77 784.39 0.800813
4 671.51 607.18 736.95 639.44 0.794629
4 517.09 767.26 580.13 787.53 0.754935
5 671.58 607.03 735.32 639.54 0.746534
4 676.79 453.88 729.85 478.77 0.725598
4 676.54 454.15 733.74 479.57 0.713961
4 530.57 693.42 586.45 722.46 0.713784
4 515.50 727.73 578.18 755.44 0.708176
4 672.45 573.89 729.11 600.55 0.704266
4 516.67 767.00 580.84 787.70 0.704182
4 39.74 750.50 104.81 786.00 0.684354
4 688.38 644.11 732.01 670.48 0.675103
4 530.75 693.86 586.86 722.20 0.673892
4 533.33 663.57 593.11 692.13 0.665471
4 558.55 637.06 596.11 664.43 0.631801
4 542.60 485.01 601.84 513.04 0.630687
4 671.90 573.38 728.52 601.15 0.624490
4 671.83 521.58 728.44 548.01 0.623389
4 670.64 548.19 728.19 578.30 0.615652
4 1348.09 698.79 1377.60 716.95 0.607988
4 533.03 662.48 594.22 692.40 0.586504
4 514.80 725.82 578.29 756.39 0.581128
4 558.81 637.94 594.92 664.44 0.574689
4 557.58 534.62 604.71 560.63 0.566834
4 935.90 689.00 984.89 714.49 0.566548
4 543.38 484.77 602.11 513.53 0.561021
4 1350.36 698.86 1378.26 716.61 0.560293
4 676.30 495.85 730.66 523.14 0.559050
4 670.21 548.49 728.42 580.23 0.539341
4 671.44 521.85 728.02 548.60 0.518516
4 560.28 559.05 600.32 584.44 0.504508
4 690.78 734.25 753.76 782.88 0.473328
4 558.66 534.34 604.10 561.71 0.465938
4 796.80 514.51 854.17 539.07 0.461899
4 677.01 495.86 731.93 523.71 0.457206
4 560.75 557.79 599.53 584.16 0.439003
4 688.84 644.27 731.51 669.05 0.437689
4 690.82 734.32 755.60 783.18 0.428679
4 572.38 270.86 616.84 302.40 0.407550
4 740.02 777.44 776.18 787.92 0.392003
4 568.72 343.15 625.79 383.56 0.388272
4 649.93 146.83 673.37 185.05 0.376032
4 958.39 457.07 980.73 473.78 0.375296
4 638.57 108.70 658.05 142.45 0.364077
4 464.95 1.68 503.38 24.74 0.336010
4 586.16 382.56 611.58 404.63 0.331839
4 1283.00 183.33 1314.38 199.61 0.328437
4 452.27 14.35 494.32 44.78 0.316315
4 568.92 343.24 624.04 383.75 0.314510
4 638.81 109.47 658.03 142.31 0.296166
4 569.64 271.95 617.64 309.04 0.295971
4 452.03 14.25 497.49 46.17 0.291689
4 467.14 3.12 503.30 25.74 0.275563
4 964.65 586.66 989.71 612.89 0.268881
4 1283.87 183.64 1315.79 204.11 0.267656
4 550.44 465.57 600.45 490.13 0.254817
4 588.34 382.53 611.40 404.24 0.244216
4 649.89 147.08 673.06 185.14 0.242263
4 958.39 457.14 980.97 475.04 0.213737
4 659.49 295.45 682.22 334.01 0.213577
4 659.62 298.00 681.16 333.08 0.207094
6 1167.34 356.66 1252.85 408.56 0.205482
6 778.64 358.74 843.22 389.29 0.195829
4 579.11 423.11 612.19 446.11 0.185019
4 1076.04 0.00 1096.29 17.91 0.177412
4 1072.25 0.00 1096.74 18.81 0.174153
4 1230.87 162.78 1253.27 173.50 0.166504
5 964.95 587.15 988.03 610.38 0.166181
4 919.09 371.75 944.32 395.90 0.155786
4 795.30 73.24 808.26 91.71 0.150483
4 843.52 132.70 876.76 164.20 0.129370
4 1054.09 0.16 1070.88 16.48 0.127768
5 843.93 164.03 877.62 190.33 0.126801
6 824.75 83.62 851.35 104.57 0.124506
5 668.61 347.92 688.48 390.83 0.109661
4 641.57 127.12 657.56 142.13 0.108512
4 1266.48 124.83 1280.39 138.60 0.103472
2 983.21 202.05 994.93 221.56 0.101160
4 793.61 54.84 806.06 64.93 0.098262
6 813.11 121.51 842.28 165.10 0.090481
2 713.58 412.20 725.78 440.73 0.085855
2 896.11 140.63 906.74 160.42 0.084041
6 0.10 0.45 49.76 74.05 0.052291
