4 804.46 853.81 883.08 895.40 0.922809
4 1095.61 389.39 1142.67 432.83 0.879027
4 885.58 699.25 950.48 777.03 0.875534
4 972.70 572.12 1029.88 636.97 0.860238
4 789.15 853.52 882.70 964.93 0.845841
4 525.59 1269.53 662.68 1441.26 0.837947
4 1147.99 328.02 1184.86 365.53 0.831577
4 884.46 699.44 951.73 778.79 0.830106
4 1312.50 215.11 1340.97 248.67 0.777758
4 522.27 1270.75 661.43 1442.04 0.774477
4 1094.76 388.58 1140.83 433.43 0.760405
4 979.47 572.93 1029.62 636.93 0.760385
4 1009.19 503.14 1064.80 565.92 0.757408
4 1138.97 329.21 1182.39 365.84 0.756422
4 789.57 854.04 882.32 963.72 0.704323
4 623.28 1099.26 734.26 1255.69 0.693804
4 624.48 1099.20 736.32 1254.10 0.692774
4 1208.22 254.28 1240.42 285.82 0.690973
4 1009.68 502.45 1061.82 564.96 0.674251
4 1214.19 247.51 1245.49 285.58 0.641626
4 1312.63 215.47 1340.06 249.18 0.538688
4 963.52 443.15 993.40 470.11 0.426877
4 62.83 256.43 89.96 271.85 0.358251
4 106.65 243.75 172.85 265.07 0.315555
4 867.27 723.10 895.85 775.75 0.293389
4 1264.92 193.39 1285.87 206.80 0.279229
2 1609.59 1162.45 1796.30 1495.59 0.261315
4 716.03 1102.90 735.80 1189.83 0.252407
6 756.06 135.42 789.34 160.30 0.222893
4 1264.26 192.67 1289.48 207.95 0.214869
6 1433.20 165.10 1473.58 187.69 0.205415
4 1759.44 261.64 1793.65 307.55 0.201132
4 1228.48 81.49 1253.42 100.02 0.197634
1 657.36 1165.70 678.91 1185.93 0.186511
5 755.51 137.28 790.12 161.65 0.150872
1 672.03 1165.06 692.22 1200.10 0.132139
4 884.94 729.65 895.98 775.81 0.119739
4 1538.90 132.18 1554.24 142.51 0.117129
4 1272.74 115.81 1288.07 125.45 0.113011
4 1135.40 341.28 1153.25 364.62 0.098252
4 1587.97 65.86 1597.44 73.94 0.083270
