4 1840.76 1139.30 1955.24 1188.28 0.949604
4 437.46 1066.05 488.46 1133.82 0.949191
4 292.89 1264.98 360.03 1353.09 0.940544
4 1839.66 1140.77 1956.95 1188.17 0.938928
4 662.04 1470.04 725.08 1499.81 0.937474
4 565.98 830.08 629.81 858.86 0.934545
4 290.74 1264.76 361.32 1354.63 0.931507
4 751.42 876.02 800.51 906.52 0.909303
4 566.07 829.94 629.53 859.22 0.904199
4 838.77 937.82 893.42 988.06 0.901809
4 749.28 875.07 798.22 906.91 0.898534
4 438.59 1066.60 488.65 1134.08 0.891896
4 114.99 1239.31 178.25 1299.14 0.886814
4 1828.07 1287.29 1895.18 1366.31 0.883619
4 1827.55 1211.54 1897.12 1280.67 0.881429
4 1786.79 1209.68 1848.61 1282.05 0.877908
4 772.07 1257.30 821.76 1303.73 0.876656
4 743.40 718.42 777.36 748.57 0.875137
4 322.25 964.71 381.62 1022.83 0.874839
4 114.76 1238.07 178.38 1299.53 0.874042
4 808.13 733.27 850.87 765.50 0.870871
4 229.23 1071.74 298.27 1143.72 0.859848
4 1635.13 1201.93 1689.22 1266.74 0.857728
4 1737.65 1213.93 1798.37 1278.05 0.856383
4 1531.18 1082.08 1566.82 1120.62 0.854127
4 229.43 1071.04 298.17 1143.19 0.850285
4 1682.95 1204.28 1745.06 1277.44 0.843500
4 808.53 734.30 850.84 765.16 0.843364
4 1577.75 1195.11 1634.59 1264.91 0.841556
4 1662.64 1277.75 1733.12 1344.57 0.839614
4 1934.85 1213.55 1999.57 1287.31 0.834647
4 645.61 780.72 683.49 821.49 0.834628
4 1609.04 1087.59 1649.85 1137.57 0.831055
5 1927.84 1273.96 1999.59 1381.46 0.828246
4 743.32 718.95 776.88 748.71 0.827736
4 1609.77 1271.28 1669.74 1338.14 0.827355
4 1929.88 1274.21 1999.45 1381.05 0.826549
4 839.59 938.43 902.60 987.30 0.823384
4 323.66 964.32 382.00 1022.79 0.822065
4 735.94 1208.28 783.87 1273.51 0.821278
4 762.72 1129.34 807.86 1188.60 0.812943
4 1525.56 1192.88 1583.87 1264.92 0.811267
4 1716.45 1285.36 1783.86 1349.19 0.806933
4 735.64 1208.28 784.63 1271.58 0.803627
4 1478.35 1194.25 1532.78 1263.57 0.802205
4 661.99 1469.13 718.59 1499.75 0.792163
4 511.43 887.02 550.65 937.23 0.791870
4 1523.08 1071.01 1567.10 1121.33 0.789693
4 1427.88 1056.23 1474.07 1128.02 0.779466
4 1429.17 1191.80 1477.83 1254.20 0.776866
4 1827.80 1286.86 1895.65 1366.82 0.776568
4 1829.27 1212.23 1899.21 1280.77 0.771877
4 884.32 529.43 912.36 551.85 0.762513
4 1769.12 1280.39 1845.40 1363.23 0.756955
4 798.94 478.47 821.64 499.35 0.752402
4 843.87 551.64 864.62 574.59 0.751099
4 63.26 1357.26 103.33 1409.15 0.748809
4 763.55 1129.07 807.46 1186.46 0.743241
4 798.89 478.07 822.16 499.29 0.741823
4 1658.05 1070.58 1719.82 1144.30 0.741773
4 1607.95 1270.74 1672.65 1340.69 0.736334
4 843.52 551.56 867.63 574.53 0.734784
4 511.89 883.94 555.81 937.60 0.733629
4 1632.56 1201.99 1688.96 1266.73 0.733592
4 776.19 1077.68 812.27 1126.95 0.729843
4 1502.38 1267.94 1563.33 1333.87 0.725682
4 899.51 678.55 926.96 704.49 0.725533
4 771.06 1256.42 821.47 1304.34 0.724780
4 1784.39 1209.75 1848.54 1282.79 0.720349
4 1933.66 1213.14 1999.81 1286.57 0.719076
4 176.41 1146.02 242.26 1220.04 0.718698
4 1478.51 1071.78 1519.20 1131.11 0.715227
4 180.82 1145.12 241.03 1219.43 0.712306
4 518.02 822.42 541.51 855.75 0.711896
4 1713.56 1280.57 1783.15 1348.42 0.695130
4 1474.52 1069.71 1518.55 1130.28 0.691237
4 1679.10 1203.47 1743.37 1278.34 0.686906
4 1477.13 1193.65 1530.79 1262.77 0.675895
4 899.49 680.22 923.42 704.82 0.672162
4 1428.11 1192.52 1475.50 1253.99 0.668805
4 646.53 781.34 679.30 821.32 0.668647
4 776.45 1088.54 815.29 1127.11 0.665854
4 887.87 531.90 910.69 552.48 0.663560
4 1660.52 1276.13 1729.82 1345.43 0.660284
4 1499.56 1267.64 1559.66 1334.65 0.652790
4 645.73 569.32 674.35 594.69 0.650135
4 836.46 418.45 857.12 436.53 0.640783
4 1731.54 1205.48 1798.79 1280.35 0.636786
4 1577.88 1194.68 1611.78 1263.03 0.630747
4 1526.50 1192.82 1585.14 1266.90 0.629683
4 836.78 420.24 855.05 435.84 0.628001
4 1659.11 1070.92 1719.37 1143.40 0.623209
4 645.31 571.12 673.24 596.49 0.615013
4 1555.14 1264.54 1611.75 1338.60 0.613689
4 1770.34 1279.65 1847.41 1364.01 0.605021
4 924.18 371.07 944.32 386.55 0.604659
4 1597.20 1071.34 1648.91 1138.52 0.597528
4 1556.55 1264.79 1615.68 1336.99 0.592945
4 757.20 429.28 779.44 449.16 0.590097
3 808.64 1484.27 851.65 1499.87 0.587707
5 1334.80 553.36 1383.65 587.86 0.581664
4 672.99 534.97 697.69 556.85 0.580425
4 617.15 615.47 639.33 639.41 0.578191
4 673.41 533.10 698.63 556.65 0.569399
4 1356.65 1232.62 1384.83 1316.31 0.567844
2 1150.34 351.02 1224.85 405.38 0.566959
4 845.52 373.43 864.02 392.78 0.564750
4 1428.67 1056.41 1476.24 1127.57 0.563821
4 1507.32 386.96 1544.01 401.33 0.560144
2 869.34 1116.60 931.60 1161.90 0.558456
4 875.08 356.19 893.23 373.42 0.548058
4 705.03 576.21 720.36 597.54 0.547248
1 846.71 1229.71 859.33 1258.53 0.545089
4 0.26 1397.11 50.52 1489.74 0.541981
4 0.09 1396.49 50.86 1484.85 0.536954
4 445.34 877.48 480.99 913.93 0.529886
4 980.79 291.36 1012.81 311.04 0.525144
4 876.16 359.10 891.85 372.42 0.524441
4 847.32 377.62 862.73 392.28 0.522671
4 63.55 1358.85 102.02 1411.39 0.522527
4 851.69 1074.25 886.32 1104.27 0.521518
4 613.87 615.09 640.62 640.94 0.501944
4 951.93 314.70 970.42 331.41 0.501875
4 1447.92 442.54 1477.35 455.59 0.497182
1 919.91 1119.60 930.02 1147.30 0.496844
1 871.48 1122.41 884.19 1151.56 0.489847
4 710.95 491.29 729.00 510.90 0.485690
4 691.43 517.19 715.02 536.67 0.480101
1 892.74 1127.51 904.35 1158.96 0.475200
4 924.83 487.41 944.71 506.65 0.471337
4 1419.03 538.14 1442.23 558.16 0.469935
4 564.89 832.92 588.53 855.89 0.469493
4 936.96 556.07 958.90 577.06 0.448428
4 757.38 436.42 772.68 451.26 0.439580
4 690.58 516.67 712.36 536.67 0.437809
4 927.97 371.46 943.43 386.90 0.425883
4 556.69 686.77 580.49 713.00 0.424572
2 809.04 1484.16 852.16 1499.82 0.419215
4 1420.04 535.73 1444.75 557.02 0.417907
6 1525.04 1041.59 1569.16 1085.60 0.412904
4 725.60 473.93 744.87 491.44 0.412180
4 485.73 475.96 510.58 492.48 0.409696
4 954.58 317.68 971.28 330.93 0.402295
1 189.08 1263.48 209.60 1294.22 0.400757
4 950.51 507.85 967.52 527.88 0.396807
4 709.90 490.78 731.46 511.22 0.391139
4 1452.31 1257.52 1506.98 1331.48 0.382725
4 716.05 732.02 736.99 757.50 0.381450
4 594.73 636.56 622.42 663.00 0.375299
4 1355.97 1234.54 1384.46 1315.47 0.370799
4 597.21 638.56 618.67 661.70 0.370328
4 915.94 614.31 941.75 635.98 0.369726
4 653.05 599.57 669.95 618.22 0.367013
5 1457.12 1262.60 1507.32 1331.44 0.362280
4 1309.69 836.91 1341.35 858.98 0.361640
4 1309.80 839.74 1340.64 859.17 0.359018
6 1525.79 1043.49 1566.25 1080.35 0.353473
2 774.42 903.05 790.09 927.05 0.347439
4 886.32 529.69 895.88 551.71 0.341984
4 960.49 250.38 980.39 264.42 0.332414
4 923.89 598.14 943.50 615.96 0.330293
4 579.65 665.48 597.09 684.64 0.328707
4 909.25 657.15 932.65 681.51 0.320707
4 748.15 460.54 763.62 478.69 0.319866
4 1450.53 537.11 1485.99 558.00 0.318184
6 1571.51 1040.02 1611.64 1077.61 0.306409
4 856.62 1072.90 885.30 1097.55 0.304442
4 632.08 868.81 652.94 886.63 0.304310
4 937.17 559.71 956.62 579.18 0.303934
1 884.91 719.45 903.97 763.50 0.300662
4 910.75 636.57 934.44 660.01 0.299162
4 725.56 474.52 743.38 490.72 0.298432
4 559.64 686.99 580.28 711.65 0.296708
4 1440.91 441.31 1475.40 456.63 0.295290
6 763.40 375.10 803.67 399.28 0.294064
4 917.85 617.44 942.19 640.74 0.292930
4 518.33 821.27 539.33 854.79 0.292880
1 845.64 1227.31 861.70 1258.36 0.290407
3 188.35 1263.14 211.30 1294.69 0.288156
4 1543.57 416.61 1569.94 427.41 0.288045
4 1505.42 366.22 1542.47 400.75 0.286311
3 444.51 887.68 476.04 915.43 0.283988
4 706.40 578.58 719.04 597.84 0.271551
4 839.17 319.77 861.21 337.52 0.271231
4 651.88 603.90 670.35 618.89 0.270479
4 912.54 577.40 925.56 594.90 0.264195
4 736.34 458.01 755.80 478.72 0.263756
4 909.31 639.22 936.12 674.92 0.260702
4 580.06 661.86 603.34 686.79 0.259429
4 854.56 858.98 875.29 876.90 0.256355
4 1008.13 349.67 1029.64 365.41 0.254839
4 1447.78 538.59 1473.85 559.69 0.253449
1 20.70 1442.80 42.68 1473.71 0.252869
1 418.48 864.59 430.61 886.06 0.252386
3 894.84 1142.64 906.61 1161.14 0.252176
4 802.84 374.48 815.89 389.83 0.251916
1 838.06 791.88 849.47 815.47 0.247772
4 1321.66 885.33 1354.33 909.14 0.245910
4 573.31 435.46 607.29 445.10 0.244354
4 913.96 275.05 926.25 287.15 0.236805
4 923.88 600.19 945.10 617.27 0.236370
1 890.22 721.53 900.06 741.68 0.234667
4 802.12 372.87 818.94 389.53 0.231326
4 961.02 253.95 979.72 264.57 0.228982
4 951.10 508.37 969.45 529.22 0.227090
4 914.76 274.10 928.49 286.80 0.221266
1 852.14 1346.86 873.49 1386.96 0.217020
4 994.94 200.91 1011.42 216.23 0.216414
4 943.32 435.90 958.91 454.67 0.213411
2 852.34 1344.77 872.35 1385.71 0.212552
1 918.09 1117.66 931.94 1146.19 0.211455
1 381.85 905.61 393.54 928.43 0.210500
3 528.47 725.82 546.23 753.10 0.202950
2 457.06 877.07 473.38 902.52 0.202704
4 1335.70 937.96 1369.77 967.69 0.202375
4 611.90 431.02 631.11 443.31 0.198984
4 955.37 751.66 969.07 772.85 0.197321
4 565.86 832.61 590.59 856.18 0.193991
1 863.54 754.31 874.41 774.72 0.183885
4 1420.74 467.42 1443.65 478.79 0.183869
1 851.90 805.97 864.07 829.22 0.183006
4 917.50 247.26 936.24 264.21 0.182235
4 1506.87 369.74 1524.41 381.65 0.174808
6 982.05 291.76 1012.92 310.01 0.173989
1 880.64 669.09 890.25 689.86 0.170578
2 888.67 1124.47 905.65 1160.33 0.167092
1 774.80 901.06 790.46 928.02 0.163647
4 493.14 249.08 510.27 262.56 0.162457
3 887.25 736.28 909.48 764.88 0.154429
4 961.52 268.34 975.85 279.35 0.151276
4 830.22 341.63 842.63 356.53 0.151031
4 1597.65 1071.23 1611.73 1129.17 0.145251
4 538.49 433.96 552.36 443.20 0.143838
4 1355.87 466.25 1380.41 487.70 0.141042
4 1427.55 443.01 1445.29 453.68 0.135249
4 861.69 678.39 873.27 690.50 0.127629
4 716.60 512.66 729.05 527.99 0.122153
4 854.15 310.71 866.05 321.44 0.120885
4 1399.24 236.86 1421.14 260.27 0.120312
4 1517.11 423.69 1533.60 436.86 0.114501
2 614.45 674.00 624.90 693.75 0.112943
4 951.13 371.92 964.67 383.13 0.109720
4 912.92 577.32 924.79 595.26 0.107249
4 981.87 192.32 993.45 201.67 0.102079
2 853.97 854.69 863.77 876.31 0.098730
1 942.54 669.21 951.61 688.12 0.098647
4 961.04 218.97 971.98 229.10 0.098067
2 954.24 748.71 966.40 772.74 0.097740
4 875.51 283.39 886.96 295.68 0.095330
4 963.03 456.59 971.53 469.80 0.091590
4 998.88 198.28 1009.37 207.68 0.085627
