4 519.25 578.86 549.07 622.65 0.823504
4 648.25 695.94 685.69 756.58 0.774148
4 440.53 444.90 464.23 475.56 0.736330
4 561.74 776.64 620.50 787.75 0.731789
4 666.57 334.32 687.25 356.04 0.731618
4 767.48 394.94 792.11 426.43 0.729723
4 656.83 600.87 687.80 653.98 0.707644
4 469.26 275.27 495.17 294.56 0.699111
4 519.33 579.06 547.36 622.70 0.697127
4 656.58 600.92 688.69 654.02 0.664357
4 567.27 204.01 586.09 217.73 0.657583
4 468.96 275.45 495.54 294.98 0.655612
4 648.28 696.24 685.58 756.64 0.652963
4 374.87 361.42 409.31 394.11 0.644210
4 591.53 326.23 608.19 351.18 0.642149
4 639.40 289.38 656.28 310.47 0.632546
4 374.89 361.88 409.16 393.77 0.625745
4 441.91 444.89 463.03 475.51 0.625105
4 767.91 394.77 792.61 426.58 0.615768
4 667.95 334.15 686.98 356.17 0.610764
4 562.52 776.85 621.76 787.95 0.601760
4 427.92 290.00 469.34 327.69 0.581894
4 87.17 500.12 125.15 531.62 0.562098
4 591.41 326.10 609.30 351.34 0.558457
4 718.68 282.14 737.55 307.78 0.553894
4 566.87 203.24 585.65 217.82 0.552035
4 639.29 289.36 656.49 310.44 0.541954
5 2.53 354.52 72.32 404.51 0.538125
4 100.33 391.18 131.92 411.47 0.531084
4 87.30 500.32 124.88 531.69 0.529081
4 100.40 391.23 131.77 411.36 0.524876
4 718.63 282.15 737.88 308.22 0.509626
4 648.90 222.65 662.47 237.41 0.506656
4 78.18 468.75 114.69 498.86 0.506201
4 649.13 223.03 663.57 237.55 0.501426
5 427.96 289.41 470.17 328.24 0.480861
4 105.96 180.57 128.08 192.55 0.461774
4 105.50 180.41 128.37 192.14 0.455738
4 675.05 192.22 687.56 204.61 0.428412
5 2.23 354.54 72.56 404.41 0.422199
4 674.88 191.70 687.64 204.16 0.412235
4 726.48 362.33 749.73 397.67 0.398938
4 71.13 395.22 97.48 417.91 0.396019
4 726.58 362.31 749.55 397.35 0.386424
4 78.35 469.18 114.46 498.10 0.379419
4 0.08 561.03 54.20 616.66 0.373369
4 653.09 171.67 666.94 184.68 0.364268
4 90.61 413.19 110.55 434.89 0.363224
4 70.60 395.92 97.12 419.29 0.348416
4 90.67 413.98 109.84 434.83 0.347026
4 52.11 536.35 101.78 571.04 0.346791
6 21.54 261.11 126.01 312.27 0.343977
4 246.25 401.59 265.80 414.96 0.341465
4 604.75 167.57 617.65 177.09 0.339986
5 0.05 560.16 51.73 620.76 0.331336
4 1135.06 718.61 1163.35 742.12 0.331259
4 653.04 172.40 666.94 185.25 0.330874
5 459.63 431.57 498.65 532.48 0.330224
5 460.03 431.92 497.57 532.52 0.318386
1 862.00 774.86 875.90 787.83 0.318047
4 312.18 224.72 333.64 238.40 0.313383
4 627.88 187.19 637.54 200.01 0.301345
4 605.02 166.41 617.33 176.63 0.297604
4 610.88 115.10 621.48 123.03 0.294724
4 52.68 536.52 101.99 572.08 0.289857
4 615.46 154.20 625.94 164.31 0.284232
4 624.09 357.88 651.30 406.83 0.277912
4 725.27 246.58 736.50 254.17 0.272553
4 670.45 153.92 682.01 167.81 0.271668
5 623.84 358.37 650.93 407.35 0.269562
4 611.63 90.99 622.54 99.81 0.265912
4 248.67 446.66 274.85 465.78 0.264746
4 569.92 81.60 580.33 89.19 0.262177
4 132.96 336.23 161.58 353.49 0.261948
4 611.13 115.31 622.03 123.25 0.259045
4 611.49 91.14 622.60 100.28 0.258208
4 639.79 109.06 650.53 117.80 0.254617
4 107.98 335.59 136.65 355.29 0.254360
6 1203.40 243.80 1245.30 265.79 0.251160
4 242.60 404.63 264.78 418.47 0.249856
6 22.30 262.45 126.93 319.35 0.247451
4 691.88 137.18 703.33 146.00 0.244778
4 639.40 109.41 650.50 117.84 0.243575
4 615.16 154.38 626.06 165.56 0.240495
4 231.31 401.98 280.81 421.95 0.238975
4 134.67 335.75 161.06 353.15 0.233727
4 691.65 134.10 703.89 145.79 0.232318
4 311.06 224.31 332.63 238.95 0.228710
5 405.26 212.74 424.90 249.63 0.227179
4 654.45 122.09 665.57 132.05 0.225523
5 616.40 130.87 630.68 151.12 0.215927
4 653.13 123.06 664.70 132.43 0.211696
4 627.74 186.62 637.78 201.70 0.211362
6 404.97 213.06 424.63 249.31 0.209488
5 103.92 420.27 132.84 467.19 0.208755
4 570.10 82.43 579.97 89.53 0.203982
6 1037.30 517.44 1102.51 617.40 0.199768
4 533.62 62.36 546.25 72.87 0.199720
4 646.74 95.98 655.86 104.66 0.199659
4 0.14 139.23 35.72 152.76 0.199042
6 104.68 418.33 132.67 467.41 0.197841
4 643.55 129.50 660.15 148.84 0.196121
4 661.74 97.03 671.32 104.97 0.181852
6 342.82 31.67 368.60 44.75 0.178865
4 579.90 90.25 589.89 100.17 0.178788
4 643.45 129.90 658.76 148.20 0.178545
4 670.18 153.44 682.07 167.41 0.177890
4 249.06 444.81 274.44 465.60 0.174486
4 442.87 45.85 452.99 54.07 0.172635
4 645.93 95.99 655.79 104.81 0.171290
4 460.88 51.14 471.84 57.45 0.169649
6 1203.43 244.35 1244.30 265.29 0.169273
4 261.63 448.44 274.26 458.23 0.168576
4 579.51 90.15 589.72 100.65 0.168502
4 400.79 135.81 411.74 146.71 0.163924
4 225.24 244.49 236.91 256.69 0.161295
4 710.80 142.93 719.71 151.34 0.159884
4 614.77 57.74 623.20 63.92 0.153322
6 1208.21 281.17 1234.82 304.64 0.152370
4 660.58 93.87 671.12 104.18 0.150143
4 442.77 44.95 452.99 53.45 0.139475
4 397.31 136.01 411.23 147.45 0.139215
6 63.90 188.71 99.11 212.11 0.138683
4 591.55 118.37 599.21 125.97 0.136234
4 591.62 117.82 599.51 127.17 0.129268
4 724.98 247.06 736.64 253.65 0.128314
4 529.62 68.42 539.45 75.28 0.128194
4 579.64 440.90 588.74 461.72 0.123345
6 1013.31 219.45 1035.51 231.93 0.104501
6 521.47 49.86 536.52 60.48 0.097397
6 176.37 161.05 191.40 178.17 0.094326
4 597.41 152.87 603.30 160.09 0.088230
4 710.89 144.35 719.37 154.67 0.085989
9 616.27 130.31 630.91 150.87 0.055542
