4 1082.67 998.35 1272.22 1049.44 0.951649
1 1129.13 579.73 1175.45 661.78 0.850630
3 1360.07 780.13 1399.70 834.86 0.848267
3 1359.45 781.02 1399.77 834.30 0.818326
2 1290.05 718.14 1347.96 817.25 0.817734
2 1289.47 717.55 1348.46 817.18 0.812105
1 1129.33 579.73 1174.81 660.69 0.805128
2 1250.83 752.55 1289.15 815.46 0.706939
3 1023.49 672.22 1072.01 700.10 0.694794
4 1082.22 998.20 1272.05 1049.48 0.671448
4 76.25 450.74 148.80 510.19 0.661530
4 0.23 400.41 149.48 510.14 0.658765
3 1304.89 443.08 1383.90 496.13 0.651624
4 75.76 451.44 149.45 509.94 0.644698
4 0.35 401.10 148.75 510.48 0.643399
3 1303.43 445.34 1384.69 498.59 0.640763
3 1292.43 361.76 1348.17 398.90 0.632579
2 1251.08 751.23 1287.08 815.69 0.603243
2 754.13 643.08 793.51 729.86 0.591225
3 1293.15 361.74 1348.99 397.87 0.577749
1 736.55 557.04 767.90 634.03 0.576080
3 1147.74 710.85 1200.46 740.45 0.565163
2 591.51 642.79 633.57 730.00 0.545117
2 821.67 610.12 867.22 693.02 0.544690
3 1297.21 416.71 1384.05 464.86 0.488574
1 735.82 557.69 768.85 633.71 0.472928
2 822.79 609.50 868.10 692.78 0.471183
2 753.99 642.79 793.21 729.68 0.452107
2 594.15 642.18 634.53 729.73 0.445763
3 1296.07 299.34 1340.54 327.88 0.427229
2 799.39 578.71 832.84 655.10 0.393583
3 1295.68 297.57 1340.90 329.12 0.379824
2 629.40 652.49 659.56 713.53 0.327331
2 788.07 649.41 828.02 711.03 0.326229
3 1194.07 283.65 1218.91 314.38 0.321684
2 800.50 578.37 833.03 653.22 0.315427
2 629.71 651.39 660.67 712.58 0.310652
3 603.65 533.81 652.59 587.00 0.309601
3 1252.84 291.61 1293.04 326.81 0.308141
3 1252.18 291.14 1292.14 326.40 0.298060
7 604.36 534.49 652.32 587.00 0.292071
3 505.40 515.95 539.81 556.29 0.288990
3 504.44 517.28 539.05 558.26 0.284299
2 473.66 487.82 627.58 636.13 0.281438
2 1227.16 288.04 1250.41 316.39 0.270177
2 474.85 515.47 500.56 562.38 0.247242
2 583.80 513.81 619.94 574.24 0.246325
2 526.93 554.50 553.59 611.14 0.224134
4 575.10 409.56 607.57 439.12 0.212831
2 478.73 484.53 506.90 556.48 0.194226
2 578.16 514.03 620.02 573.81 0.188338
3 735.32 601.70 758.68 633.59 0.172927
3 1193.55 285.37 1219.59 313.97 0.169509
2 800.65 607.72 836.70 692.37 0.166379
2 565.11 559.31 608.56 636.62 0.164109
2 474.72 515.20 500.50 562.18 0.160633
2 478.41 485.16 506.82 555.28 0.154966
3 1365.22 296.43 1399.28 333.03 0.151176
2 566.89 554.39 607.58 636.25 0.150669
2 527.92 555.82 552.19 611.88 0.149018
7 1291.82 330.79 1356.88 366.82 0.135013
2 545.97 554.61 584.38 634.22 0.133490
4 4.05 352.12 51.34 387.84 0.129552
2 797.02 652.00 826.90 711.02 0.120876
2 527.20 492.23 558.16 562.80 0.117304
2 526.10 492.60 558.27 561.60 0.078315
2 548.48 553.73 583.36 633.38 0.068446
6 504.27 450.95 539.67 551.40 0.067358
10 181.19 647.43 228.56 716.83 0.061783
