4 237.08 987.96 333.98 1049.45 0.933074
4 235.85 987.55 333.74 1049.60 0.924182
4 921.45 842.30 1045.21 897.92 0.883984
4 436.33 952.98 519.41 1049.35 0.881790
4 435.28 953.20 519.11 1049.49 0.881232
4 1013.68 873.61 1150.84 924.51 0.880533
4 506.99 820.61 564.21 895.25 0.876703
4 506.90 820.38 563.87 895.37 0.861705
4 627.72 795.10 675.84 851.62 0.856688
4 1013.80 873.40 1149.45 924.95 0.843874
4 921.34 842.61 1045.71 897.48 0.841206
4 628.00 795.42 675.65 851.78 0.826175
4 719.81 768.65 817.18 812.18 0.817919
4 988.05 740.62 1074.85 771.26 0.805433
4 949.00 767.69 1052.19 806.00 0.791017
4 1349.66 768.35 1399.61 788.81 0.788620
4 1053.31 792.61 1127.27 847.03 0.779464
4 1184.24 738.47 1238.27 775.60 0.760734
4 794.85 755.01 878.86 788.75 0.759055
4 1102.95 787.04 1174.56 845.49 0.757576
4 631.45 693.62 659.13 723.33 0.755033
4 720.75 768.08 816.84 812.58 0.747810
4 861.92 810.20 929.37 861.00 0.747526
4 805.33 814.08 856.37 864.58 0.744974
4 631.13 693.28 658.97 722.84 0.744696
4 979.73 798.63 1051.10 844.13 0.741116
4 1349.46 769.27 1399.80 789.21 0.740796
4 988.31 742.07 1074.99 771.27 0.736625
4 1103.18 787.58 1174.93 846.05 0.732527
4 628.29 652.39 647.03 670.69 0.724497
4 805.78 814.33 856.44 863.72 0.721869
4 1051.90 792.18 1127.47 847.66 0.718307
4 949.15 768.01 1052.70 806.41 0.713208
4 628.23 652.27 646.58 670.92 0.712747
4 795.22 754.42 878.44 789.04 0.709175
4 918.71 801.23 981.08 849.79 0.700527
4 979.66 798.65 1051.16 844.79 0.682786
4 720.49 707.81 751.21 737.61 0.659404
4 719.80 707.87 751.47 737.86 0.655804
4 1015.20 873.54 1095.59 895.60 0.654031
4 1184.84 738.33 1239.26 775.96 0.650184
4 861.72 810.59 895.88 859.46 0.640085
4 720.46 675.06 745.08 697.75 0.630736
4 1259.26 780.38 1303.26 793.83 0.625409
4 1260.85 781.29 1301.90 794.80 0.618149
6 768.68 659.72 832.84 696.82 0.615255
4 946.21 699.62 990.30 728.20 0.600254
4 1335.38 742.38 1371.80 765.73 0.599587
4 1334.39 741.10 1371.77 767.54 0.588150
4 789.01 730.47 871.87 766.06 0.586391
4 917.68 800.79 982.15 850.68 0.580920
4 1280.97 728.87 1314.76 750.57 0.576315
4 1279.42 729.42 1313.72 750.94 0.575602
3 71.04 751.86 121.22 783.01 0.570257
6 774.76 660.42 831.81 697.50 0.562941
4 597.09 599.28 610.34 611.40 0.556254
6 36.32 604.43 91.61 629.93 0.550996
4 720.32 675.10 745.02 697.74 0.549157
4 596.42 598.76 609.37 611.10 0.547442
4 616.38 595.42 628.63 605.06 0.541325
6 37.02 601.78 104.69 629.46 0.533709
4 616.11 594.78 628.52 605.11 0.525180
4 671.99 610.58 709.70 629.30 0.516618
1 936.89 934.81 956.02 989.04 0.503593
3 903.39 937.75 966.86 990.01 0.492905
4 672.04 610.35 709.75 629.39 0.481169
4 619.54 570.38 631.29 578.57 0.469399
4 864.90 636.33 916.74 659.05 0.458461
4 753.61 685.77 811.18 719.56 0.450601
4 830.21 671.91 860.61 694.30 0.446894
3 1093.44 719.36 1140.67 749.54 0.438595
4 719.35 631.89 741.19 651.85 0.437786
1 936.39 933.60 955.32 989.48 0.427293
4 948.96 700.30 990.31 728.21 0.421610
3 72.16 755.08 99.78 782.75 0.418562
4 719.51 632.16 741.22 651.69 0.417399
4 829.86 672.15 860.15 694.69 0.392448
10 112.13 582.90 342.44 719.31 0.388338
4 941.96 668.70 986.48 692.32 0.377483
4 789.60 725.95 872.88 765.02 0.371069
4 820.35 652.30 840.39 670.05 0.369061
1 1075.74 721.82 1092.86 750.95 0.368411
4 619.18 570.08 629.58 577.78 0.358853
4 943.40 668.15 1000.40 692.28 0.352326
4 819.06 651.33 839.76 670.11 0.352325
1 1076.10 751.37 1089.54 785.68 0.347161
4 658.01 595.83 669.23 608.14 0.341190
6 1168.92 789.49 1399.59 1049.41 0.334023
4 967.70 683.70 999.40 701.30 0.325562
3 1092.89 720.69 1141.23 749.23 0.315763
4 785.67 623.57 803.76 640.62 0.313399
1 1075.46 751.19 1089.62 786.05 0.307170
10 103.45 595.19 275.26 719.28 0.304213
6 705.87 577.64 731.74 592.67 0.296508
4 866.30 637.07 895.75 657.71 0.289764
4 933.37 618.06 968.94 633.59 0.282058
1 77.80 736.59 96.67 770.95 0.272786
4 192.09 595.95 207.24 607.78 0.270661
4 658.01 596.22 669.78 607.87 0.259711
4 269.60 595.95 282.85 606.67 0.253445
4 968.23 684.29 1000.33 703.39 0.239792
4 633.34 693.76 656.65 707.42 0.232175
1 169.49 720.36 186.65 741.16 0.223198
1 614.74 623.08 626.79 643.72 0.213876
1 222.62 696.75 236.50 717.11 0.205768
1 974.89 709.98 988.97 744.35 0.199976
4 239.61 585.54 254.00 596.65 0.191989
1 1102.33 730.78 1116.87 762.95 0.191765
1 1102.18 730.84 1117.04 762.53 0.189105
2 222.09 696.94 235.34 717.38 0.187012
2 614.73 624.20 626.80 643.71 0.186668
4 785.23 624.32 804.79 641.37 0.183407
1 1076.01 720.09 1092.74 750.67 0.182151
6 208.07 589.13 231.96 603.48 0.178412
3 297.45 656.25 322.79 679.05 0.176379
4 504.15 954.38 518.97 1037.99 0.167738
4 684.65 594.19 700.03 606.11 0.147693
1 77.34 737.32 95.40 770.07 0.138879
4 1170.02 884.95 1187.53 918.34 0.136702
1 975.98 718.05 987.21 744.69 0.131629
4 656.29 562.13 663.29 570.30 0.129481
4 867.23 639.76 880.76 653.17 0.129044
2 860.37 647.98 870.56 664.02 0.115691
1 759.74 693.65 771.50 723.62 0.111695
1 842.11 614.30 849.55 628.32 0.104727
2 941.50 701.62 951.68 727.64 0.095588
