4 732.44 591.92 897.09 680.24 0.954468
4 789.25 546.92 924.79 620.08 0.950922
4 847.02 481.23 985.53 546.05 0.945012
4 847.23 480.77 985.39 545.97 0.937865
4 789.49 546.87 924.48 620.11 0.937071
4 732.45 591.77 897.14 679.79 0.935000
4 320.47 336.20 413.90 387.61 0.922815
4 320.72 336.33 414.28 387.66 0.904390
4 650.27 643.60 781.83 731.03 0.891679
4 649.88 643.68 781.55 729.27 0.884926
4 960.50 344.19 1065.63 394.13 0.856172
6 441.80 682.04 769.33 764.45 0.854781
4 976.13 327.40 1073.90 367.30 0.836452
4 960.59 344.93 1066.13 393.91 0.834737
4 976.06 326.61 1073.56 368.70 0.829068
4 902.11 394.87 1016.01 457.79 0.821771
4 847.58 482.24 895.81 529.09 0.805447
4 752.01 123.58 805.92 149.92 0.782309
5 946.49 235.81 1168.61 362.37 0.764999
6 464.18 329.26 688.94 576.46 0.733653
6 441.31 681.68 769.19 764.63 0.722858
4 901.74 394.69 1016.27 456.90 0.719557
4 797.22 98.52 850.98 125.38 0.717666
4 752.04 123.14 806.05 150.37 0.717345
5 353.52 514.07 473.92 651.75 0.704921
6 946.10 254.77 1161.67 361.56 0.692975
4 797.04 98.30 851.06 125.40 0.681763
4 483.57 258.60 582.05 311.08 0.655949
4 1194.56 68.17 1255.32 86.48 0.647751
4 973.29 27.96 996.70 44.18 0.643410
6 353.23 328.74 689.40 651.51 0.642673
4 784.54 112.56 837.65 138.16 0.584156
5 1066.75 195.55 1218.04 261.77 0.581014
5 353.82 514.18 474.71 651.32 0.573840
6 1034.14 159.77 1248.96 261.07 0.573808
4 784.63 112.07 837.36 138.00 0.552108
6 1147.57 128.98 1306.24 217.78 0.537375
6 1024.15 234.75 1168.59 286.89 0.537075
4 183.65 379.37 269.38 440.67 0.521393
6 1228.79 94.76 1349.88 152.00 0.511604
6 1202.26 73.29 1349.13 151.32 0.508723
4 973.53 27.86 996.15 43.83 0.507892
6 0.34 397.94 235.53 648.69 0.506576
7 869.95 415.83 990.36 494.10 0.490688
4 483.23 259.58 582.31 311.51 0.483096
4 1194.90 67.57 1253.61 86.64 0.476063
5 1024.60 235.26 1168.43 286.32 0.453074
6 642.03 144.66 797.00 215.10 0.452742
6 1167.39 38.87 1282.74 78.96 0.419059
4 0.15 69.07 35.40 91.14 0.416073
7 873.76 415.19 989.89 496.17 0.410777
3 575.25 246.42 633.51 279.37 0.395215
6 1200.58 73.41 1328.02 122.97 0.394774
6 1147.94 128.70 1306.86 218.00 0.391262
4 618.55 0.26 658.64 10.87 0.388667
6 0.21 393.47 235.93 649.12 0.381904
4 1024.01 235.61 1066.34 262.94 0.376202
4 183.71 379.68 268.75 441.03 0.365171
6 74.66 277.11 228.58 367.83 0.352472
6 1168.76 40.38 1282.89 79.73 0.350780
6 365.92 172.20 495.62 249.16 0.333319
3 282.04 236.62 316.94 263.69 0.328305
3 29.38 79.32 82.92 120.36 0.317205
6 329.99 221.73 488.64 365.86 0.312781
4 83.36 70.95 114.20 84.70 0.299257
4 621.63 0.29 657.70 10.55 0.297636
4 163.96 324.68 211.34 364.33 0.289199
4 460.58 556.39 498.36 595.77 0.287894
4 0.16 71.10 33.28 92.46 0.276652
5 719.62 119.45 753.92 150.81 0.245686
4 84.91 70.91 116.08 80.50 0.234276
4 464.08 306.32 489.43 347.39 0.233462
5 1034.36 187.70 1077.18 235.19 0.215406
6 327.69 220.98 489.34 365.30 0.214666
6 693.11 147.29 798.18 215.45 0.211185
4 1024.73 236.03 1067.15 263.23 0.193407
6 0.19 326.51 144.04 461.67 0.193270
4 164.53 325.82 211.12 363.17 0.191528
2 530.15 227.48 549.66 250.35 0.190863
5 719.25 119.13 755.45 149.87 0.185704
5 1264.45 110.09 1301.96 153.63 0.174659
5 1264.97 110.04 1302.30 152.55 0.169883
4 1151.89 45.58 1171.95 68.34 0.169063
3 280.21 234.32 316.56 262.55 0.139988
6 1134.93 0.90 1211.01 44.75 0.135532
10 556.23 170.91 737.87 278.90 0.132874
5 1033.32 188.25 1076.08 237.84 0.127327
5 1080.34 7.12 1101.79 28.07 0.121209
4 1080.63 7.35 1101.71 27.81 0.109014
4 1153.04 43.80 1173.89 66.59 0.090871
1 46.78 67.85 61.04 110.08 0.060315
