4 449.34 375.75 530.26 444.24 0.868805
4 448.90 375.18 529.47 444.65 0.842119
4 663.57 441.63 741.19 534.96 0.836950
1 1302.67 712.26 1359.62 799.81 0.832471
4 923.78 304.11 989.85 344.09 0.777234
1 1302.35 712.30 1359.21 799.55 0.767548
4 663.25 442.10 741.74 534.76 0.731505
4 614.78 244.59 649.32 276.01 0.730335
4 924.50 303.67 990.69 344.78 0.718677
4 554.17 216.01 582.92 244.60 0.715224
4 615.16 243.63 648.52 274.97 0.653301
4 691.62 549.74 805.54 715.52 0.582186
1 436.53 1014.14 483.57 1049.09 0.566728
4 459.07 197.70 508.74 227.08 0.553684
4 691.77 549.60 804.57 716.03 0.531258
1 1371.65 600.08 1399.61 667.71 0.523186
4 553.51 216.97 583.18 245.77 0.518960
4 563.27 630.50 668.33 823.39 0.499086
1 435.33 1014.33 484.30 1049.33 0.477440
1 1372.14 599.74 1399.70 671.20 0.433959
4 1116.73 365.76 1215.60 419.13 0.410954
4 563.16 629.80 669.33 823.93 0.410350
4 460.22 197.54 510.80 234.16 0.393238
4 835.25 248.37 879.26 277.18 0.381708
4 1116.61 369.29 1173.27 411.59 0.356622
4 835.81 247.66 880.58 278.37 0.356432
1 1286.27 798.95 1339.11 901.71 0.320695
4 1246.95 333.42 1295.34 369.40 0.295083
4 817.61 235.63 856.41 264.53 0.283994
4 634.40 303.47 669.23 341.90 0.268924
2 578.25 694.26 647.23 737.67 0.242227
4 1218.46 211.76 1273.24 238.93 0.233925
4 818.44 235.32 855.60 266.10 0.219637
4 783.31 207.42 804.91 234.68 0.193222
4 785.73 207.02 804.67 236.13 0.192434
6 0.30 300.38 145.75 537.09 0.131707
4 875.44 114.37 905.20 135.65 0.131135
9 522.21 128.44 577.97 192.75 0.125710
4 504.11 375.92 534.66 439.89 0.112683
4 595.05 97.49 606.06 110.64 0.091635
2 173.47 294.69 194.97 337.14 0.065809
9 579.02 84.09 604.86 110.58 0.065449
10 1250.23 614.36 1275.23 652.21 0.060356
9 580.04 83.48 601.37 109.63 0.059102
10 1321.46 669.11 1349.04 716.50 0.056152
10 1343.52 543.48 1362.52 570.79 0.043313
