4 604.04 705.66 802.91 764.57 0.981909
4 603.28 705.53 779.60 764.37 0.966721
6 571.23 404.93 852.17 548.93 0.912973
6 486.31 307.92 758.99 438.43 0.909175
6 1066.28 276.42 1359.24 386.44 0.905237
6 485.54 308.08 760.22 438.54 0.898479
6 571.07 409.45 852.95 548.45 0.896258
4 999.59 117.02 1055.27 149.45 0.856907
6 1066.31 276.34 1359.53 387.12 0.854430
6 526.99 518.34 793.61 670.88 0.850761
4 520.75 269.08 625.39 317.21 0.845390
4 521.30 268.51 625.64 317.33 0.845020
4 533.43 308.85 632.62 328.71 0.832415
6 527.97 518.68 793.55 669.98 0.828439
4 505.19 245.91 608.07 291.78 0.819579
4 505.23 245.23 607.52 292.30 0.814312
6 382.88 125.18 591.35 231.14 0.814070
6 382.38 125.46 591.10 230.58 0.811634
4 999.02 117.57 1056.01 149.18 0.799067
4 449.76 206.63 537.34 252.78 0.795598
4 532.24 309.22 633.08 328.05 0.793475
4 449.57 207.26 537.24 252.68 0.789948
6 1016.85 145.91 1330.78 286.76 0.785655
6 1222.40 396.17 1359.44 524.01 0.778213
4 473.29 220.54 570.08 271.61 0.770001
6 1038.62 73.24 1255.86 148.22 0.752663
4 0.03 155.88 25.76 183.29 0.744150
6 1180.77 0.34 1359.49 79.00 0.743865
4 473.58 221.27 570.12 271.99 0.731805
6 1222.25 395.93 1359.83 524.27 0.731256
6 1016.38 146.71 1330.46 286.47 0.721941
6 1180.02 0.16 1359.82 81.41 0.713113
6 1037.68 73.30 1295.64 159.97 0.700110
3 1185.40 465.82 1218.77 515.54 0.681361
4 0.00 155.48 25.27 183.36 0.640228
4 111.04 65.52 143.65 96.85 0.636949
3 1185.55 465.43 1218.34 515.25 0.596206
4 359.56 139.82 426.78 188.02 0.583903
6 666.63 0.04 799.09 72.21 0.580365
6 803.74 0.20 889.58 56.56 0.569901
4 1116.81 70.31 1185.34 94.84 0.558717
6 803.13 0.11 890.05 56.88 0.542543
4 110.35 65.23 143.70 96.70 0.501765
6 950.50 148.55 1047.89 225.19 0.495538
6 666.50 0.09 799.18 72.31 0.490984
6 533.73 0.00 681.22 87.33 0.462451
6 533.87 0.12 680.73 85.01 0.434076
4 209.52 34.66 256.75 73.65 0.387372
4 359.79 140.11 426.20 187.67 0.378390
6 208.96 34.87 256.20 74.89 0.368527
6 312.72 22.02 444.65 133.78 0.366348
6 312.36 21.19 445.23 134.39 0.341684
6 1066.59 242.40 1213.57 311.49 0.314588
6 961.41 149.66 1025.67 224.94 0.309174
6 926.67 107.32 1002.41 169.40 0.254242
5 493.09 49.01 544.46 108.50 0.244624
5 449.74 59.24 501.38 119.57 0.214899
4 24.22 102.92 45.60 114.33 0.201504
5 592.03 34.76 638.25 92.41 0.183485
5 448.71 58.90 501.43 119.47 0.183443
4 1152.07 50.22 1186.49 68.05 0.182358
4 1138.09 54.09 1186.82 87.68 0.179148
5 491.76 44.47 544.66 108.76 0.167100
6 464.16 2.23 544.93 110.53 0.132292
5 593.44 34.07 637.65 92.27 0.126287
6 373.15 11.70 472.86 93.10 0.116269
5 698.25 518.55 793.61 662.92 0.112922
2 1101.87 319.01 1113.47 336.76 0.087460
9 382.82 68.25 444.84 134.27 0.080692
10 1185.94 466.69 1206.93 497.05 0.064915
