4 421.37 362.08 487.43 436.10 0.862023
5 149.75 321.23 261.32 389.40 0.849233
5 150.45 325.48 261.71 389.38 0.838772
4 519.35 320.87 566.44 384.38 0.809702
4 625.63 147.40 668.62 176.41 0.807965
4 579.34 232.66 620.88 281.90 0.805594
4 421.08 361.72 486.66 436.12 0.787028
4 676.91 492.08 756.39 610.53 0.773407
4 676.77 491.85 756.26 610.28 0.770541
4 532.67 206.04 571.40 247.69 0.768941
4 63.07 454.89 173.49 562.70 0.760645
4 519.68 320.83 566.89 384.43 0.754051
4 63.25 454.81 173.78 563.16 0.731771
4 625.36 147.30 668.41 176.35 0.718856
4 579.01 232.62 621.18 281.77 0.718435
4 246.92 297.74 311.88 345.75 0.714338
4 246.68 297.77 311.87 345.36 0.701681
4 260.38 237.83 335.72 281.18 0.678915
3 3.42 445.74 67.54 471.99 0.652820
3 290.67 667.94 331.13 718.92 0.602645
4 532.97 205.89 570.82 247.95 0.599531
4 686.37 55.83 702.89 71.89 0.586265
4 259.92 238.20 336.43 281.22 0.567023
3 126.26 404.66 159.40 433.66 0.535175
4 464.04 362.93 486.73 433.65 0.528566
3 126.11 406.86 159.45 433.34 0.499587
4 686.47 56.33 703.17 72.72 0.470797
4 446.98 68.73 467.12 86.91 0.424675
1 355.50 435.45 375.27 484.46 0.422253
3 712.08 178.02 722.63 193.54 0.402568
1 355.39 435.39 375.34 484.46 0.398328
3 290.91 649.00 332.61 719.59 0.396545
9 839.32 0.06 895.76 44.14 0.395489
4 446.15 68.77 467.58 87.78 0.392384
4 759.79 48.05 778.38 63.63 0.389997
4 762.03 47.16 778.94 63.37 0.369056
4 614.21 24.93 625.44 39.12 0.349740
3 745.91 182.23 757.24 201.48 0.345384
1 921.99 279.25 936.56 312.27 0.331677
4 918.04 60.94 941.76 78.77 0.316248
4 680.16 25.88 694.19 39.96 0.313888
4 879.69 31.50 898.32 46.05 0.309850
4 644.88 0.00 656.95 6.08 0.295272
4 0.04 599.47 52.80 706.71 0.294645
4 879.12 32.19 898.19 45.82 0.290034
4 729.55 8.40 744.23 20.18 0.288998
4 679.56 26.05 694.19 39.93 0.287807
4 540.42 38.02 557.99 46.13 0.286511
4 917.99 60.83 941.38 78.80 0.274008
1 711.65 166.02 722.74 192.53 0.267754
4 541.14 38.14 558.63 46.38 0.264699
4 907.14 47.47 929.13 63.42 0.263503
4 729.63 7.29 745.64 19.49 0.258869
4 613.47 24.45 625.47 39.11 0.256986
1 51.49 316.80 69.52 357.18 0.253834
4 653.63 25.91 668.17 36.96 0.251656
4 653.62 25.88 668.35 37.11 0.245728
4 667.77 10.63 681.31 21.94 0.240107
4 618.71 3.08 632.35 16.22 0.239501
4 667.90 10.29 681.45 22.04 0.226617
1 52.27 314.37 69.68 357.54 0.219188
7 2.01 414.64 66.95 471.78 0.216758
4 644.87 0.00 657.59 6.06 0.215443
2 745.45 177.40 757.71 202.43 0.212793
4 0.13 599.72 52.22 708.50 0.201562
4 876.03 145.40 895.88 199.25 0.200063
4 646.41 13.78 658.25 26.97 0.195400
4 663.50 0.31 676.14 9.76 0.193644
4 646.78 13.38 658.72 26.78 0.192094
5 907.52 29.95 925.24 44.83 0.191631
4 929.33 47.91 949.01 64.08 0.191035
4 618.92 2.29 632.57 16.02 0.190608
4 22.48 308.41 63.89 348.86 0.180784
4 389.24 39.92 402.88 55.83 0.180258
4 864.57 30.33 878.64 41.93 0.179878
4 663.81 0.40 675.39 9.65 0.166794
2 921.70 278.83 936.65 310.69 0.166180
4 907.49 46.84 929.95 63.87 0.161928
1 745.88 129.82 755.96 152.06 0.161616
2 745.37 130.09 756.65 152.88 0.160136
6 922.88 30.79 951.12 45.39 0.155898
6 907.55 30.80 924.23 44.35 0.138784
1 81.16 346.54 91.12 373.05 0.135020
2 0.36 316.79 16.31 357.33 0.129784
2 576.14 68.40 585.37 88.40 0.129326
2 576.22 68.94 584.97 87.91 0.123648
4 930.52 47.33 948.60 63.69 0.116969
2 572.28 53.17 581.54 66.71 0.114527
4 498.35 30.71 512.69 45.93 0.113843
4 721.49 0.00 735.20 8.08 0.113247
2 827.90 96.18 837.47 115.82 0.111301
2 502.05 41.11 511.84 59.63 0.108970
4 865.77 30.97 879.96 42.48 0.107988
2 0.18 313.70 16.24 357.03 0.103423
3 928.03 299.60 936.06 313.35 0.102088
7 24.15 323.81 50.70 349.52 0.098577
7 900.29 290.34 916.53 304.27 0.094017
2 597.77 0.01 605.50 9.97 0.089280
2 828.47 95.67 837.40 116.01 0.086254
2 818.03 84.46 826.52 99.92 0.083042
