6 1.29 567.02 440.15 764.30 0.793721
6 947.15 145.19 1135.51 207.37 0.793035
6 0.58 567.34 440.51 764.45 0.772077
6 844.86 161.89 1005.79 221.81 0.769774
6 845.40 161.68 1004.64 221.88 0.745823
6 948.04 143.31 1135.01 206.95 0.722831
6 283.65 280.63 621.02 424.52 0.672449
6 730.56 201.55 899.31 275.57 0.651518
6 470.63 236.43 705.47 328.77 0.645643
4 1262.15 100.23 1290.04 113.36 0.640735
4 1262.30 99.93 1289.46 113.28 0.631736
6 776.96 431.07 1231.51 764.38 0.626110
6 677.53 201.41 899.57 276.91 0.612201
6 606.80 202.30 799.45 292.82 0.589055
6 1265.93 117.94 1359.70 153.46 0.572044
6 1265.70 118.04 1359.69 152.68 0.554877
6 469.63 236.85 706.01 327.32 0.547422
6 413.62 284.27 620.47 392.27 0.545497
6 1259.89 151.50 1359.62 199.57 0.544448
6 1258.72 152.54 1359.79 199.64 0.505731
4 1331.70 149.06 1359.81 165.02 0.474614
6 606.90 204.69 798.66 291.78 0.469218
6 282.91 327.82 427.06 424.88 0.452790
6 777.43 430.93 1231.69 764.50 0.451421
4 783.75 270.03 820.30 295.50 0.409823
6 283.50 326.72 427.27 424.90 0.408235
4 1229.17 102.56 1256.12 118.11 0.396993
6 1068.86 664.16 1174.98 764.37 0.357370
6 1048.92 158.06 1135.09 206.89 0.350175
6 14.98 345.16 224.62 481.58 0.346584
6 464.13 294.06 620.26 413.75 0.340065
5 1067.19 664.12 1175.41 764.73 0.338444
4 1267.84 143.03 1301.54 155.27 0.328080
5 819.66 244.14 863.84 297.23 0.318386
5 781.14 270.39 821.27 296.73 0.302692
5 1285.97 85.03 1325.59 107.23 0.300751
4 1246.45 144.20 1271.17 160.16 0.281820
4 1330.75 149.63 1359.85 165.48 0.280595
6 1130.74 629.56 1231.15 760.56 0.273260
4 775.34 155.49 799.07 163.64 0.251519
6 844.85 160.35 895.64 216.53 0.245701
5 818.98 244.36 863.43 296.85 0.240614
4 1246.39 144.23 1271.55 160.16 0.236030
5 1129.15 629.88 1231.50 759.56 0.226553
6 294.86 291.58 349.32 335.32 0.211710
4 1322.90 18.65 1340.19 26.40 0.210929
4 867.00 182.57 895.72 216.32 0.191681
5 1285.87 85.15 1323.89 106.02 0.182943
4 1322.95 18.38 1340.58 26.78 0.180525
4 1201.91 108.48 1222.33 123.57 0.177417
7 1301.64 298.32 1359.39 358.27 0.175794
7 1301.91 297.86 1359.30 358.65 0.168877
5 295.52 292.27 347.55 335.35 0.156583
5 1338.22 186.17 1359.82 217.14 0.128770
5 845.10 178.79 874.45 210.65 0.128661
5 1337.22 186.62 1359.89 217.34 0.127909
7 776.71 434.79 895.64 718.40 0.074411
6 1350.58 104.30 1359.85 122.72 0.040305
