4 509.75 236.12 577.61 280.39 0.885941
4 208.91 411.44 309.68 479.69 0.755136
4 603.32 220.34 668.27 267.37 0.754716
4 610.62 386.03 688.28 455.73 0.753109
4 603.23 221.63 668.58 266.83 0.744084
4 509.99 235.86 577.92 280.15 0.736425
4 611.14 385.92 688.60 455.38 0.699976
4 208.27 411.51 309.50 480.04 0.670456
6 1138.69 363.02 1275.70 545.74 0.502918
2 836.37 668.60 947.30 743.59 0.471304
4 546.48 236.03 577.87 260.22 0.434398
6 659.21 539.93 895.31 717.81 0.383235
6 1137.26 364.39 1275.02 546.11 0.373143
4 1008.08 53.52 1029.11 69.17 0.358782
6 870.20 202.14 1263.66 656.59 0.329140
3 835.68 405.02 911.00 501.25 0.327871
9 872.76 416.97 1125.80 653.53 0.309878
4 1008.57 53.47 1029.60 69.77 0.298372
3 835.62 405.11 910.17 502.18 0.293223
6 659.80 543.49 769.16 638.00 0.288007
9 622.09 120.83 838.61 238.71 0.212084
1 658.39 475.27 678.27 503.69 0.183472
4 149.32 62.69 195.13 97.94 0.172832
4 872.02 11.38 886.16 20.56 0.146892
4 545.54 236.35 577.17 261.12 0.137391
3 835.69 461.40 868.45 501.78 0.136499
