6 1071.48 444.51 1359.91 540.88 0.949526
6 707.65 442.92 1157.55 573.03 0.942401
6 707.32 442.64 1158.34 573.19 0.940685
6 1072.13 444.66 1359.64 541.70 0.937287
4 728.06 335.77 792.65 362.01 0.915430
4 728.13 335.03 792.54 362.12 0.912489
6 567.55 265.41 789.89 336.72 0.886503
6 567.76 266.36 790.06 336.81 0.881342
4 617.18 387.54 691.08 418.51 0.869905
4 617.23 388.75 691.19 418.50 0.857731
6 1109.51 631.37 1359.64 764.49 0.824934
6 1109.54 631.00 1359.40 764.36 0.798690
4 757.87 384.92 836.05 422.03 0.787831
4 757.96 384.84 836.72 422.25 0.787444
4 615.64 355.11 686.50 394.47 0.785624
6 618.78 216.29 779.84 261.98 0.775790
4 587.13 371.12 643.17 404.07 0.717669
4 485.44 215.56 520.28 236.32 0.706691
4 586.40 370.56 647.21 404.07 0.702938
4 615.81 354.88 687.47 394.93 0.689086
6 618.71 193.99 779.44 261.35 0.688664
5 505.94 187.32 553.21 214.06 0.670807
4 485.55 215.03 520.53 236.22 0.623214
4 677.27 256.25 719.68 269.85 0.557561
4 694.71 185.94 721.28 198.56 0.551699
4 731.90 184.70 762.77 199.72 0.545605
4 730.93 184.34 763.24 199.35 0.542502
4 676.74 255.99 718.98 268.84 0.525849
6 509.37 152.50 574.89 190.21 0.472260
6 638.45 192.80 740.02 227.48 0.466193
6 505.26 186.98 552.82 212.85 0.459998
6 676.90 256.27 803.74 314.27 0.445771
4 695.02 186.91 721.52 199.21 0.431047
9 1052.21 108.67 1233.84 143.39 0.421777
1 857.27 394.37 871.58 427.18 0.418205
9 1052.27 108.65 1225.94 144.21 0.418025
1 857.81 395.07 870.37 427.63 0.360787
6 508.48 152.29 575.60 190.33 0.342543
1 841.68 336.76 852.37 363.75 0.325245
4 816.84 295.46 831.78 311.10 0.322268
4 721.14 262.51 765.14 280.61 0.317203
6 492.70 176.61 533.73 198.20 0.294280
4 357.67 187.26 380.55 209.13 0.277603
6 790.70 179.99 1002.55 432.39 0.263691
6 638.07 193.80 740.27 227.58 0.246987
4 647.02 132.75 668.67 146.05 0.236315
4 648.26 133.28 670.49 146.04 0.205804
4 817.61 295.35 829.95 306.42 0.201550
4 422.22 249.68 449.90 283.28 0.193263
6 494.10 176.48 534.55 199.36 0.189400
4 495.06 207.60 514.58 217.67 0.176792
4 423.34 249.90 450.36 283.34 0.153389
4 357.90 187.42 380.76 209.20 0.139236
6 770.61 263.93 803.67 313.98 0.137581
2 895.94 409.68 917.66 438.32 0.121876
6 770.49 263.77 803.61 314.64 0.107741
2 793.56 220.70 801.54 241.12 0.064965
