4 737.36 371.94 769.65 407.34 0.784490
4 738.79 316.78 768.39 345.13 0.771062
4 632.99 269.14 659.30 296.30 0.749907
4 581.97 220.79 607.89 242.60 0.744739
4 442.01 468.87 479.35 492.12 0.728347
4 504.65 136.06 531.10 158.28 0.725163
4 784.39 125.14 809.96 135.46 0.716592
4 596.76 200.22 623.92 225.53 0.682533
4 794.03 569.19 828.28 635.23 0.677773
4 737.13 372.05 769.93 407.65 0.662014
4 738.12 316.38 768.76 344.92 0.651905
4 784.12 124.93 809.44 135.56 0.634568
4 701.49 584.77 736.03 640.61 0.629211
4 633.25 268.05 659.77 295.90 0.627860
4 79.46 633.69 120.05 650.34 0.626985
4 701.10 584.83 736.11 640.81 0.626001
4 582.22 220.50 608.20 242.80 0.624323
4 793.45 569.17 827.50 635.54 0.621731
4 504.09 135.79 530.83 158.14 0.599778
4 597.49 199.82 624.36 225.31 0.577722
4 267.43 153.15 290.75 170.90 0.564079
4 441.16 468.56 479.81 492.75 0.561238
4 300.17 162.16 322.55 178.23 0.548647
4 79.09 634.18 121.09 650.84 0.541370
4 267.34 153.32 291.24 171.14 0.537016
4 299.82 161.91 322.67 177.66 0.536230
4 304.59 178.94 327.12 194.46 0.527602
4 304.06 179.26 327.28 194.44 0.516978
6 732.71 23.45 801.70 47.73 0.513595
6 732.40 23.80 800.90 46.61 0.441662
4 596.15 134.35 620.07 158.65 0.338929
4 777.77 56.00 799.67 66.98 0.315936
4 937.51 589.46 958.59 607.31 0.290782
4 779.90 53.96 800.14 66.44 0.286689
4 551.25 121.27 567.97 134.34 0.250174
4 551.08 121.25 567.62 135.31 0.242217
4 596.00 135.07 620.64 159.51 0.240573
4 962.29 656.69 979.08 674.35 0.235562
4 565.48 19.63 582.53 32.32 0.229320
4 852.50 38.87 872.51 49.06 0.228125
4 950.29 620.89 968.86 639.01 0.219684
4 852.49 39.63 872.60 49.43 0.208731
4 363.32 133.01 384.73 156.38 0.189702
4 811.57 38.50 825.95 48.24 0.187656
4 322.46 440.10 341.13 464.16 0.186210
4 859.06 125.68 881.20 135.92 0.164103
4 878.85 43.76 893.68 53.05 0.152236
4 835.76 39.24 847.36 49.59 0.140016
4 811.71 39.65 825.87 48.43 0.139379
4 565.49 19.69 581.92 31.86 0.135678
5 557.78 486.27 576.23 520.77 0.133845
4 935.26 115.49 964.11 135.51 0.130415
4 836.25 41.79 846.64 50.45 0.128329
6 734.72 111.99 760.78 135.05 0.110008
4 853.13 54.29 862.61 63.97 0.097079
4 557.35 484.75 577.22 520.32 0.095689
2 882.50 120.10 892.11 136.51 0.084314
9 578.08 123.98 620.62 159.10 0.059142
9 846.22 33.89 865.10 45.65 0.049717
