5 1167.59 118.40 1350.87 226.00 0.949954
4 805.14 416.39 1020.55 524.55 0.945891
4 804.69 416.38 1021.04 524.69 0.937392
4 649.27 635.06 912.25 764.63 0.929896
4 248.22 373.40 439.38 468.54 0.923513
4 649.29 635.33 912.63 764.22 0.909815
4 0.52 508.76 234.02 650.17 0.908710
4 133.69 439.65 344.03 551.25 0.908510
6 1167.05 118.01 1351.78 226.62 0.905722
4 133.77 439.82 344.10 551.61 0.891891
4 248.27 373.47 440.07 468.93 0.887729
4 0.29 508.56 233.94 650.02 0.851194
4 876.33 327.58 1058.43 418.82 0.850178
4 895.73 298.30 1064.29 361.90 0.830508
4 922.10 267.44 1086.54 329.34 0.826028
4 937.14 231.38 1087.44 288.56 0.797820
4 875.68 325.98 1057.29 418.09 0.794690
4 611.77 178.73 734.14 246.34 0.751855
4 951.30 204.91 1102.70 260.19 0.729052
4 638.04 162.91 754.13 217.38 0.728753
4 612.35 179.18 733.74 246.26 0.717719
4 894.22 298.61 1063.93 363.55 0.711710
4 818.95 51.32 905.52 95.44 0.711375
4 922.97 267.77 1086.75 332.79 0.696852
4 962.54 180.81 1095.10 222.08 0.690228
4 152.19 275.37 308.31 380.54 0.686573
4 728.46 115.94 829.27 164.19 0.682337
4 982.13 141.41 1108.23 181.76 0.681775
4 819.00 50.67 906.38 96.11 0.679435
4 936.95 232.61 1087.42 289.26 0.673490
4 677.01 144.69 784.87 199.33 0.673174
4 704.72 131.18 807.64 181.72 0.664494
4 878.55 15.81 956.28 54.28 0.661444
4 639.91 164.49 753.62 217.19 0.659405
4 951.39 204.98 1102.14 259.69 0.633031
4 961.57 180.34 1095.09 220.49 0.619237
4 879.52 15.99 956.88 53.96 0.614078
4 677.12 144.88 784.78 199.46 0.613371
4 727.99 116.00 828.78 163.93 0.601623
4 1015.33 109.02 1137.28 149.72 0.600113
4 805.68 416.21 895.78 502.06 0.586422
4 153.00 276.13 308.08 379.85 0.580463
4 981.53 140.29 1107.96 182.64 0.578502
4 704.48 132.80 807.21 181.20 0.568124
4 756.16 101.82 841.59 146.77 0.566154
4 756.21 101.64 841.18 147.80 0.543235
4 869.25 42.68 946.11 78.57 0.537682
4 0.21 354.46 129.51 490.19 0.529667
4 273.03 231.96 351.04 277.34 0.519832
4 764.59 82.95 845.87 121.09 0.485639
4 1053.82 62.25 1146.77 98.82 0.485436
4 1068.39 33.43 1150.74 64.14 0.483389
4 1023.47 109.84 1137.89 149.28 0.481409
4 931.08 0.00 972.04 18.79 0.469667
4 930.48 0.00 972.74 19.14 0.449163
4 0.18 354.12 129.22 491.82 0.435321
4 274.31 198.66 379.69 282.76 0.433510
4 867.57 45.83 945.68 79.67 0.428827
4 1155.63 151.64 1177.75 178.62 0.428165
6 1092.87 0.10 1184.40 40.96 0.417447
6 1090.32 0.06 1184.92 39.84 0.399473
4 274.71 238.31 351.01 277.80 0.365441
4 764.69 82.96 845.82 122.49 0.363365
4 590.88 118.38 630.55 153.66 0.332937
4 1050.61 62.44 1146.59 96.10 0.325335
4 591.14 117.94 630.64 153.87 0.324490
4 76.82 336.77 160.84 386.95 0.315973
4 1069.53 33.85 1150.88 59.64 0.307179
4 1154.61 150.66 1177.60 179.38 0.302727
4 177.05 217.23 219.04 244.56 0.300344
4 76.96 336.15 179.45 387.26 0.267287
4 1085.52 0.00 1112.85 9.25 0.264803
4 177.22 217.70 218.74 244.44 0.241723
1 864.74 24.47 937.41 102.38 0.220369
4 721.78 0.00 749.62 21.29 0.203500
4 1084.05 0.00 1113.01 8.18 0.197934
3 1345.68 157.41 1359.97 199.48 0.194193
7 1198.58 1.11 1264.48 63.41 0.193506
5 1294.14 138.89 1351.20 226.93 0.188837
7 1199.03 3.78 1260.90 63.75 0.177647
4 337.86 215.68 378.91 252.29 0.165559
6 1167.28 118.34 1233.58 212.70 0.149417
4 853.67 334.92 895.78 398.51 0.145511
4 465.28 105.10 499.01 171.14 0.142359
4 465.53 104.61 498.87 171.61 0.138541
4 589.65 137.08 607.96 175.45 0.131121
4 716.16 81.65 730.90 105.56 0.118812
4 588.97 137.22 608.00 175.33 0.110424
4 717.82 82.04 730.62 105.55 0.102590
