4 810.89 544.06 851.06 570.81 0.847541
4 262.63 606.53 313.03 625.58 0.801964
4 810.75 544.29 851.12 571.14 0.797764
4 212.22 585.21 258.26 603.83 0.770389
4 262.21 606.76 312.10 625.62 0.766212
4 212.47 584.94 258.47 604.36 0.751222
4 990.08 592.11 1030.91 611.71 0.733791
4 450.05 466.06 494.43 487.54 0.729662
4 989.57 592.58 1030.10 611.41 0.677736
4 414.27 628.71 459.50 648.25 0.676093
4 877.16 572.45 922.10 595.18 0.661865
4 284.87 678.10 329.16 697.62 0.653801
4 306.95 632.02 347.76 650.63 0.651772
4 877.59 572.60 922.02 592.34 0.642986
4 343.38 677.31 385.79 696.41 0.639736
4 476.35 406.07 514.35 424.70 0.639397
4 221.00 679.09 267.80 700.39 0.638941
4 252.44 657.37 294.97 675.35 0.630297
4 125.68 659.29 175.17 680.67 0.623647
4 197.74 656.48 240.98 678.07 0.616248
4 938.38 589.91 975.68 609.67 0.611811
4 403.98 673.44 446.20 691.18 0.609136
4 881.74 590.64 923.97 612.57 0.606199
4 410.56 654.80 452.22 671.63 0.603277
4 413.52 628.47 459.08 648.52 0.599454
4 221.89 679.32 268.34 700.47 0.594317
4 306.72 631.96 348.86 650.71 0.584641
4 938.64 589.23 974.95 609.53 0.582317
4 356.79 654.97 395.10 672.02 0.580287
4 882.71 592.37 923.76 612.22 0.575119
4 1312.20 567.89 1353.87 588.23 0.571411
4 308.56 656.32 345.36 673.53 0.564743
4 284.69 678.08 329.67 697.66 0.563961
4 126.03 659.21 174.75 680.93 0.561693
4 1047.06 570.11 1097.03 590.61 0.560938
4 197.61 657.25 241.55 678.29 0.559583
4 159.98 677.55 206.85 698.27 0.559002
4 476.33 404.84 513.48 424.71 0.554240
4 416.15 452.62 450.54 470.96 0.553379
4 858.56 669.98 895.48 695.52 0.547899
4 160.44 678.52 206.40 698.15 0.543898
4 344.49 677.59 385.78 696.48 0.535604
4 353.79 629.63 395.08 650.69 0.530258
4 1122.34 635.00 1177.78 677.61 0.522357
4 466.60 437.27 496.33 454.66 0.516872
4 1124.63 634.16 1177.15 678.17 0.510205
4 252.69 657.31 295.82 675.49 0.505548
4 450.87 466.19 494.15 486.83 0.502043
4 403.70 673.16 445.56 692.09 0.499273
4 945.69 573.22 983.39 591.98 0.499027
4 513.58 153.97 542.87 165.99 0.481995
4 280.07 456.90 306.82 483.26 0.481699
4 945.99 573.25 984.04 593.30 0.480165
4 1130.48 657.88 1176.92 677.72 0.478227
4 354.41 630.31 394.98 650.81 0.477719
4 409.09 652.77 453.08 671.83 0.476699
4 618.37 433.63 636.85 467.05 0.476674
4 354.15 654.86 395.45 672.85 0.466883
4 492.18 276.67 533.73 307.01 0.465583
4 307.49 655.97 344.20 673.81 0.465105
4 1236.30 633.99 1297.43 655.83 0.464353
4 1088.07 586.68 1131.97 608.61 0.464109
4 783.22 680.93 824.40 719.68 0.450348
9 204.17 419.92 329.45 462.13 0.427271
4 1047.25 569.97 1097.93 589.30 0.413255
4 428.15 721.24 463.30 738.79 0.412356
4 314.23 448.77 337.00 463.89 0.411729
6 0.53 791.59 447.42 1049.06 0.401236
4 1045.06 589.94 1083.19 609.44 0.399074
4 783.70 680.81 824.32 718.83 0.398574
4 416.47 452.97 451.04 470.70 0.390707
4 510.80 133.01 550.36 166.17 0.388614
4 1043.98 591.16 1081.16 609.44 0.378994
4 493.07 275.23 534.05 306.78 0.373126
4 1311.98 567.65 1352.92 587.75 0.367728
4 1124.81 634.02 1166.48 655.16 0.363867
4 280.31 456.75 306.68 482.80 0.359579
4 505.26 189.54 539.88 221.44 0.359453
4 429.62 720.51 462.04 732.19 0.340405
4 637.30 70.62 652.27 94.09 0.336797
4 1044.21 569.77 1131.75 609.47 0.325106
4 1130.87 659.08 1177.48 677.18 0.311401
4 1235.67 632.89 1294.53 655.52 0.309619
4 886.19 614.30 926.94 635.16 0.308586
4 313.94 445.79 336.82 461.57 0.305915
4 1088.08 587.17 1131.84 608.61 0.303528
3 1.93 501.70 68.89 548.03 0.297051
4 467.39 438.51 486.52 453.31 0.290207
4 517.53 133.36 549.58 149.09 0.286760
4 255.90 504.25 277.97 536.07 0.286061
4 706.77 909.09 730.49 960.39 0.281007
4 504.84 243.38 539.67 272.58 0.280500
4 511.15 146.00 541.89 165.64 0.279245
4 876.88 573.72 895.80 596.20 0.277976
4 794.97 271.15 827.28 297.64 0.249318
4 636.88 69.64 652.41 94.59 0.245209
4 585.41 183.14 611.08 201.13 0.237216
9 700.32 418.51 791.87 460.39 0.230901
4 351.65 717.68 389.76 740.58 0.230526
6 788.55 241.50 830.78 298.32 0.223209
4 516.66 99.87 542.31 118.29 0.218991
5 618.90 433.67 636.35 466.76 0.200647
4 702.51 828.06 725.71 876.96 0.197858
4 256.20 504.65 278.38 535.84 0.194432
2 492.79 752.11 504.58 768.65 0.190715
4 643.26 12.45 659.70 36.79 0.184813
4 515.98 99.88 542.55 118.70 0.178635
4 519.23 13.87 549.27 47.25 0.175597
5 640.62 415.01 657.81 447.19 0.174232
6 790.34 241.77 829.96 297.51 0.173915
3 0.39 500.49 67.96 548.88 0.173225
4 793.76 268.31 826.11 297.11 0.172514
4 881.66 594.15 895.85 613.34 0.166650
4 652.15 157.69 669.99 184.00 0.162473
5 757.44 846.49 780.93 898.00 0.152920
5 757.61 846.65 781.31 898.86 0.144857
2 472.74 746.74 488.46 766.89 0.143579
2 376.34 451.42 388.53 465.24 0.141058
4 519.14 81.80 548.45 102.31 0.136849
1 594.09 480.67 602.83 499.07 0.127775
1 336.35 455.50 346.21 470.30 0.122949
4 707.27 909.21 730.28 960.27 0.122765
6 640.68 415.16 657.86 447.25 0.119815
5 702.64 828.92 725.39 876.61 0.110919
4 644.59 12.04 659.93 36.82 0.107262
4 885.65 615.16 895.86 635.81 0.104267
4 620.52 327.73 637.51 358.70 0.101589
4 518.97 11.74 548.20 47.28 0.089679
6 600.30 361.03 618.05 391.26 0.080263
