4 835.62 1032.00 868.76 1049.80 0.749530
4 1222.38 909.78 1291.86 947.78 0.670822
4 792.46 683.38 821.91 704.93 0.604629
4 761.38 855.44 789.82 878.08 0.583984
4 791.36 901.72 817.86 927.86 0.570475
4 836.76 1032.15 867.67 1049.82 0.561155
4 42.73 994.08 67.35 1028.43 0.554942
4 791.81 902.02 816.72 928.25 0.547092
4 709.24 745.05 739.09 766.63 0.526340
4 783.49 869.33 810.36 890.82 0.523327
4 761.29 855.06 790.61 877.14 0.521067
4 745.27 818.25 775.82 841.13 0.510365
4 775.84 642.63 805.93 663.97 0.488555
4 792.29 683.40 821.28 705.09 0.484566
4 740.74 805.27 767.42 829.20 0.480281
4 1221.25 909.17 1292.62 947.41 0.479911
4 798.65 924.70 826.25 954.74 0.476029
4 709.53 744.49 739.15 767.31 0.473201
4 109.15 986.54 132.08 1022.20 0.470479
4 776.68 642.98 806.66 664.28 0.465662
4 693.71 712.66 726.12 734.08 0.465310
5 593.98 622.19 626.69 640.72 0.459819
4 757.84 837.60 787.13 860.83 0.450825
4 907.40 1033.48 934.62 1049.75 0.445160
4 694.03 712.67 725.24 734.10 0.444052
4 715.89 759.09 744.03 783.47 0.443754
4 701.80 731.61 730.58 750.28 0.443692
4 740.12 806.09 767.95 830.18 0.442373
4 555.94 631.40 587.35 653.94 0.431560
4 727.39 781.56 755.36 807.76 0.425160
4 727.88 782.70 755.61 807.28 0.416922
4 746.72 819.11 776.77 841.35 0.416656
5 593.35 621.95 626.57 639.37 0.416560
4 808.08 708.24 832.10 722.92 0.415038
4 715.86 759.72 744.77 783.92 0.412540
4 68.98 986.21 88.27 1015.37 0.406841
4 556.49 632.13 585.48 651.63 0.406520
4 907.18 1032.96 935.16 1049.76 0.389504
4 87.13 982.81 109.65 1018.51 0.384260
4 440.27 927.47 468.56 950.02 0.357178
4 783.36 869.63 809.90 893.06 0.355343
4 161.01 570.87 188.19 586.61 0.349325
4 585.34 786.49 627.26 820.17 0.332685
4 43.01 993.43 66.45 1028.46 0.322957
4 69.70 985.79 87.99 1015.26 0.319071
4 108.82 987.03 132.14 1021.30 0.307694
4 809.11 709.75 829.56 722.00 0.307321
4 87.36 984.22 109.03 1017.20 0.304073
4 75.28 684.65 98.72 698.74 0.300602
4 210.96 622.69 225.68 635.24 0.293119
5 610.35 634.59 657.96 655.36 0.290515
4 174.95 607.69 192.11 620.77 0.288043
6 777.67 702.84 842.25 750.60 0.276011
4 845.88 1002.33 863.50 1019.51 0.246675
4 208.49 620.41 226.10 635.32 0.242522
2 247.10 823.17 301.84 889.76 0.242428
4 39.40 651.95 68.61 668.93 0.242226
4 185.08 622.66 202.55 639.46 0.226491
4 683.32 684.69 711.05 704.02 0.211265
4 238.76 886.97 256.03 904.92 0.190937
2 539.80 545.71 595.14 617.03 0.188292
2 341.03 879.16 362.87 895.58 0.184947
2 485.15 1017.82 506.34 1044.89 0.176469
4 573.13 653.38 591.56 667.16 0.166935
4 190.50 254.87 214.30 269.58 0.163596
6 185.96 88.38 293.35 211.22 0.159339
4 641.73 454.46 658.57 468.07 0.152307
4 583.90 369.92 597.85 383.04 0.117858
2 547.67 597.00 561.40 621.21 0.114452
6 504.07 154.40 627.87 327.82 0.105211
6 186.22 94.22 294.22 210.55 0.103397
