6 398.44 676.20 573.19 764.45 0.937327
6 398.47 675.89 573.15 764.61 0.928565
4 230.30 741.61 321.22 764.46 0.741719
4 190.06 614.55 288.34 652.12 0.730281
4 229.98 712.57 344.19 761.44 0.722450
4 422.33 530.79 472.40 552.72 0.713309
4 230.61 712.85 343.49 762.95 0.687911
4 302.82 687.24 396.96 734.53 0.684314
1 350.38 701.82 367.17 749.88 0.675829
4 254.56 605.73 323.77 641.68 0.655205
4 302.95 683.98 396.90 735.43 0.653974
4 6.12 676.04 74.87 712.08 0.651846
7 581.94 554.58 648.94 609.50 0.621813
4 188.22 612.86 289.32 652.47 0.619813
4 230.51 741.51 321.48 764.69 0.613560
4 6.62 676.15 75.87 707.81 0.595763
7 581.00 554.46 650.22 609.91 0.595484
4 422.78 530.35 472.28 552.69 0.591367
4 256.64 605.61 323.89 641.92 0.580674
4 348.77 654.72 429.00 681.00 0.570567
4 0.19 698.39 64.40 747.46 0.563872
4 343.55 671.53 416.99 712.42 0.556072
4 242.88 588.04 319.27 615.99 0.549765
4 293.42 586.34 333.62 613.26 0.542685
4 176.61 634.04 219.06 673.99 0.539367
5 334.42 542.29 384.16 585.33 0.537985
4 0.04 719.48 44.08 764.26 0.522812
4 469.46 521.81 509.42 545.82 0.504689
5 334.59 541.83 384.83 585.48 0.483406
4 176.50 632.95 219.63 674.03 0.474383
6 535.62 524.60 601.60 561.99 0.446273
4 0.14 697.64 64.47 749.45 0.442045
4 0.10 720.85 47.14 764.44 0.437048
6 620.95 531.19 682.69 560.80 0.436578
6 686.02 467.76 730.59 495.88 0.434543
4 1277.48 416.24 1310.39 424.12 0.433785
4 270.67 585.38 334.37 613.95 0.411659
4 469.87 521.58 509.99 545.42 0.389485
6 564.27 480.18 602.77 501.10 0.366452
4 335.92 671.80 423.02 711.80 0.351006
6 510.61 552.41 561.55 592.28 0.341140
4 348.87 653.28 428.73 681.16 0.327059
9 599.58 447.13 726.22 490.24 0.318934
4 390.97 632.62 455.32 668.48 0.315669
4 1173.57 413.86 1204.51 423.07 0.302196
5 564.06 479.31 602.40 500.81 0.301309
6 688.04 467.70 730.86 496.36 0.299077
4 326.38 549.01 345.37 567.59 0.282097
4 515.48 505.31 536.28 523.21 0.278414
7 741.93 477.13 767.07 504.06 0.276476
4 956.70 483.44 967.44 494.73 0.272091
4 1249.33 413.70 1278.09 423.57 0.266328
1 350.57 700.72 366.85 750.30 0.259446
4 957.18 483.72 966.64 495.35 0.256633
6 600.31 447.15 673.97 483.24 0.228424
4 326.13 548.93 345.22 568.24 0.214597
7 742.42 476.52 767.45 504.92 0.213156
6 510.08 552.51 561.19 592.23 0.211210
5 634.16 556.70 664.87 592.21 0.207411
6 616.53 517.48 682.49 561.50 0.207407
9 466.63 477.89 526.12 505.12 0.199411
4 469.56 590.73 508.70 622.99 0.198748
4 515.01 502.95 537.74 523.47 0.181853
6 663.48 477.37 701.67 507.65 0.171559
2 579.13 496.58 603.61 523.60 0.168543
4 469.75 503.42 491.66 522.39 0.150560
9 467.35 477.12 525.90 503.85 0.134329
9 675.11 457.14 717.96 478.24 0.129804
4 725.18 459.54 739.70 472.00 0.122044
2 748.82 483.36 761.63 503.32 0.114320
1 478.18 604.28 489.97 634.48 0.108501
2 580.23 504.05 590.76 522.65 0.108155
2 499.47 592.46 511.34 619.66 0.092632
