4 267.09 703.16 463.22 764.48 0.932020
4 267.00 702.47 462.81 764.09 0.915230
6 609.16 328.00 765.74 419.44 0.898309
5 610.05 327.74 765.79 419.43 0.895851
4 319.71 639.73 479.51 716.66 0.890412
4 5.41 505.61 155.73 581.48 0.888020
4 40.40 463.57 186.69 525.61 0.881512
4 4.83 506.12 155.98 581.16 0.880274
4 320.17 640.16 479.59 716.70 0.875232
4 372.72 520.48 517.81 585.69 0.873057
4 651.65 316.61 744.06 344.18 0.870205
4 348.00 583.38 492.54 651.42 0.867789
4 372.67 520.57 518.65 585.93 0.864319
4 42.36 463.32 187.15 526.25 0.861172
4 394.12 470.03 532.19 530.10 0.841585
4 393.13 469.97 532.11 530.00 0.836763
4 408.92 429.63 534.06 481.06 0.836590
4 441.03 358.93 557.37 407.23 0.835356
4 97.62 423.71 227.34 483.86 0.831623
4 442.82 359.40 558.29 406.04 0.822437
4 410.15 429.16 534.78 481.07 0.820041
4 347.82 583.19 493.50 653.02 0.813324
4 652.40 316.64 744.39 347.87 0.810151
4 97.55 422.95 227.72 484.11 0.807884
4 134.84 392.14 256.10 446.89 0.803865
4 166.61 360.68 284.68 412.25 0.802890
4 438.11 397.73 554.17 445.99 0.798816
4 134.48 392.79 256.34 447.58 0.798736
4 166.94 360.69 284.93 412.60 0.789453
4 438.36 397.51 553.84 446.69 0.781377
4 291.31 232.92 384.42 279.65 0.766973
4 483.75 295.52 597.59 337.42 0.750023
4 479.54 322.60 585.44 368.60 0.744556
4 499.33 278.69 594.44 311.08 0.716626
4 203.61 333.10 294.17 381.49 0.706815
4 213.60 300.64 336.86 350.50 0.684176
4 519.54 237.67 604.42 274.77 0.657859
4 480.17 319.60 585.74 368.38 0.656489
4 345.09 204.77 428.69 245.15 0.654368
4 491.86 296.23 597.77 338.18 0.644822
4 384.32 192.81 455.86 229.48 0.643573
4 523.27 221.23 615.50 255.04 0.635433
4 204.75 332.50 293.74 381.17 0.619703
4 387.26 157.15 447.36 185.92 0.609879
1 599.81 328.36 614.79 361.41 0.609873
5 612.38 57.85 680.29 102.61 0.609861
4 489.61 60.76 542.90 84.97 0.605572
4 291.63 232.83 383.94 279.41 0.601467
4 345.15 205.52 428.70 245.39 0.590360
4 387.52 157.69 447.02 184.95 0.587954
4 362.63 164.47 439.16 198.89 0.579830
4 498.32 275.41 595.04 311.28 0.559923
4 542.50 200.95 615.42 232.01 0.553944
4 490.01 61.26 543.85 85.23 0.544673
4 386.47 192.06 456.32 230.24 0.540897
5 581.18 105.02 661.64 156.95 0.535244
4 552.91 165.28 625.72 197.15 0.528038
4 135.29 210.25 178.98 265.93 0.509395
4 464.08 520.96 518.27 585.97 0.504088
6 613.76 57.87 680.32 102.89 0.487834
4 529.97 220.22 615.76 254.28 0.483879
4 572.91 149.47 636.35 172.13 0.469244
7 678.04 116.58 755.36 182.20 0.467201
4 518.72 238.05 604.21 275.57 0.451461
4 510.23 254.90 595.07 289.48 0.442537
4 218.13 301.36 335.93 351.12 0.440277
1 599.76 328.26 614.27 361.25 0.411321
6 701.91 63.58 766.70 102.46 0.403328
4 538.47 188.74 618.99 221.93 0.397731
6 700.15 28.08 774.22 102.72 0.394418
4 366.29 164.54 439.51 199.78 0.388856
5 429.09 90.24 471.47 140.31 0.388722
4 91.29 265.46 116.31 290.48 0.374817
5 427.98 89.79 471.69 140.40 0.374694
6 582.11 105.00 661.58 155.72 0.360072
4 147.14 300.46 183.71 344.11 0.344773
4 554.36 167.05 625.99 199.52 0.339300
4 572.31 151.69 635.53 173.52 0.337078
4 504.83 42.16 537.15 62.40 0.331730
4 534.01 48.42 564.29 73.64 0.317515
4 319.20 206.81 350.52 232.92 0.315384
4 56.31 152.72 95.73 174.75 0.314585
5 718.59 114.73 762.18 153.64 0.309378
4 147.31 300.20 183.56 343.43 0.305722
4 541.76 202.19 616.49 235.75 0.290143
7 677.12 117.21 755.75 182.42 0.289752
4 43.32 289.35 71.82 323.79 0.281004
4 726.73 0.00 756.86 10.72 0.275458
4 134.96 210.77 178.76 262.81 0.272870
4 545.47 43.19 573.82 64.41 0.267806
4 535.33 48.64 564.94 73.45 0.258691
4 91.60 265.71 115.23 290.63 0.258115
4 521.34 10.92 543.85 31.44 0.241079
4 42.88 289.54 72.62 323.77 0.234199
5 717.54 114.10 763.27 153.49 0.229078
6 720.09 29.10 772.83 69.06 0.217301
4 521.49 10.45 544.01 32.01 0.210021
4 505.48 42.51 536.35 63.41 0.204178
7 698.19 146.55 753.37 181.69 0.200860
4 464.11 586.38 492.25 651.82 0.197935
4 67.29 269.19 96.29 310.21 0.191765
6 636.80 8.15 696.74 58.87 0.188133
4 742.63 16.02 759.78 30.69 0.182066
4 567.43 13.48 589.58 34.50 0.180350
4 67.51 269.27 95.90 307.94 0.171345
6 612.02 5.82 698.81 102.56 0.170047
4 0.14 444.81 13.78 483.60 0.165871
4 742.84 15.45 759.54 30.98 0.163718
4 319.27 206.94 352.65 233.04 0.160465
1 503.42 269.44 514.94 290.20 0.155559
4 501.65 10.84 519.31 29.19 0.153728
4 501.95 10.50 519.64 29.32 0.153263
5 429.75 110.55 458.05 139.81 0.146704
4 566.63 15.07 589.54 34.41 0.144484
4 0.10 444.87 13.98 483.33 0.137622
6 546.61 2.43 590.68 34.53 0.131436
6 654.36 7.10 698.02 39.33 0.112641
1 177.01 339.11 193.03 366.94 0.109407
4 464.04 642.02 479.59 712.32 0.095721
4 0.18 416.99 42.00 483.14 0.074376
6 464.04 89.70 471.78 130.91 0.027203
