4 1368.05 1182.42 1715.51 1382.66 0.977870
4 1702.37 558.43 1863.53 623.81 0.976463
3 1840.53 632.57 1875.66 669.97 0.972217
4 1490.52 591.87 1654.88 669.43 0.969281
4 289.91 720.98 487.19 851.48 0.956274
4 1368.53 1181.76 1714.95 1383.26 0.956004
4 290.20 720.37 487.59 852.22 0.953885
4 1229.65 619.92 1316.45 693.69 0.936080
4 1125.69 618.24 1217.17 696.07 0.935093
4 1489.91 604.14 1655.95 670.32 0.931179
4 200.62 502.59 333.86 551.87 0.929758
4 638.62 561.12 752.46 623.77 0.929158
4 728.11 571.24 823.51 630.82 0.919102
4 1231.19 620.16 1316.44 691.85 0.918314
4 1125.57 619.40 1216.97 696.63 0.914803
3 1838.21 632.94 1878.57 671.23 0.913570
5 555.02 543.57 666.76 619.76 0.909250
4 1702.85 558.79 1864.23 623.32 0.906997
4 0.43 453.29 100.15 490.30 0.906722
4 361.43 522.99 459.57 576.61 0.894350
4 58.89 402.49 165.34 436.12 0.894350
5 554.65 544.61 661.60 619.20 0.886693
4 726.95 570.08 822.39 631.82 0.880913
4 199.66 500.91 333.93 552.11 0.877649
4 638.26 560.94 753.66 623.86 0.875566
4 814.26 600.95 882.37 673.01 0.871288
4 814.08 601.32 882.93 672.87 0.867290
4 224.81 461.73 341.01 503.88 0.857962
4 1024.75 581.25 1074.81 644.42 0.853363
4 1742.63 603.67 1863.20 622.81 0.851052
4 906.54 585.09 976.15 653.02 0.846301
4 416.48 532.37 529.28 591.61 0.843162
4 0.31 452.23 100.54 490.66 0.825063
4 361.52 523.37 456.28 577.30 0.819629
4 906.47 585.11 974.77 652.29 0.819356
4 291.34 354.47 376.69 388.93 0.816351
4 57.74 402.30 167.40 436.11 0.810133
4 219.35 441.24 338.20 475.60 0.809843
4 0.00 488.75 61.62 532.81 0.797278
2 1858.34 613.06 1884.70 662.32 0.796363
4 638.83 604.03 707.53 623.07 0.781412
4 223.77 462.53 340.82 503.37 0.778287
4 1976.33 773.67 1999.82 835.27 0.773736
4 220.68 441.07 341.81 473.95 0.771063
4 89.83 384.05 182.27 412.55 0.756477
4 418.59 532.13 530.64 591.79 0.748492
4 159.44 327.92 235.31 349.86 0.745206
4 161.20 327.15 234.85 350.78 0.740868
4 111.47 364.83 193.96 389.73 0.737025
4 138.98 343.60 217.05 366.32 0.726909
4 105.73 364.95 194.42 390.59 0.721536
4 88.37 383.55 182.92 412.11 0.697515
5 215.17 402.82 360.46 460.76 0.695960
4 557.41 604.07 616.86 619.02 0.690167
4 291.09 354.50 376.09 390.62 0.682001
4 0.17 490.43 62.62 533.17 0.671551
4 312.59 334.59 382.31 359.22 0.669418
4 1026.28 579.44 1075.26 644.71 0.664366
4 141.17 346.10 212.17 366.14 0.648551
6 471.72 436.91 592.33 522.00 0.640983
4 311.24 335.19 382.10 359.74 0.626502
4 255.75 266.39 297.62 283.45 0.575622
4 319.30 315.73 385.09 343.07 0.575229
5 216.17 407.25 355.37 464.68 0.571279
4 252.12 261.11 295.48 282.63 0.534536
4 343.49 286.98 380.48 309.96 0.499801
6 75.79 218.43 98.60 241.38 0.493270
4 318.05 314.88 386.29 340.09 0.486673
6 474.17 435.92 593.62 523.59 0.460060
1 365.27 406.16 384.21 444.45 0.451220
4 217.64 301.30 249.64 327.72 0.447238
4 1980.11 521.81 1999.86 553.98 0.444451
4 343.41 289.56 380.64 309.95 0.416164
4 1977.45 773.28 1999.81 828.55 0.381750
4 106.51 226.84 132.43 236.46 0.356181
1 1858.21 612.44 1885.41 662.15 0.355290
2 1465.73 1238.68 1533.04 1313.68 0.337329
4 216.36 300.94 249.87 329.44 0.329183
4 327.06 210.43 345.72 220.85 0.322457
4 282.70 223.33 308.86 235.31 0.319518
1 364.37 403.71 386.00 445.31 0.312853
4 716.32 563.03 754.00 607.63 0.307994
4 343.23 258.25 372.13 278.74 0.299937
4 341.10 216.40 357.97 227.76 0.280456
4 1509.58 553.34 1548.90 581.17 0.278425
1 337.29 417.01 358.45 460.88 0.270294
4 1490.89 590.62 1560.39 633.23 0.256990
4 348.62 273.26 374.60 290.77 0.252791
4 48.73 200.82 63.82 214.28 0.251719
4 0.17 526.80 13.74 559.57 0.234934
4 1975.50 504.09 1999.67 551.59 0.232080
4 340.96 211.60 359.26 227.84 0.227242
4 348.33 283.40 376.19 296.75 0.215817
4 1463.62 603.95 1496.17 621.95 0.205071
4 326.41 208.26 345.40 222.35 0.203199
4 0.01 528.66 13.12 561.16 0.192802
1 1396.97 604.64 1414.30 626.59 0.191237
3 342.55 257.49 364.43 273.51 0.181231
4 350.27 268.24 373.50 280.79 0.174564
4 1507.93 550.04 1547.44 581.32 0.172343
6 108.90 200.30 134.02 215.84 0.141796
3 975.40 193.84 1004.30 237.88 0.111434
