4 383.43 1018.71 421.81 1044.64 0.805647
4 400.21 983.33 436.36 1012.78 0.786556
4 813.72 764.49 836.61 797.54 0.757650
4 506.07 945.05 550.73 976.94 0.746437
4 507.16 945.57 550.98 977.17 0.740903
4 385.33 1018.81 421.48 1043.84 0.739010
4 449.55 766.67 482.46 787.84 0.724331
4 800.29 713.42 816.64 743.16 0.714386
4 634.04 609.92 657.99 627.70 0.712566
4 402.11 984.09 436.52 1012.93 0.704928
4 563.30 932.23 593.45 960.92 0.672540
4 451.07 766.94 482.10 788.61 0.660007
4 573.55 1009.97 593.93 1049.09 0.657952
4 822.47 815.57 852.78 845.17 0.653117
4 623.24 643.53 647.19 662.77 0.639317
4 790.80 666.56 806.45 693.62 0.632593
4 529.18 671.80 557.68 690.62 0.620097
4 635.38 610.25 657.86 626.52 0.611554
4 650.13 581.70 669.40 603.35 0.608958
4 134.57 622.30 158.67 641.31 0.602697
4 792.67 237.30 809.49 245.98 0.583465
4 831.44 514.36 844.79 536.14 0.582503
4 564.55 932.59 593.23 961.67 0.567397
4 573.16 1009.32 592.81 1048.81 0.550034
4 527.09 671.19 557.67 691.78 0.548068
4 465.34 651.91 495.22 670.29 0.545757
4 613.11 668.54 639.13 690.21 0.540269
4 203.45 747.49 224.11 764.77 0.527541
4 623.64 643.21 646.49 661.68 0.514130
4 827.02 480.76 839.45 502.62 0.502057
4 135.08 622.96 157.19 640.90 0.487126
4 800.16 713.46 816.50 742.57 0.484628
4 790.87 666.54 806.67 692.99 0.484518
4 749.63 340.52 770.04 350.22 0.468760
4 650.38 581.50 669.82 602.96 0.442879
6 358.94 661.01 486.72 786.47 0.439809
4 203.52 746.86 223.75 765.29 0.420885
4 792.32 236.58 809.31 246.57 0.419007
4 655.06 641.36 678.33 662.93 0.406681
4 694.29 591.12 717.19 602.90 0.403473
4 831.28 515.07 844.97 535.38 0.403378
4 823.23 815.00 845.13 839.13 0.386957
4 785.68 250.11 802.80 261.31 0.384866
4 623.06 792.97 637.40 810.73 0.372343
4 757.77 321.99 772.84 334.15 0.371981
4 465.85 652.36 494.55 670.10 0.365809
4 748.75 339.51 770.70 350.16 0.363248
4 506.57 752.98 528.30 784.66 0.361024
4 591.90 591.78 607.28 605.27 0.359257
4 592.43 591.52 607.69 603.97 0.356066
4 46.54 834.43 68.03 851.49 0.355506
4 883.78 620.61 907.74 642.05 0.354537
4 814.13 763.97 836.25 797.34 0.352180
4 827.72 480.70 839.91 502.45 0.346230
4 784.98 250.54 803.31 262.38 0.338076
4 503.70 651.25 530.21 670.63 0.333385
4 771.28 259.51 791.81 273.77 0.331897
4 656.43 641.10 677.26 661.88 0.330952
4 613.82 667.48 639.13 688.68 0.328717
6 621.40 82.38 667.36 105.21 0.316886
4 878.59 255.15 897.62 264.27 0.316441
4 590.91 347.28 616.83 364.77 0.312486
4 705.62 272.63 720.49 283.13 0.311029
4 766.46 308.27 781.32 320.11 0.303203
4 533.56 88.11 561.02 102.32 0.302519
4 835.09 426.08 859.80 466.23 0.302324
4 622.79 791.69 638.52 810.32 0.297334
4 504.01 686.32 517.17 716.44 0.297058
4 507.34 651.01 530.51 669.06 0.296620
4 720.39 293.03 741.77 305.79 0.294238
4 676.74 523.28 690.19 543.62 0.293024
4 644.87 663.35 666.49 685.99 0.281235
4 720.48 294.03 741.84 306.36 0.278409
4 836.65 448.42 852.02 466.34 0.277187
4 633.71 477.26 648.13 492.43 0.275504
4 839.77 390.35 855.53 409.79 0.272963
6 1155.91 187.02 1265.93 346.89 0.272125
4 379.45 970.64 401.28 994.93 0.270185
4 705.65 270.92 720.53 282.67 0.268198
4 644.57 663.83 666.02 685.08 0.265784
4 911.78 162.77 927.74 188.11 0.265062
4 771.16 258.76 790.52 272.18 0.258454
4 677.98 582.96 694.41 597.66 0.257131
4 752.94 384.27 773.80 402.44 0.256592
4 573.73 1007.56 625.14 1049.00 0.255519
4 506.11 752.87 527.49 785.14 0.251085
4 875.66 303.63 896.41 336.35 0.248653
6 356.24 662.75 486.49 786.68 0.247564
6 621.32 82.78 667.49 105.94 0.246171
4 836.22 448.70 852.36 466.96 0.238368
4 506.40 769.05 518.78 785.16 0.237754
4 911.97 162.71 927.53 188.27 0.236788
4 767.45 307.93 781.48 320.04 0.235393
4 654.89 562.70 668.15 574.16 0.234789
4 611.91 812.12 632.12 845.32 0.233902
4 627.24 811.52 646.73 846.29 0.231593
4 680.83 186.03 697.12 195.31 0.229372
4 1228.21 333.80 1251.09 349.61 0.227518
4 400.74 215.39 421.44 228.36 0.225998
4 677.40 522.73 690.59 543.08 0.223170
4 839.56 363.02 864.81 410.27 0.204348
4 400.06 216.45 420.60 228.64 0.204083
4 45.78 834.69 66.72 851.99 0.202982
4 533.45 88.90 560.85 102.58 0.201437
5 835.41 426.66 859.90 466.28 0.196234
4 334.79 1000.92 347.78 1013.94 0.195494
4 717.71 170.62 735.94 187.54 0.188142
4 1146.30 353.10 1165.95 375.65 0.187926
4 757.72 319.51 773.88 334.72 0.187907
4 923.43 375.89 949.48 413.53 0.185570
6 1154.97 187.24 1266.35 351.47 0.183924
4 495.18 587.56 514.18 603.01 0.182604
4 881.08 256.01 897.21 264.08 0.181842
1 1053.18 854.76 1084.18 895.12 0.178094
4 1145.20 353.76 1165.92 376.87 0.177733
4 610.71 810.82 632.78 846.04 0.177268
4 877.00 319.43 890.57 335.06 0.175837
4 578.02 26.34 597.54 40.60 0.174601
5 473.82 680.59 516.84 717.45 0.174431
4 580.47 26.06 597.26 41.29 0.173072
4 783.09 316.17 803.16 326.68 0.169559
4 590.08 347.29 616.84 365.26 0.169296
4 268.99 952.47 280.05 965.06 0.168038
4 929.04 396.84 940.56 409.43 0.167229
4 934.53 219.18 948.49 232.66 0.163705
5 675.55 626.62 702.98 678.16 0.163073
4 962.99 0.00 973.94 9.22 0.162920
4 1017.44 241.66 1030.69 259.48 0.161737
4 880.32 741.33 898.80 767.96 0.160915
2 801.81 954.95 820.66 988.62 0.158414
3 901.55 363.28 922.22 394.35 0.155069
4 719.86 540.67 736.71 556.21 0.153539
6 771.93 323.89 808.34 354.71 0.150662
4 678.69 25.49 694.09 38.97 0.150325
6 657.27 161.64 706.30 185.46 0.147719
4 736.02 622.22 751.12 640.13 0.145806
4 840.02 389.45 855.47 409.99 0.143663
4 1215.32 168.42 1227.61 182.56 0.142236
4 957.41 53.88 965.42 64.64 0.139679
4 670.20 548.70 685.73 566.30 0.129842
6 628.34 812.64 646.79 846.82 0.127112
6 790.91 199.30 810.60 215.70 0.123844
6 670.66 154.78 769.12 259.74 0.121887
4 934.80 217.61 948.33 232.33 0.117059
4 962.80 0.00 973.45 8.73 0.116161
4 699.54 811.13 713.45 836.26 0.114659
4 755.58 443.31 764.69 458.26 0.111247
4 662.17 549.51 673.39 564.62 0.109646
4 677.62 25.97 693.42 39.80 0.109603
4 743.65 384.00 753.92 395.07 0.107549
4 940.71 376.02 949.42 389.51 0.105820
4 771.91 278.66 784.29 292.33 0.102234
6 528.05 560.50 607.50 682.09 0.100010
6 640.38 891.09 688.68 1012.05 0.099352
6 527.32 434.97 648.95 685.26 0.098807
6 718.08 170.32 735.98 188.67 0.097234
4 1017.45 241.33 1031.56 259.44 0.093977
4 880.89 12.19 892.11 21.36 0.092547
6 582.44 1.21 607.01 25.09 0.082929
4 1105.22 89.01 1120.13 103.04 0.080437
3 807.61 251.57 821.32 279.09 0.076005
9 876.19 303.23 896.10 335.76 0.072870
9 839.18 362.85 864.91 410.03 0.062539
