4 330.47 990.35 453.09 1140.56 0.916079
4 697.86 440.25 786.01 542.40 0.865468
4 109.92 1288.51 305.14 1499.13 0.856240
4 805.23 128.27 861.31 168.51 0.836675
4 874.96 205.31 923.89 267.65 0.831242
4 804.90 128.39 860.69 168.10 0.830060
4 330.42 991.04 453.57 1139.90 0.827175
4 109.93 1288.20 305.16 1499.10 0.813120
4 877.48 205.51 923.92 264.87 0.810666
1 313.18 917.13 355.01 971.51 0.806012
4 697.73 440.25 786.96 543.07 0.783383
4 1449.01 147.97 1484.96 187.25 0.753431
1 313.95 917.40 355.90 972.20 0.744815
4 913.40 148.65 958.39 199.31 0.734951
4 1448.18 147.78 1485.65 188.26 0.731785
4 1238.33 199.12 1282.10 260.65 0.729343
4 803.68 49.29 852.42 91.66 0.720201
4 803.97 49.43 851.46 91.64 0.705955
4 1310.39 218.91 1357.20 277.72 0.704388
4 913.64 148.99 959.07 198.96 0.704045
4 848.56 58.55 888.13 98.64 0.676010
4 1454.94 231.04 1494.12 284.64 0.670471
4 1465.09 439.90 1536.40 508.79 0.656273
4 1459.26 362.17 1508.67 428.20 0.647589
4 1464.52 438.82 1534.58 509.37 0.646213
4 1019.43 0.00 1053.12 27.19 0.628208
4 848.83 59.56 888.52 99.64 0.608948
4 1305.41 3.55 1341.98 45.46 0.598020
4 1460.85 362.13 1508.59 427.39 0.597688
4 1310.75 218.29 1356.27 277.67 0.593402
4 1303.39 75.16 1345.02 120.51 0.589670
4 1238.00 199.17 1282.33 260.92 0.566191
4 1239.99 76.81 1277.12 123.39 0.556362
10 1525.44 1072.47 1660.97 1334.28 0.550838
4 867.68 0.39 910.16 22.58 0.533128
4 1305.43 3.20 1340.85 45.84 0.531986
4 1019.05 0.10 1051.42 25.41 0.518060
4 1455.36 231.43 1493.55 279.20 0.495317
4 1216.20 359.28 1276.79 447.56 0.458803
4 1303.26 74.03 1345.00 120.28 0.436543
1 1452.78 205.75 1478.43 240.80 0.409363
4 1445.58 41.55 1478.21 77.11 0.405518
10 1222.02 1110.68 1311.87 1336.49 0.390270
1 1517.20 255.51 1539.32 293.80 0.368769
4 865.10 0.15 895.70 22.17 0.364859
4 1240.75 77.64 1276.91 121.45 0.360515
3 760.65 336.16 797.78 360.22 0.354473
6 1525.69 1071.56 1660.29 1334.97 0.348272
4 876.70 206.92 895.84 264.98 0.345454
1 1496.06 217.38 1513.71 258.60 0.330652
1 1016.91 110.98 1030.49 141.66 0.328569
1 999.18 104.61 1013.26 139.18 0.316671
1 419.70 647.96 454.75 693.11 0.315868
1 1519.82 255.04 1543.69 298.10 0.289796
4 1229.10 365.19 1275.91 445.12 0.283204
1 1409.48 223.61 1431.76 266.63 0.281687
1 420.17 647.68 451.00 695.57 0.279808
4 1447.90 16.45 1474.31 43.84 0.279603
4 1222.27 1111.06 1312.50 1335.76 0.267111
4 1448.74 0.14 1475.38 17.11 0.253307
1 1415.04 226.07 1430.42 253.99 0.245515
3 1569.68 207.33 1604.14 280.39 0.239221
1 1455.72 205.40 1479.63 236.84 0.226719
9 0.35 816.26 295.43 1265.89 0.209615
1 1015.85 111.17 1031.58 139.49 0.206386
4 763.62 121.45 804.48 168.03 0.203972
2 1571.39 209.32 1597.01 243.16 0.203801
4 1446.51 49.34 1477.61 77.15 0.199451
4 716.23 652.36 751.96 720.20 0.195542
4 915.41 11.71 943.14 44.28 0.187977
3 1522.69 277.82 1543.12 305.48 0.185293
1 1522.08 284.92 1542.44 339.09 0.184750
3 1571.95 229.05 1602.09 280.86 0.178387
1 1439.75 248.14 1457.06 287.76 0.171126
1 970.79 48.19 986.30 74.66 0.170901
1 1496.71 215.61 1514.46 259.87 0.166297
1 998.07 104.56 1013.29 140.27 0.165346
4 1450.26 0.36 1472.56 19.75 0.159400
1 63.61 1045.97 104.00 1096.68 0.151128
4 914.17 10.59 941.24 43.32 0.142569
4 970.73 49.40 987.48 73.60 0.142151
1 1435.47 249.42 1455.34 293.35 0.138758
3 1407.20 246.70 1425.80 267.86 0.135864
10 1543.39 1125.19 1611.73 1330.05 0.120765
3 1522.90 280.38 1544.06 339.25 0.120513
3 1406.89 241.66 1426.59 268.75 0.114031
4 775.94 120.54 801.21 149.48 0.109052
4 1313.94 74.08 1339.25 97.20 0.106039
4 765.86 0.00 780.41 24.17 0.080303
6 1445.49 1.08 1478.70 77.70 0.076635
4 930.16 20.38 941.40 42.15 0.057146
6 716.11 1.09 778.91 225.61 0.044706
4 1598.42 266.06 1611.85 345.78 0.026939
