4 834.43 869.75 1139.78 1095.45 0.986425
4 937.78 132.31 1191.41 359.55 0.978305
4 834.83 869.54 1139.62 1095.06 0.970752
4 937.55 132.69 1191.48 357.41 0.965695
4 165.71 307.70 543.55 485.69 0.899231
4 0.38 876.57 233.62 1032.87 0.898185
4 999.27 612.71 1371.47 824.14 0.895652
4 165.96 308.18 543.59 483.43 0.878866
4 0.32 875.37 232.27 1031.11 0.860665
4 176.49 48.80 450.11 220.39 0.856196
4 999.33 607.96 1369.65 823.62 0.841466
5 325.80 604.23 511.30 883.88 0.799554
4 0.33 761.53 291.86 895.50 0.794631
4 1887.99 1071.68 1999.27 1406.46 0.793924
5 958.23 0.00 1230.00 80.63 0.772754
4 175.62 47.75 450.46 222.64 0.733383
4 820.15 1127.20 1097.32 1375.49 0.695178
4 1104.13 100.01 1191.57 280.24 0.663973
4 834.27 956.15 895.66 1095.03 0.648308
10 819.73 1126.22 1099.15 1376.53 0.529306
4 1791.09 146.59 1997.65 350.39 0.489986
4 326.85 590.09 512.97 883.61 0.460777
4 1025.93 870.47 1121.45 895.48 0.422537
1 869.82 981.63 931.98 1066.50 0.405492
4 1874.87 1070.49 1999.43 1499.05 0.394142
4 1931.35 517.92 1999.06 638.28 0.390616
7 0.62 1069.83 304.40 1498.92 0.375183
1 1134.27 1419.63 1176.87 1498.99 0.370418
7 0.29 758.63 319.79 1498.49 0.302682
6 1104.48 375.31 1342.58 595.17 0.264894
10 1791.98 147.53 1997.74 350.34 0.234485
4 1929.79 517.88 1999.24 637.38 0.226616
7 220.64 583.61 324.38 779.46 0.175208
7 221.15 584.70 322.99 780.40 0.134601
4 1104.04 850.85 1140.67 993.95 0.130672
5 1233.09 399.47 1342.27 582.42 0.130509
