4 794.84 201.22 963.66 300.42 0.963552
4 794.60 201.15 964.63 300.72 0.956405
4 571.04 245.47 745.93 353.56 0.946447
4 781.71 112.54 944.69 209.35 0.942258
4 570.90 245.65 745.29 353.52 0.941082
4 782.78 112.63 945.39 209.63 0.939933
4 1016.29 149.77 1179.84 244.87 0.939431
4 1041.32 47.81 1205.77 151.35 0.936518
4 1016.90 149.32 1179.83 245.55 0.927544
4 1041.27 51.64 1205.52 151.41 0.924626
4 781.82 154.15 895.59 209.70 0.894687
5 541.67 158.70 731.73 271.76 0.873548
5 540.19 158.98 731.07 271.17 0.806902
4 164.82 745.80 333.66 943.70 0.711373
4 1261.39 504.62 1392.57 611.80 0.637717
9 382.52 481.65 1398.44 1046.36 0.556844
4 166.26 746.06 333.47 943.87 0.478775
4 1257.80 503.06 1392.40 610.94 0.473013
1 298.32 422.47 372.88 664.04 0.144407
10 298.30 422.54 374.51 664.83 0.059547
10 351.76 44.06 406.68 97.96 0.054236
