4 548.05 65.54 571.43 90.74 0.733909
4 481.46 384.53 510.24 427.89 0.619895
4 548.41 65.34 571.80 90.32 0.580817
4 677.04 712.65 721.53 781.14 0.576472
4 532.22 406.05 561.13 452.25 0.556355
4 677.41 712.28 721.04 780.66 0.548728
4 615.45 214.33 640.27 250.84 0.470978
4 257.11 499.87 291.14 527.54 0.463623
4 531.97 405.45 561.49 452.38 0.463120
4 254.73 295.10 291.49 312.76 0.434182
4 482.32 384.77 510.45 427.77 0.423670
4 584.90 709.30 627.27 777.42 0.393461
4 918.93 346.66 965.03 375.81 0.389546
4 616.02 214.06 640.46 250.81 0.387691
4 618.92 567.04 659.87 629.13 0.325116
5 592.72 477.33 630.60 541.47 0.291840
5 503.31 327.18 529.27 369.37 0.291736
4 239.50 294.53 291.02 318.28 0.276517
4 526.83 186.20 547.00 228.36 0.268264
7 493.80 418.21 564.10 565.00 0.266822
4 416.44 138.91 443.91 154.79 0.245088
4 1004.70 432.42 1034.51 465.85 0.241025
5 592.84 477.09 629.84 540.79 0.235996
4 260.18 0.00 293.08 11.29 0.233107
6 568.31 531.80 622.24 623.89 0.227512
4 551.78 478.83 588.90 536.48 0.222540
5 601.38 637.70 693.80 787.52 0.220119
4 590.68 214.16 611.28 251.39 0.215374
6 671.51 29.13 773.97 136.31 0.208319
4 919.45 347.44 964.62 374.74 0.202552
4 592.00 213.00 611.32 251.15 0.201016
6 601.53 637.37 693.97 787.38 0.190859
5 526.73 186.31 546.59 229.23 0.189235
5 584.74 709.31 625.90 777.67 0.187391
4 504.06 326.84 529.36 369.53 0.185183
4 408.70 125.38 433.44 146.64 0.169030
4 894.17 305.89 911.61 324.30 0.169013
4 1004.76 432.13 1034.57 465.66 0.159049
4 927.83 202.20 945.49 232.45 0.157206
4 551.95 478.06 589.03 533.53 0.145024
4 618.84 566.98 659.30 629.78 0.142599
4 481.36 58.57 499.93 71.72 0.140156
4 720.00 315.61 734.52 327.20 0.137968
4 927.50 202.02 945.70 232.77 0.124559
6 494.84 421.01 564.09 562.36 0.114895
6 568.45 531.43 622.01 624.38 0.106329
3 117.57 309.78 161.15 367.41 0.074971
