3 1521.40 711.13 1599.79 776.82 0.968346
3 1521.60 714.03 1598.59 782.86 0.960314
3 1749.58 845.98 1843.94 909.88 0.942202
3 1188.22 584.98 1233.83 632.19 0.904794
3 1751.71 846.83 1844.35 909.54 0.880584
2 685.56 726.15 719.09 784.29 0.862365
2 857.06 688.32 892.68 767.88 0.849072
2 814.39 661.87 849.21 698.71 0.845506
3 1189.91 589.23 1234.33 632.90 0.834704
3 1406.78 521.97 1461.63 587.77 0.772235
3 908.23 768.96 952.80 822.02 0.766361
2 899.18 685.83 933.69 736.39 0.760142
3 996.14 896.96 1038.96 944.26 0.751949
2 1100.45 565.10 1128.98 623.17 0.712430
2 865.29 623.13 895.50 679.38 0.696476
2 923.60 546.48 946.36 594.52 0.680254
2 997.40 833.00 1025.75 889.41 0.677036
2 1016.68 792.44 1047.90 853.23 0.651881
2 965.65 742.30 993.44 787.90 0.651390
10 280.36 1027.47 603.01 1298.19 0.603194
2 773.35 636.67 808.19 677.93 0.598509
2 684.65 725.34 718.40 786.26 0.572936
2 719.81 618.69 1081.24 944.58 0.561156
2 856.65 688.54 892.24 766.43 0.557898
2 895.16 520.41 919.17 588.28 0.544129
2 923.29 544.88 947.36 595.22 0.538182
2 972.78 802.66 999.22 872.44 0.518842
2 1036.86 759.14 1074.47 816.63 0.512490
2 1033.33 843.62 1071.96 887.07 0.510371
2 813.87 660.79 848.01 699.88 0.509818
2 996.07 831.26 1026.16 888.11 0.499956
2 727.40 622.71 759.87 680.49 0.493346
2 970.98 800.48 1000.34 872.23 0.463874
2 894.09 519.78 920.22 587.05 0.460577
2 884.18 639.24 906.01 694.70 0.451953
7 909.10 769.44 951.46 821.65 0.443734
2 207.71 277.72 246.04 347.68 0.436608
2 898.65 683.30 933.38 732.15 0.430761
2 683.44 758.00 701.20 797.64 0.421410
3 1428.02 526.00 1460.81 588.27 0.417145
2 941.68 721.89 962.24 762.32 0.415960
3 1101.34 603.86 1124.21 623.28 0.395155
2 1016.32 791.32 1045.57 854.17 0.387751
3 995.33 896.39 1039.40 944.86 0.370899
7 1036.41 758.39 1079.57 819.15 0.367356
3 1039.01 793.50 1078.69 819.93 0.360939
2 960.87 713.87 989.19 760.83 0.345206
2 727.05 620.19 1077.61 944.35 0.341959
2 206.57 279.17 236.46 337.42 0.334304
2 728.68 623.37 760.59 679.82 0.321661
2 773.15 636.74 804.50 674.90 0.318109
1 1104.08 565.27 1128.42 622.30 0.311265
2 883.24 635.51 907.09 696.91 0.297182
1 866.24 620.29 905.58 679.10 0.295498
2 1400.99 466.02 1434.91 568.04 0.280706
3 682.90 752.49 711.78 797.46 0.268286
2 938.33 724.88 963.99 763.86 0.252460
2 763.66 634.77 781.39 669.43 0.223500
7 920.30 726.45 967.57 768.09 0.221085
2 755.43 632.97 780.19 672.22 0.200891
1 1406.96 515.80 1431.18 571.23 0.192762
2 949.39 837.97 967.60 878.38 0.191224
7 1033.64 845.70 1071.99 888.93 0.188705
2 959.39 713.62 993.35 787.15 0.166007
2 983.60 801.21 1000.81 832.34 0.110612
7 745.47 625.35 769.24 668.66 0.079367
