3 911.65 390.41 968.75 423.62 0.962030
4 300.88 208.69 419.86 259.28 0.956003
4 301.01 208.38 419.88 258.91 0.954513
3 911.50 393.18 969.27 427.91 0.945883
4 572.07 156.63 657.14 196.34 0.939526
4 0.27 623.43 144.28 766.84 0.936427
4 0.26 623.29 145.35 766.37 0.922220
9 428.25 87.25 577.26 173.76 0.914355
9 428.29 87.19 577.61 173.26 0.889418
4 810.01 90.54 857.45 122.11 0.824617
3 245.42 778.05 362.07 861.89 0.822116
4 571.21 156.66 656.61 195.64 0.804702
1 721.10 598.73 769.75 657.63 0.798086
2 586.77 719.79 629.20 804.79 0.772133
4 809.63 90.09 858.03 121.48 0.771553
3 245.64 777.68 355.84 862.37 0.751220
2 721.25 598.04 770.91 657.87 0.737398
3 512.41 317.15 535.01 358.01 0.724756
4 1180.09 53.46 1235.05 76.47 0.696556
1 587.19 719.11 630.39 804.30 0.692028
6 775.24 154.54 895.57 287.02 0.688094
2 994.00 398.98 1020.58 457.73 0.683215
1 928.40 369.68 957.05 430.68 0.671193
6 775.84 71.99 1002.30 286.62 0.657700
4 1177.73 86.08 1254.45 110.79 0.648717
2 549.48 281.85 575.23 331.71 0.646284
1 467.38 829.24 509.99 895.52 0.628702
4 1177.13 86.98 1255.58 119.37 0.615339
2 26.20 381.60 64.50 445.21 0.584454
4 0.03 434.71 28.18 485.78 0.582644
4 536.45 121.07 596.09 163.18 0.572091
4 584.09 131.85 643.60 161.58 0.556234
1 993.96 399.62 1020.32 457.97 0.551953
1 466.41 828.99 513.43 922.54 0.546626
2 921.55 275.08 938.68 322.56 0.518993
4 0.02 435.02 28.85 485.33 0.511509
4 1180.27 53.93 1234.31 77.26 0.510012
6 401.55 50.95 586.28 127.86 0.509129
1 26.02 381.17 65.67 445.47 0.507347
3 497.13 316.00 534.81 363.19 0.493301
4 536.94 120.54 596.24 162.87 0.491402
4 573.89 131.46 646.35 166.78 0.469336
1 549.51 281.48 574.60 331.94 0.467722
4 598.91 107.63 651.83 136.33 0.462450
2 930.31 370.21 957.27 426.81 0.432673
6 776.61 226.42 872.08 287.06 0.426192
4 1070.91 136.60 1125.64 164.49 0.407787
5 434.25 153.83 525.30 174.10 0.405594
4 576.10 102.17 611.83 128.00 0.401308
4 1122.36 71.39 1161.79 94.79 0.384586
4 575.39 102.35 612.77 126.90 0.382701
3 820.51 622.85 871.84 689.13 0.381880
1 921.12 274.18 939.45 321.68 0.366095
4 597.27 107.73 650.57 136.03 0.362802
3 823.31 632.45 875.47 688.84 0.359893
3 751.66 610.89 785.57 654.62 0.347252
4 953.05 32.47 978.82 56.10 0.344835
4 0.04 587.36 22.59 635.28 0.343214
1 430.57 853.83 469.35 943.22 0.336765
2 436.74 829.04 512.94 942.98 0.335060
2 548.25 188.04 563.98 225.44 0.327706
3 504.99 309.33 564.56 355.13 0.325695
4 1122.72 71.28 1161.40 95.43 0.320086
4 628.49 79.12 679.30 111.13 0.317828
5 665.12 23.43 699.59 56.88 0.316671
2 511.51 304.01 534.47 351.38 0.304558
3 751.29 611.74 784.75 662.79 0.293655
5 665.74 23.30 698.69 56.06 0.290286
4 637.96 112.90 692.66 141.56 0.289463
6 405.09 51.94 588.11 129.33 0.276312
2 560.13 189.30 576.47 225.41 0.272833
5 953.81 32.65 977.93 55.11 0.261644
2 799.62 615.95 823.94 639.40 0.257489
1 776.11 133.57 787.97 159.26 0.249455
2 430.25 854.39 462.60 895.81 0.233119
2 558.55 188.14 575.66 225.93 0.228014
4 1167.95 83.55 1200.42 106.83 0.219123
4 810.30 205.62 851.75 234.13 0.219122
2 547.49 187.03 561.66 224.27 0.209229
5 627.52 78.88 679.67 112.56 0.202716
2 936.24 156.66 948.96 188.43 0.200933
6 775.45 70.41 1004.56 286.03 0.196816
4 913.74 155.37 940.26 169.65 0.193299
4 1351.86 230.90 1390.10 261.22 0.192470
4 651.62 93.68 695.84 117.25 0.189879
4 691.76 96.64 741.90 123.14 0.187652
4 870.08 22.96 894.11 41.58 0.181988
2 775.97 133.54 788.69 159.01 0.173425
4 774.54 70.95 822.49 98.85 0.173384
4 879.62 120.46 895.93 149.35 0.164084
4 0.09 587.71 23.17 639.89 0.149860
3 696.84 795.74 735.31 849.88 0.149504
3 504.22 305.89 566.45 365.70 0.142316
4 1134.23 0.10 1154.21 13.68 0.135595
4 869.76 37.29 895.80 64.20 0.134651
2 800.80 616.30 847.37 687.18 0.134045
4 1224.64 33.43 1250.09 53.85 0.119503
9 438.63 79.67 508.13 112.02 0.118802
2 935.17 157.66 950.27 192.15 0.115765
2 588.48 194.81 602.20 228.63 0.110771
3 489.67 315.14 535.76 368.36 0.107896
2 867.69 36.39 879.81 64.83 0.106825
2 953.12 170.46 964.87 193.94 0.101905
2 911.39 171.96 926.37 216.67 0.101107
2 879.94 200.74 894.55 222.71 0.101063
2 587.69 178.06 605.20 225.49 0.095465
2 1017.63 44.77 1027.53 67.32 0.095334
4 698.19 35.09 712.23 53.13 0.090984
7 1010.56 147.53 1057.51 187.04 0.090766
2 513.23 303.52 533.00 339.10 0.086053
9 820.33 6.21 878.71 41.39 0.074687
2 1101.97 28.29 1113.52 51.67 0.065979
2 1061.67 61.09 1071.83 84.38 0.065389
2 875.85 201.86 896.58 272.26 0.061418
9 818.91 17.00 845.77 39.07 0.050849
