4 1376.41 802.27 1549.13 893.08 0.968863
4 1376.55 803.23 1548.86 892.62 0.961960
4 32.33 1031.44 127.70 1079.73 0.933788
4 490.67 559.87 547.61 623.55 0.929802
4 388.49 904.70 474.43 1022.76 0.921071
4 1181.89 674.93 1284.85 775.78 0.915504
4 382.85 534.02 441.13 597.96 0.913902
4 22.67 489.35 133.72 552.57 0.904078
4 300.16 753.35 393.28 866.95 0.900315
4 569.12 375.69 610.73 417.42 0.893780
4 1360.65 456.88 1444.71 516.27 0.883471
4 1494.66 547.15 1586.78 617.02 0.874873
4 388.16 903.80 474.32 1023.39 0.871942
4 1360.45 457.07 1444.15 516.01 0.861415
4 1181.82 674.77 1284.73 775.78 0.854040
4 104.93 847.36 203.41 976.19 0.852444
4 490.29 559.44 547.41 623.38 0.841874
4 1583.48 644.53 1678.48 730.47 0.839150
4 206.80 621.50 285.50 717.77 0.838953
4 123.85 846.78 203.43 895.68 0.837178
4 161.61 734.43 246.15 843.16 0.828410
4 136.43 427.63 220.24 489.27 0.827114
4 1027.25 309.56 1069.45 353.95 0.822713
4 615.44 239.12 655.56 274.14 0.822421
4 382.98 534.48 441.30 598.58 0.817553
4 1183.11 260.60 1226.54 290.11 0.813285
4 1300.58 396.18 1365.67 446.13 0.812335
4 1300.39 396.73 1365.02 446.59 0.811862
4 1494.83 547.12 1586.40 617.29 0.811444
4 22.48 489.24 133.97 552.72 0.807820
4 551.90 300.57 589.76 337.81 0.807032
4 1596.84 772.16 1646.91 845.57 0.804063
4 246.44 533.91 317.39 614.30 0.803664
4 1582.89 643.97 1611.85 701.09 0.797076
4 320.34 411.86 379.52 470.37 0.796419
4 1220.44 291.69 1270.62 328.70 0.787868
4 547.44 238.21 586.01 273.90 0.787236
4 299.61 753.15 393.31 867.02 0.777334
4 1584.16 644.99 1677.63 730.83 0.772876
4 1597.09 772.07 1647.47 846.83 0.772296
4 1084.22 435.40 1136.82 497.44 0.765844
4 1064.56 382.98 1114.78 438.36 0.756348
4 364.36 364.17 414.18 414.55 0.754372
4 569.19 375.09 610.85 417.26 0.753145
4 1103.03 498.86 1163.76 572.06 0.746508
4 547.88 185.79 580.07 215.50 0.744821
4 1596.73 771.65 1727.80 850.20 0.742629
4 1221.15 290.77 1271.04 328.95 0.740891
4 1121.81 577.01 1187.76 663.21 0.735913
4 104.99 845.61 203.41 976.18 0.733097
4 394.07 316.80 439.94 361.60 0.723335
4 1258.20 341.93 1316.99 389.92 0.722453
4 161.03 734.64 245.58 843.02 0.715278
4 136.62 427.56 221.37 489.33 0.714434
4 1182.70 260.33 1227.06 289.42 0.711973
4 1122.43 576.98 1187.84 663.00 0.709348
4 32.02 1030.38 128.34 1079.41 0.708327
4 1103.30 499.61 1164.58 572.28 0.703620
4 540.22 97.81 568.45 124.47 0.684346
4 465.07 201.15 501.70 234.47 0.671393
3 857.05 508.33 890.49 535.11 0.670620
4 283.69 466.26 349.73 538.36 0.664942
4 615.03 240.06 655.80 274.46 0.644295
4 1146.76 232.16 1172.74 257.45 0.640817
4 658.95 92.63 682.83 114.64 0.639617
4 551.35 300.15 589.27 337.76 0.639322
4 1083.75 436.13 1136.58 497.80 0.632292
4 206.56 621.36 285.53 717.65 0.628536
1 1844.26 532.63 1866.38 576.03 0.625762
4 1258.34 342.14 1317.06 390.04 0.624078
4 83.58 417.52 148.06 474.88 0.614603
1 1599.32 400.80 1615.87 436.99 0.612753
4 616.97 88.72 643.17 111.63 0.612188
4 1596.75 772.11 1723.66 848.28 0.608403
3 857.66 507.95 892.03 536.32 0.606069
4 1596.99 796.25 1611.83 838.43 0.593626
4 547.13 239.86 584.50 274.00 0.592245
4 318.73 410.80 378.20 469.86 0.591328
4 245.58 532.11 317.76 614.45 0.588733
4 1026.71 309.58 1069.34 353.54 0.583962
3 850.79 462.09 882.76 499.16 0.580826
4 447.08 230.75 486.35 268.93 0.580426
4 621.54 58.26 644.62 77.43 0.577229
4 232.85 272.40 279.52 310.60 0.563746
4 1064.78 383.31 1114.70 438.36 0.559467
4 422.78 257.48 468.18 307.38 0.553825
4 392.63 316.82 441.42 361.82 0.553327
4 713.04 1005.88 794.29 1079.38 0.550521
3 829.21 408.76 868.04 436.96 0.544134
4 546.93 184.72 579.66 215.55 0.526696
4 167.72 335.57 225.96 385.12 0.519855
3 830.86 410.07 868.00 437.59 0.517808
4 599.70 8.46 624.04 30.78 0.508378
4 364.43 363.39 413.93 414.48 0.506408
4 283.61 466.41 349.78 537.66 0.504065
4 124.22 375.60 185.83 427.70 0.500660
5 197.97 302.09 253.18 346.40 0.497899
4 83.73 418.10 146.92 474.81 0.474094
4 233.08 271.99 280.89 310.80 0.452674
4 658.48 91.62 682.88 114.90 0.451811
4 540.12 97.49 567.66 124.77 0.449634
4 167.64 334.02 228.87 385.30 0.446292
4 1147.06 231.49 1172.49 257.33 0.443304
1 1423.43 355.95 1436.56 388.18 0.439040
4 286.53 220.46 326.68 257.14 0.435674
4 34.12 210.63 84.54 246.03 0.434901
4 650.28 0.15 669.06 14.50 0.433183
3 853.03 448.26 888.00 481.55 0.432928
4 465.07 201.11 501.25 234.80 0.421998
1 1844.21 531.84 1866.97 575.14 0.416241
4 262.72 239.63 305.39 281.01 0.412003
6 1611.44 669.92 1782.47 895.35 0.411534
4 616.59 87.95 642.26 111.89 0.409359
4 124.27 374.71 184.77 427.62 0.408933
4 621.17 57.92 644.87 77.57 0.407216
1 1520.82 290.18 1533.83 324.36 0.405476
4 447.25 230.31 485.97 268.44 0.404721
4 422.03 258.99 467.33 306.82 0.402147
4 706.06 0.00 725.22 13.74 0.401777
3 1773.10 751.70 1816.85 803.82 0.396974
4 716.21 1005.24 795.35 1079.52 0.395923
4 704.62 0.03 725.62 13.43 0.386160
4 332.08 184.10 368.90 205.82 0.386123
4 198.88 301.47 253.31 346.25 0.379801
6 31.81 74.04 90.45 116.95 0.367004
4 711.38 564.68 729.18 601.95 0.366315
3 850.48 453.77 887.78 499.56 0.364081
1 1599.35 400.31 1616.60 436.71 0.362394
4 599.51 9.57 621.43 30.64 0.354676
4 0.21 246.29 34.12 284.13 0.336528
4 353.96 153.98 390.87 184.96 0.332992
4 34.42 210.85 83.94 245.81 0.331471
4 262.64 239.47 305.13 280.11 0.322249
4 331.46 173.83 370.01 206.95 0.321571
4 353.94 153.52 391.17 184.36 0.313482
4 649.85 0.33 669.38 14.80 0.302919
4 166.87 123.57 207.32 152.77 0.300151
4 709.74 564.90 728.86 602.05 0.298620
4 287.21 219.63 327.05 256.96 0.297617
4 311.39 198.93 347.06 230.73 0.294241
4 385.54 124.56 416.56 150.40 0.279889
4 166.73 123.27 206.50 152.54 0.277344
4 310.86 197.54 347.09 229.75 0.272041
3 0.18 455.75 36.31 500.67 0.269164
1 1423.39 355.52 1437.20 386.72 0.263699
4 82.07 91.74 118.80 118.99 0.257495
3 744.92 685.53 766.63 726.59 0.257348
3 66.87 384.68 84.05 413.44 0.256120
4 373.15 141.91 401.13 166.90 0.254230
6 1106.92 192.06 1176.75 257.50 0.251901
3 744.33 683.44 766.80 726.44 0.249722
4 1583.67 644.58 1643.25 682.10 0.242521
3 0.10 454.91 36.12 500.12 0.242201
4 0.00 245.32 33.83 282.66 0.239515
1 1303.72 139.98 1316.39 161.96 0.239441
1 1374.51 183.39 1384.90 206.02 0.237622
4 530.59 0.09 550.60 12.46 0.236117
4 6.42 184.94 71.79 209.30 0.222631
1 1386.79 155.36 1399.45 176.98 0.220286
4 662.24 317.20 676.26 344.64 0.215898
4 176.92 39.70 210.94 63.36 0.215436
4 527.26 0.05 550.16 13.30 0.214620
1 817.66 375.84 827.71 405.31 0.210402
4 219.68 91.26 254.06 113.04 0.208635
4 661.75 316.84 675.91 346.30 0.201060
1 196.34 268.55 211.74 295.81 0.196660
4 30.62 170.37 91.99 200.08 0.196127
1 817.79 376.05 828.96 404.42 0.194072
1 1520.53 290.26 1533.69 324.86 0.193674
3 824.74 381.51 858.35 401.24 0.186518
1 1763.91 446.47 1785.24 491.19 0.184991
1 298.08 201.25 309.71 221.83 0.184908
3 6.23 455.96 36.43 475.99 0.184384
4 423.76 95.98 443.39 119.73 0.181429
4 81.89 91.78 119.38 118.97 0.180093
1 196.26 267.31 208.00 294.89 0.175856
1 362.66 132.23 373.05 154.68 0.173997
4 432.78 78.62 458.54 104.11 0.168164
1 1764.53 452.65 1782.28 491.15 0.163831
1 1373.33 183.14 1384.79 206.12 0.163201
6 1106.59 191.33 1177.19 257.46 0.162637
4 215.57 24.87 245.25 42.90 0.160577
4 0.14 204.81 37.11 232.07 0.158803
1 1223.46 518.20 1236.92 542.43 0.158118
4 422.64 95.78 442.06 119.35 0.157223
3 68.34 376.49 89.37 411.88 0.153798
3 1597.62 419.74 1611.94 437.20 0.151727
1 1104.10 7.85 1111.27 25.55 0.151625
3 1737.47 72.88 1789.19 162.46 0.150276
4 402.08 117.86 429.37 134.90 0.149598
2 1365.61 192.30 1373.69 207.61 0.147921
4 0.03 151.20 16.17 171.38 0.138519
3 1831.11 174.10 1855.89 204.82 0.133908
4 156.57 49.10 182.30 72.74 0.133262
2 1116.30 15.62 1123.30 31.50 0.132151
4 742.61 87.94 755.58 108.88 0.130064
4 0.04 220.47 19.57 244.02 0.124727
4 1001.42 346.34 1017.67 376.75 0.123250
1 1331.31 710.10 1347.82 736.41 0.122096
1 710.61 72.80 719.27 94.20 0.115068
4 494.09 17.40 514.64 38.50 0.113937
2 1628.42 316.12 1652.33 365.60 0.103986
2 1387.77 153.90 1400.18 177.76 0.101899
2 786.59 7.46 797.45 32.16 0.089075
2 24.31 140.09 35.56 161.33 0.082943
1 711.81 73.87 719.23 94.55 0.081141
2 205.93 272.74 215.38 295.05 0.079042
2 1294.43 142.60 1303.86 165.60 0.076225
2 774.56 64.92 785.60 88.27 0.074249
2 1253.90 1.61 1282.38 74.66 0.051616
