1 719.50 479.38 768.50 539.49 0.799245
1 719.46 479.35 768.65 539.35 0.793802
1 214.90 432.94 261.81 488.31 0.515153
1 215.60 433.15 262.18 488.57 0.505248
1 566.49 494.61 619.40 539.42 0.496471
3 524.92 176.33 541.71 206.15 0.456159
2 104.98 453.82 144.78 506.59 0.424409
2 568.29 494.27 618.44 539.52 0.416258
3 525.23 177.85 542.01 206.09 0.406388
2 73.70 33.40 568.85 535.43 0.405787
2 233.65 386.04 268.98 418.51 0.368008
2 73.22 36.97 565.21 535.53 0.323789
2 85.08 465.31 119.58 530.87 0.311051
1 514.07 466.30 544.28 495.30 0.305713
1 510.17 196.28 527.68 239.66 0.295489
7 372.13 251.58 439.41 327.78 0.286505
2 107.85 453.74 144.73 506.59 0.285663
2 510.17 196.34 527.55 239.60 0.278009
2 211.91 324.32 230.93 368.00 0.265350
2 201.67 357.35 222.35 408.51 0.264287
2 226.51 284.75 251.94 329.44 0.263767
7 562.15 418.13 630.08 539.12 0.251585
2 85.07 465.42 119.62 531.03 0.244761
2 201.69 357.56 222.80 408.34 0.239320
7 326.70 334.65 366.40 417.62 0.237488
2 211.92 324.17 231.03 368.19 0.231453
2 343.97 287.85 359.26 336.20 0.230922
7 372.70 280.69 409.33 327.85 0.228379
2 343.96 287.47 358.98 336.39 0.226978
2 443.22 221.41 460.60 275.26 0.226799
2 273.08 270.67 292.13 317.60 0.226442
2 234.02 382.26 268.87 418.55 0.219904
2 226.55 284.72 251.94 329.30 0.218637
7 326.79 333.86 367.09 417.76 0.211449
2 443.37 221.29 460.98 275.37 0.209036
2 273.73 270.32 292.97 317.27 0.205632
2 416.28 127.41 425.27 148.08 0.201562
2 73.85 437.40 144.39 530.95 0.200382
7 390.77 255.27 439.38 296.64 0.199530
2 258.61 357.91 291.85 404.49 0.193051
7 393.16 255.31 439.46 296.44 0.190767
1 248.51 265.36 267.51 318.54 0.189167
2 486.30 153.83 501.07 188.44 0.185587
7 372.15 280.84 408.85 327.72 0.182295
6 598.34 15.83 614.05 27.54 0.178719
2 450.01 199.06 467.30 237.54 0.177086
2 416.30 127.38 425.18 148.70 0.175852
2 242.67 327.44 255.60 367.34 0.174009
2 412.86 202.52 427.34 249.26 0.166904
2 295.45 306.62 319.27 364.33 0.166116
2 462.83 192.08 477.56 232.63 0.164144
1 248.60 265.43 267.72 319.08 0.163480
2 242.09 327.76 256.09 368.12 0.163313
2 399.21 208.12 416.12 257.53 0.155755
1 258.78 357.83 292.10 392.30 0.152480
2 73.99 437.97 98.04 520.63 0.150864
2 277.53 319.20 295.21 365.79 0.150088
2 503.06 175.00 518.43 212.93 0.148296
2 486.35 153.80 500.73 188.07 0.147995
2 412.43 202.47 427.41 249.11 0.142800
7 372.58 253.04 440.03 327.74 0.140756
2 399.81 208.11 416.37 257.34 0.134483
7 562.63 417.91 630.06 539.01 0.132261
10 513.99 466.47 544.06 495.38 0.130554
2 463.12 192.29 477.45 232.58 0.128626
2 449.69 199.32 466.59 237.02 0.128177
2 471.59 144.40 483.52 185.63 0.127627
2 295.33 306.82 318.98 364.77 0.119116
2 503.24 174.95 518.33 212.33 0.110404
2 443.80 123.96 451.32 146.13 0.108803
2 502.56 126.33 512.92 156.23 0.107261
2 277.70 319.23 294.48 364.83 0.103854
2 74.17 437.13 144.40 531.45 0.102365
2 417.40 150.68 426.39 176.14 0.102215
2 288.37 322.63 312.79 372.84 0.099976
2 74.39 437.84 97.60 520.80 0.098097
2 471.31 144.57 483.92 185.76 0.093476
2 249.28 371.11 271.77 403.89 0.092762
2 502.56 126.19 512.98 156.61 0.076531
2 201.88 265.33 320.48 488.71 0.075065
2 417.74 150.43 426.31 176.31 0.072977
2 443.70 124.03 452.33 146.38 0.067953
