4 1476.27 485.61 1539.62 610.37 0.782277
4 1495.26 671.68 1596.60 705.12 0.736614
4 1385.03 673.07 1461.02 703.91 0.724321
4 752.02 499.76 814.39 625.62 0.702201
4 1126.90 446.61 1178.25 570.42 0.699313
4 1126.13 446.18 1178.07 570.31 0.699177
4 770.26 745.18 861.04 780.20 0.682805
4 1477.43 485.83 1539.90 610.08 0.681850
4 753.37 499.95 812.56 624.60 0.670283
4 828.52 487.67 885.39 599.33 0.667033
4 833.64 487.15 885.49 599.20 0.659800
4 617.52 506.61 677.24 631.87 0.618739
4 269.19 89.82 333.64 196.25 0.596747
4 375.33 512.76 440.11 640.49 0.596611
6 470.89 678.24 602.55 723.61 0.579454
4 404.37 683.86 478.65 708.01 0.563746
7 473.19 678.36 601.85 723.92 0.533903
4 403.54 681.81 478.29 707.55 0.528114
4 1506.67 95.63 1566.16 214.58 0.527112
4 1497.64 96.59 1566.59 216.30 0.507485
4 489.47 99.28 546.99 225.28 0.501592
4 1173.61 83.99 1227.29 209.64 0.484962
4 1440.27 86.20 1497.72 212.22 0.475546
4 917.99 686.11 988.51 706.15 0.433427
4 423.34 182.18 478.92 214.63 0.428576
4 614.11 506.53 677.52 633.72 0.426437
4 1173.79 84.04 1227.66 210.06 0.421258
4 1041.75 671.32 1136.21 704.89 0.414189
4 274.41 181.96 325.72 195.72 0.413805
4 418.48 88.43 480.95 214.18 0.409205
4 695.21 104.85 754.80 232.69 0.407594
4 491.90 182.15 545.70 225.27 0.397884
4 489.09 99.33 546.82 225.71 0.386134
4 1756.83 114.82 1810.58 230.47 0.378877
4 269.88 89.65 333.76 196.67 0.377136
1 1628.77 518.82 1656.76 568.35 0.365006
1 1630.75 521.95 1656.75 567.17 0.364083
4 470.92 698.66 541.50 724.47 0.356819
4 1439.46 86.54 1498.42 213.59 0.354787
4 766.70 103.12 827.00 238.19 0.345934
4 162.69 691.05 211.18 705.42 0.341624
4 377.64 512.97 441.06 638.59 0.338329
3 185.12 119.00 208.77 152.73 0.334907
4 1755.60 117.22 1810.02 230.00 0.316848
10 714.72 920.08 868.12 1020.81 0.314099
4 845.30 100.81 897.10 244.87 0.280820
4 419.48 88.32 481.80 215.67 0.256910
4 767.80 103.19 826.61 237.51 0.248479
4 1860.42 600.76 1915.57 696.44 0.228612
2 1393.71 697.89 1416.97 720.18 0.222808
4 844.72 101.29 896.96 245.39 0.221760
4 1440.42 181.99 1495.34 212.16 0.209940
4 1258.54 512.36 1327.26 649.38 0.201353
4 769.70 182.22 825.69 237.01 0.192734
3 1571.07 545.39 1603.26 564.69 0.190007
4 716.10 105.25 754.76 232.30 0.181720
2 1339.93 548.11 1355.82 564.56 0.175349
1 1630.21 519.06 1644.04 540.08 0.172451
10 780.02 819.21 862.71 892.41 0.149158
2 542.53 700.02 558.13 721.04 0.134876
1 214.55 358.32 250.14 401.91 0.121230
2 446.31 672.76 458.30 692.85 0.120511
4 1652.32 30.53 1679.27 57.76 0.110614
4 716.11 182.42 751.70 232.19 0.109397
7 1257.67 513.87 1328.87 650.40 0.094141
10 1271.50 573.19 1315.92 624.42 0.089714
4 1616.69 69.91 1637.35 90.76 0.076896
10 1571.87 548.77 1610.63 597.69 0.046270
