1 319.31 250.06 363.13 339.70 0.605191
1 446.82 178.46 468.16 235.01 0.591977
1 319.51 250.03 362.57 340.06 0.552285
1 340.49 199.40 372.37 265.47 0.536782
1 447.09 178.42 468.58 235.09 0.525444
1 340.43 199.12 372.25 267.63 0.508694
4 260.50 52.44 286.71 61.57 0.426509
2 544.65 149.46 565.58 188.45 0.372368
2 544.74 149.93 565.92 189.83 0.345462
2 771.93 99.23 849.94 193.16 0.341355
5 655.36 76.56 682.60 97.17 0.337553
6 0.27 116.53 117.46 170.21 0.273637
7 598.82 99.01 633.80 123.28 0.258633
4 258.19 52.66 288.09 61.98 0.250672
4 32.65 55.81 48.28 64.52 0.234554
4 844.22 50.52 856.99 59.72 0.215958
2 602.15 151.06 622.27 196.80 0.213656
2 657.29 183.16 671.66 207.33 0.197155
6 655.12 76.08 681.69 97.28 0.194899
2 772.56 99.59 849.75 194.14 0.190549
4 844.60 50.10 857.46 60.30 0.189525
2 657.29 182.43 671.64 207.63 0.188990
7 598.87 98.74 633.83 123.69 0.186238
4 32.18 56.55 47.60 64.22 0.182427
3 648.77 116.51 665.07 134.52 0.180223
4 826.04 51.40 834.09 57.06 0.171174
2 600.86 151.21 622.21 196.30 0.170607
7 619.02 160.46 655.35 189.83 0.162606
2 821.91 153.10 834.24 177.51 0.132652
2 821.74 152.75 834.04 176.86 0.124465
3 643.53 157.88 667.16 185.68 0.111298
7 619.57 160.39 654.57 189.54 0.107584
2 631.98 138.94 644.61 181.16 0.090344
2 773.37 158.13 787.70 189.77 0.083388
2 648.30 105.62 661.64 133.01 0.071485
2 783.14 159.84 796.56 193.95 0.067404
2 631.96 139.37 644.68 181.07 0.063132
