4 861.40 700.80 953.39 764.67 0.912476
4 860.17 701.04 953.56 764.49 0.910269
4 806.69 286.43 915.59 345.78 0.898814
4 934.42 112.67 1024.27 150.22 0.857027
4 933.35 113.38 1024.63 150.07 0.845504
4 973.94 180.70 1083.43 226.88 0.842042
4 974.02 180.10 1083.26 226.99 0.836559
5 859.24 32.28 979.20 86.77 0.819677
4 808.57 288.75 915.67 345.87 0.817573
4 762.44 459.49 849.61 569.96 0.785687
4 703.79 301.48 773.04 373.89 0.785594
4 704.01 301.05 772.89 374.24 0.779422
4 312.29 65.58 350.66 103.70 0.772264
3 981.89 709.88 1032.90 761.05 0.768543
4 416.59 8.39 445.57 35.06 0.759108
4 306.72 0.00 339.22 22.09 0.747125
6 627.57 7.49 794.55 74.63 0.736749
4 762.65 459.79 849.47 570.01 0.736666
5 859.89 31.74 979.52 85.98 0.728797
4 732.86 375.74 810.11 461.25 0.724554
4 860.84 701.48 895.77 764.43 0.724381
4 257.72 200.19 314.86 257.44 0.706638
4 258.53 200.26 314.31 257.65 0.700458
4 312.15 65.47 350.32 103.17 0.700226
4 160.88 325.92 242.33 437.29 0.681883
4 1022.66 259.27 1105.05 338.26 0.680706
4 1022.95 259.20 1104.52 338.01 0.679598
5 160.41 326.42 242.89 436.52 0.669645
4 416.94 8.93 445.26 34.65 0.664043
4 1099.60 265.61 1201.00 355.13 0.658145
4 732.06 375.97 810.28 461.74 0.656243
4 306.81 0.00 338.53 22.80 0.642776
6 628.29 7.57 778.97 76.11 0.642631
4 1099.69 265.53 1199.74 355.24 0.642037
4 883.59 79.93 954.87 109.71 0.620955
4 869.76 404.49 900.85 444.52 0.605586
4 888.23 79.65 953.83 109.55 0.602907
4 627.78 69.66 693.42 104.65 0.585984
4 0.38 602.49 124.09 764.61 0.585275
4 216.27 268.07 283.20 346.02 0.575044
4 113.96 462.77 193.88 521.01 0.569758
4 658.33 151.22 694.76 191.87 0.568654
4 0.47 601.76 123.97 764.33 0.565717
4 654.26 151.97 695.39 197.23 0.508423
3 981.24 709.97 1033.08 764.58 0.502833
3 1322.22 657.46 1359.77 719.56 0.496596
3 1103.88 211.29 1142.68 238.84 0.490001
3 241.49 86.16 256.68 114.07 0.487922
4 87.84 499.07 169.95 588.22 0.485572
3 1152.77 462.71 1202.43 502.21 0.474392
4 218.26 268.20 283.30 346.09 0.467519
3 1091.53 404.15 1149.33 453.76 0.466548
4 88.56 462.48 194.51 588.01 0.458959
3 1322.28 656.24 1359.64 720.98 0.445114
3 1034.63 311.65 1124.33 367.54 0.431560
3 1152.61 462.66 1203.16 501.60 0.429148
4 112.36 462.76 193.60 518.87 0.426382
3 1124.96 337.25 1172.87 373.44 0.423662
3 1094.29 410.33 1150.51 454.41 0.409597
4 825.87 598.44 898.43 679.28 0.401962
4 858.25 32.99 895.80 60.32 0.400970
4 632.73 69.18 690.94 105.00 0.392428
3 1103.64 212.64 1141.97 239.41 0.387943
4 715.81 86.34 780.33 134.33 0.365162
4 951.50 745.97 984.09 764.86 0.350214
4 638.73 93.10 669.14 136.37 0.333303
4 869.92 393.26 895.78 444.20 0.330546
1 1252.70 488.11 1279.86 524.44 0.321822
1 1253.69 488.34 1280.01 524.28 0.312911
7 1015.57 442.88 1083.22 520.18 0.304161
3 1028.96 136.23 1060.37 158.31 0.300725
4 1225.75 216.40 1260.21 239.55 0.296589
5 597.88 50.92 648.46 89.90 0.296376
3 1227.29 442.53 1269.44 480.62 0.283071
3 241.25 85.28 256.75 113.08 0.276287
3 1130.38 440.37 1180.89 479.65 0.271835
5 598.82 50.56 647.92 92.36 0.271116
7 1015.37 440.66 1083.02 518.52 0.268524
2 1038.56 397.79 1065.72 432.37 0.242113
4 714.27 86.05 777.13 133.78 0.241649
2 1251.71 520.62 1289.41 551.77 0.237412
4 825.90 598.42 895.47 679.58 0.232547
4 639.03 93.03 668.93 137.19 0.220521
3 1079.91 443.60 1103.39 479.89 0.217009
4 162.25 515.11 207.08 572.93 0.215082
3 990.89 157.97 1011.84 183.74 0.213878
1 1118.64 208.09 1136.24 235.56 0.211534
3 1086.36 477.72 1116.05 522.82 0.209295
7 1039.72 476.62 1087.97 538.80 0.204466
3 1051.48 156.27 1090.47 180.47 0.203946
2 1039.00 398.15 1066.49 431.67 0.200006
2 1188.05 399.20 1212.59 431.90 0.179749
2 1187.12 396.65 1213.05 432.12 0.177697
3 1079.18 444.59 1103.06 478.53 0.175671
3 1169.42 181.55 1199.60 206.73 0.174893
4 717.39 85.85 758.49 113.99 0.160333
1 1118.69 207.62 1135.56 233.99 0.146809
3 992.52 160.51 1017.75 183.56 0.122810
4 162.53 515.03 206.87 572.05 0.122319
2 1255.33 341.06 1282.99 372.54 0.120616
1 881.41 12.06 891.28 33.64 0.114529
3 1088.48 477.44 1115.59 521.46 0.109728
7 1041.39 477.19 1088.17 539.77 0.097979
1 816.85 14.24 825.35 34.91 0.093695
4 493.33 360.20 515.34 429.59 0.089160
4 858.90 37.33 875.88 57.47 0.083365
3 1080.39 169.16 1095.79 199.15 0.073747
1 826.30 13.68 836.06 39.21 0.064887
1 817.40 14.02 825.33 34.22 0.062586
4 492.19 350.23 518.10 429.06 0.041336
