3 0.13 455.95 64.47 505.97 0.861834
2 67.22 166.15 956.80 538.78 0.795392
3 0.00 455.56 64.34 508.59 0.789118
2 4.39 165.58 957.26 538.40 0.776477
4 143.85 89.06 175.28 109.37 0.719333
4 144.30 88.83 175.35 109.37 0.674028
4 195.17 92.15 219.01 116.73 0.654561
6 840.73 416.45 959.54 502.26 0.610594
2 372.77 263.30 643.98 418.66 0.598787
2 371.70 263.48 643.27 420.95 0.444899
4 373.71 147.01 409.06 166.21 0.402219
7 125.32 351.51 179.69 393.45 0.381681
4 375.14 147.07 408.87 166.28 0.329629
3 340.45 483.85 363.55 509.62 0.323866
3 64.87 344.31 105.75 378.72 0.310245
7 288.96 466.38 336.59 517.59 0.292821
1 726.94 324.06 744.85 360.63 0.274616
7 232.76 368.70 284.53 407.85 0.269611
7 30.49 397.01 71.22 441.47 0.265226
7 838.85 416.57 959.59 501.00 0.257199
7 12.86 376.65 48.48 409.60 0.244561
4 79.07 97.76 98.56 112.22 0.234272
3 79.72 344.00 105.91 370.28 0.221903
4 0.08 108.04 15.41 124.83 0.213113
7 125.77 351.22 179.84 393.45 0.207752
1 867.86 183.70 882.36 204.16 0.205868
1 726.94 323.70 744.77 360.57 0.203599
2 793.38 234.59 811.46 258.04 0.197081
4 193.88 91.91 218.41 116.79 0.196490
6 823.60 416.36 895.50 493.10 0.196457
2 939.29 222.58 955.11 250.32 0.175451
1 7.20 439.58 36.48 493.42 0.169076
3 339.95 484.59 363.84 509.64 0.160461
7 163.29 499.95 228.43 539.65 0.160036
7 911.28 368.27 959.44 427.78 0.157218
2 768.61 206.81 784.36 231.45 0.155017
7 12.79 377.51 48.51 410.11 0.154362
7 229.83 366.42 284.86 407.91 0.145185
7 289.68 465.67 337.55 518.23 0.140924
2 357.51 473.20 387.98 530.55 0.137362
2 867.95 183.92 881.89 203.97 0.135631
2 836.91 181.59 849.74 208.15 0.133760
1 737.23 394.22 755.04 441.55 0.131752
3 484.88 427.17 507.82 453.68 0.130730
2 164.36 439.88 188.30 492.20 0.130417
2 793.40 468.85 822.53 532.22 0.125786
2 638.27 226.49 649.53 253.38 0.125686
2 793.29 235.02 811.91 258.94 0.120610
3 910.44 368.56 936.62 398.92 0.120205
2 442.43 214.14 454.70 240.91 0.119226
2 939.27 222.56 955.28 250.44 0.117654
7 29.74 388.83 71.09 441.20 0.116808
1 69.76 360.39 90.79 412.16 0.110768
2 542.97 108.50 564.46 149.67 0.107078
1 246.91 149.82 268.15 205.88 0.106765
2 601.27 198.70 614.45 232.19 0.098649
7 219.60 463.61 282.12 532.03 0.094848
7 598.25 434.41 630.73 468.23 0.093601
2 423.81 363.05 443.88 412.58 0.093594
2 7.05 439.54 35.93 494.24 0.088433
2 768.70 206.98 782.66 231.34 0.084272
1 247.40 149.82 260.05 171.40 0.082124
2 435.19 102.73 447.04 142.24 0.079834
2 837.21 181.35 849.46 207.61 0.079500
2 638.18 226.52 648.91 252.27 0.072327
2 441.95 214.07 455.02 240.79 0.070072
2 737.45 393.96 755.00 440.03 0.062847
2 601.24 198.91 614.49 232.04 0.059622
2 164.43 439.83 188.09 491.97 0.058577
1 70.45 359.91 91.03 411.32 0.057206
2 435.39 102.50 446.81 141.82 0.040651
