4 708.68 470.70 780.61 506.63 0.440491
4 169.75 111.83 184.62 126.15 0.429679
5 314.91 187.19 360.70 225.70 0.415929
4 86.10 125.26 102.98 142.39 0.398953
3 48.56 398.75 61.30 417.14 0.382028
2 409.13 114.83 633.74 195.90 0.381377
4 33.32 278.49 63.70 311.36 0.378875
4 48.10 242.97 75.41 272.48 0.371932
4 0.08 298.45 25.57 330.03 0.371507
3 232.89 237.91 243.19 252.12 0.364179
4 249.41 302.42 265.98 328.61 0.362562
4 595.49 399.90 658.59 450.67 0.359554
4 540.02 371.19 603.95 405.85 0.358833
9 473.66 121.99 498.05 142.81 0.355652
4 638.47 423.41 699.85 471.58 0.350828
4 422.80 432.38 494.03 477.29 0.345471
4 561.35 389.77 625.18 428.44 0.341913
4 513.36 333.91 582.22 369.57 0.341604
4 217.42 345.19 236.95 377.44 0.336917
4 345.06 163.56 381.79 180.79 0.331732
4 258.58 376.09 287.22 418.63 0.331574
4 102.73 81.87 115.31 96.16 0.330955
4 383.91 165.16 409.57 187.65 0.329792
1 898.52 223.98 906.41 242.05 0.329041
3 177.22 236.72 186.20 249.40 0.324508
3 192.80 241.63 202.22 253.38 0.321433
4 310.60 150.92 347.25 166.24 0.321171
3 56.61 346.12 66.97 365.12 0.313833
4 708.90 91.11 725.46 104.10 0.308159
4 88.81 79.14 98.55 92.45 0.305278
4 360.42 143.79 393.57 161.18 0.304798
4 398.22 190.65 432.58 207.64 0.303762
1 53.13 311.45 64.27 336.57 0.301125
4 392.95 391.75 459.70 429.70 0.299492
4 735.01 79.19 757.80 94.78 0.297432
4 397.05 408.20 469.89 458.65 0.296909
4 501.65 316.92 563.81 348.98 0.293974
1 231.56 228.48 243.22 251.14 0.293135
1 880.68 256.05 891.35 272.86 0.290589
4 0.09 110.20 17.14 127.65 0.289275
6 289.54 45.88 333.63 88.67 0.286263
4 83.57 99.22 96.45 115.62 0.285920
4 377.17 363.12 442.63 402.97 0.282210
4 370.43 347.03 430.95 378.94 0.277246
4 307.57 178.23 347.30 197.45 0.274677
4 196.41 54.84 205.77 69.87 0.271427
4 357.71 312.09 416.03 343.43 0.267072
4 135.41 113.24 143.54 127.63 0.260918
4 109.91 29.44 120.65 39.37 0.255796
4 231.23 117.96 252.13 130.66 0.255166
