3 170.98 571.47 216.28 606.88 0.635318
4 933.69 391.96 1006.98 439.83 0.586189
4 916.00 338.92 1004.12 374.83 0.580342
5 829.34 199.94 882.79 264.86 0.555183
4 196.93 397.30 309.39 441.68 0.546921
4 1112.55 501.31 1184.45 563.54 0.533399
5 301.57 231.43 350.91 285.14 0.524533
4 336.08 494.35 371.93 543.26 0.522408
4 254.46 483.19 372.21 543.79 0.522367
4 239.88 364.93 335.52 404.67 0.519569
9 584.38 120.81 622.88 158.69 0.492161
3 521.31 329.85 552.77 349.08 0.478603
4 113.15 277.89 180.54 308.67 0.465495
5 341.06 248.60 380.91 285.62 0.464903
4 480.95 241.93 515.89 273.96 0.458508
4 0.26 398.70 105.45 439.74 0.456869
7 1044.70 328.01 1110.98 365.44 0.448372
4 0.11 309.90 56.61 342.25 0.443439
4 74.93 309.63 170.06 342.05 0.441028
7 238.14 296.04 288.67 318.51 0.425758
4 242.39 264.25 294.06 295.67 0.405793
4 261.30 548.95 339.57 634.39 0.403604
7 181.47 335.25 255.23 366.04 0.387046
6 1184.73 326.40 1257.17 363.08 0.383082
3 685.53 332.40 711.57 348.01 0.380312
4 664.27 136.07 696.14 151.38 0.377713
4 541.81 242.76 572.86 273.86 0.377185
5 336.09 232.05 350.65 278.49 0.375449
3 120.25 424.44 191.09 458.87 0.368041
4 148.85 638.94 229.29 730.41 0.361834
4 653.28 72.60 663.52 85.53 0.354740
3 0.18 457.58 61.22 506.11 0.348961
3 113.26 325.51 147.59 350.41 0.347261
4 62.22 279.26 98.93 308.69 0.343222
3 967.16 330.17 990.77 345.40 0.337496
4 591.95 243.87 619.57 272.71 0.328825
1 177.70 560.93 194.71 596.54 0.324205
4 654.82 120.46 677.41 135.11 0.321076
1 797.79 206.48 806.62 228.20 0.319635
2 433.07 218.22 468.48 267.81 0.318185
4 679.04 102.68 689.64 113.69 0.317004
1 334.54 275.10 345.64 304.22 0.310523
4 521.19 169.79 547.57 189.02 0.299907
3 18.62 472.36 61.24 505.67 0.293666
4 744.83 93.01 758.93 105.12 0.293237
1 976.98 318.64 989.39 343.50 0.291500
1 906.99 227.77 918.13 252.62 0.291025
4 555.36 219.79 582.38 248.03 0.286767
1 529.94 319.99 544.61 345.23 0.285262
3 710.06 327.59 730.48 342.86 0.281600
1 712.05 313.50 723.04 340.40 0.277844
4 591.80 222.91 619.04 250.17 0.275789
1 694.90 320.58 706.03 342.83 0.273335
4 565.85 176.34 587.71 196.48 0.271844
4 790.12 141.57 810.04 159.20 0.266536
1 812.19 196.49 820.04 215.06 0.261399
4 552.99 205.13 578.04 228.82 0.260184
1 351.96 276.95 361.27 298.09 0.259484
2 892.75 219.85 903.50 244.22 0.258784
1 486.46 185.48 495.58 206.07 0.257639
2 637.24 139.62 645.24 156.85 0.255392
4 606.88 167.12 626.23 183.48 0.253725
