4 648.36 52.82 672.92 86.40 0.524448
4 458.49 36.89 484.13 70.17 0.517574
6 679.35 145.61 713.56 198.43 0.495288
4 549.84 34.60 578.30 71.04 0.479683
4 612.67 39.24 637.57 71.94 0.478643
4 1098.60 187.71 1116.60 222.30 0.461944
4 824.81 149.18 856.99 186.13 0.458713
4 735.44 521.91 782.97 606.54 0.443827
4 1101.68 228.73 1149.16 270.50 0.438511
3 505.37 166.78 519.99 193.14 0.437478
4 160.35 473.10 254.81 531.34 0.434922
1 945.38 457.73 964.17 490.99 0.412574
4 522.42 44.26 535.76 65.83 0.405966
6 688.18 541.50 725.58 623.27 0.382185
2 338.68 727.90 371.75 771.13 0.371339
3 949.25 472.75 962.92 491.80 0.369402
4 812.85 229.44 852.62 284.83 0.369016
4 791.86 516.99 842.74 608.42 0.358430
1 61.92 499.18 84.67 523.35 0.334370
4 1201.78 377.30 1251.32 410.70 0.333128
4 101.12 979.38 154.50 1015.48 0.311351
1 411.82 179.74 426.85 207.83 0.304508
1 355.26 740.11 371.95 766.61 0.301848
2 499.36 133.20 513.27 157.54 0.300909
1 604.44 333.74 617.78 345.93 0.296521
1 339.43 728.41 356.93 756.86 0.287899
1 131.14 877.75 180.93 898.89 0.274287
3 338.29 748.12 356.51 775.17 0.269311
