9 129.22 198.16 350.22 396.20 0.633541
9 0.56 196.55 198.44 452.66 0.627820
4 872.98 248.11 953.53 371.55 0.590540
4 927.24 494.71 1023.81 705.25 0.577263
3 1132.03 102.94 1179.04 131.61 0.552059
1 987.09 143.93 1011.20 193.34 0.550223
4 918.93 730.07 1023.66 980.40 0.548194
3 1022.43 227.66 1053.23 254.29 0.537899
5 951.34 206.77 1023.74 355.23 0.527906
1 442.46 537.71 478.54 617.06 0.523518
4 775.58 230.35 845.59 353.31 0.513767
4 1211.09 240.50 1318.06 359.18 0.499877
5 1129.37 497.15 1281.29 704.54 0.494123
5 1177.12 701.10 1399.52 992.64 0.491756
4 1244.17 151.08 1394.04 208.88 0.485933
4 1042.92 240.51 1131.68 359.26 0.483623
4 1128.06 252.45 1220.76 352.18 0.483610
4 1296.53 232.82 1399.77 309.29 0.482235
7 563.17 522.51 604.15 596.32 0.476430
4 705.40 713.35 886.99 1019.44 0.474217
4 1086.75 172.57 1171.53 261.38 0.474108
4 1265.78 193.64 1399.75 253.92 0.473885
4 858.01 158.56 925.99 250.28 0.462489
1 1090.46 481.64 1129.52 550.36 0.462481
1 1070.84 448.33 1108.01 508.59 0.462076
4 777.35 212.99 833.72 247.93 0.454244
4 1287.76 26.35 1383.46 112.14 0.429264
1 1268.59 126.99 1290.35 160.45 0.423242
4 1318.69 705.55 1399.80 912.90 0.415167
4 142.24 4.34 230.89 58.24 0.406508
4 1227.18 17.33 1295.51 107.64 0.373246
4 382.99 208.02 401.21 260.91 0.371111
3 711.55 126.93 732.29 180.03 0.354842
1 1126.71 258.92 1160.82 340.88 0.347762
4 1326.28 496.99 1399.89 648.62 0.323402
3 1036.69 83.08 1075.72 116.66 0.318337
3 924.63 80.72 973.27 111.92 0.265861
3 710.70 113.68 745.55 181.26 0.264983
