4 1022.53 597.47 1085.58 650.55 0.598246
4 1147.42 877.58 1263.09 990.01 0.595541
4 903.84 529.82 951.64 570.68 0.586029
4 1374.82 978.62 1530.75 1079.59 0.568420
4 1375.12 978.07 1499.26 1023.53 0.563208
4 962.24 445.90 1001.78 482.29 0.486518
4 961.62 401.30 989.36 426.74 0.431284
4 782.04 267.18 798.97 282.41 0.419100
4 859.51 398.62 888.50 426.69 0.411553
5 900.88 286.34 928.15 317.58 0.401645
4 855.15 363.70 879.32 385.06 0.398644
4 507.80 212.83 539.76 221.69 0.372267
3 1397.81 697.08 1449.64 756.94 0.355224
4 761.77 255.70 779.77 267.28 0.345499
4 915.82 393.49 943.51 418.74 0.340842
9 793.20 194.37 812.22 205.88 0.340322
4 955.88 374.70 968.11 390.38 0.340020
4 793.20 249.56 809.68 261.41 0.338131
4 925.74 340.04 946.55 358.74 0.335831
4 949.88 352.28 975.65 373.18 0.331415
4 184.28 217.63 228.56 227.85 0.328419
4 899.86 362.21 922.59 381.19 0.312170
4 838.31 249.50 852.67 262.46 0.305563
4 834.99 272.68 848.91 285.42 0.305125
4 910.60 377.88 935.67 400.93 0.304516
4 912.65 318.81 929.92 332.68 0.301265
4 838.93 284.63 853.92 296.99 0.300655
9 1752.02 282.90 1842.62 317.87 0.272772
4 1122.90 424.32 1136.59 439.16 0.260993
4 1001.67 207.49 1023.53 217.55 0.258560
