2 353.55 832.44 388.59 879.86 0.554737
2 970.48 173.27 988.49 217.53 0.521088
2 904.69 168.83 925.75 213.46 0.506521
2 162.12 410.00 190.76 462.57 0.459462
2 772.62 93.45 791.28 131.65 0.459085
2 735.42 90.40 752.75 134.46 0.458328
2 626.31 91.16 647.09 135.44 0.453788
2 542.43 229.94 572.13 285.76 0.447780
2 794.41 102.37 807.54 144.61 0.440555
2 399.27 86.04 418.32 122.94 0.403224
2 331.75 16.54 348.38 58.72 0.401895
2 130.32 397.48 166.57 452.30 0.399988
2 1336.85 45.04 1361.03 80.24 0.373484
2 399.02 190.29 421.73 233.83 0.357056
2 416.72 225.58 444.51 279.58 0.353246
2 645.58 110.25 660.91 137.27 0.353064
2 77.36 367.70 119.65 430.85 0.324058
2 1317.13 108.62 1348.49 157.96 0.322693
2 372.17 296.39 397.07 350.04 0.321077
2 517.71 990.18 545.68 1023.65 0.312709
2 924.53 39.00 947.20 72.87 0.303483
2 1298.22 15.16 1328.03 53.77 0.301495
2 0.13 927.59 60.48 973.17 0.301491
2 51.27 356.87 88.93 417.80 0.301187
2 367.29 186.41 453.11 358.58 0.299855
2 384.64 264.66 443.27 333.08 0.283886
2 391.22 300.11 421.62 357.90 0.280161
2 370.27 237.01 394.76 278.58 0.278685
2 378.53 189.20 395.79 224.84 0.267654
2 49.97 355.36 204.13 466.39 0.262956
2 1317.08 45.14 1361.16 94.40 0.259734
2 369.36 209.14 420.62 275.42 0.255158
