4 445.44 216.47 480.45 260.04 0.495757
4 640.24 428.71 707.46 479.32 0.449341
4 688.54 354.52 747.75 403.57 0.438130
4 586.17 373.03 645.59 424.23 0.433734
4 0.10 136.96 29.49 174.73 0.423214
4 893.73 581.41 970.38 646.78 0.422133
4 624.31 353.92 672.31 400.01 0.421814
4 690.14 401.74 748.44 450.57 0.418049
4 974.84 640.26 1056.19 710.45 0.417498
4 431.63 162.74 461.98 208.39 0.413460
4 1081.37 649.53 1170.53 727.38 0.401174
4 975.53 640.66 1023.74 695.88 0.400598
5 469.68 251.17 591.53 378.88 0.392592
4 813.80 533.22 886.53 594.88 0.390000
1 606.90 68.18 615.83 86.38 0.387228
4 1156.56 652.06 1237.64 718.82 0.387029
4 1010.36 547.19 1086.72 616.63 0.383181
4 748.88 536.04 830.71 606.93 0.381334
4 597.19 136.03 619.77 156.69 0.378828
4 925.63 497.81 995.82 561.58 0.376574
5 750.69 438.46 847.11 515.06 0.376350
4 425.89 101.47 455.64 151.35 0.375091
4 1007.23 547.30 1023.91 586.04 0.373731
4 465.41 503.31 503.64 575.82 0.373677
5 853.37 500.21 925.49 565.82 0.373653
4 510.70 507.55 544.47 573.77 0.371928
4 758.40 395.81 823.96 454.29 0.368174
4 729.79 469.69 799.28 533.43 0.363318
4 1202.87 727.74 1275.49 786.81 0.359616
4 968.21 574.00 1023.75 637.24 0.356429
4 185.66 612.18 256.55 651.32 0.355831
4 186.43 583.90 260.13 617.06 0.351920
4 556.77 298.25 615.11 354.45 0.346191
4 190.66 556.96 264.23 588.18 0.344823
4 128.24 646.93 207.07 680.53 0.344094
6 681.96 172.65 773.24 312.79 0.342515
4 87.89 714.38 179.50 751.57 0.335628
4 194.96 667.38 240.56 731.49 0.326212
6 638.40 0.43 1023.62 464.76 0.322257
4 81.97 751.81 165.83 787.18 0.317025
4 1301.68 744.27 1370.50 787.35 0.315223
4 110.44 680.05 193.82 715.79 0.314170
4 172.51 735.71 222.60 787.36 0.313529
6 805.59 252.39 926.97 378.37 0.256061
1 585.09 71.28 593.47 91.34 0.255672
