4 642.05 596.24 665.20 648.08 0.449911
4 471.67 7.26 510.37 47.39 0.412213
4 1326.35 298.27 1354.92 348.23 0.400328
4 530.22 624.96 555.63 683.87 0.397720
4 458.17 389.96 482.31 440.31 0.396528
4 551.93 337.60 576.76 377.79 0.395860
4 667.46 0.12 686.82 21.89 0.384118
4 1189.93 290.42 1216.98 340.07 0.349519
4 461.88 315.33 492.25 356.84 0.343767
4 454.42 269.04 501.60 311.26 0.338985
4 1250.40 295.74 1276.99 342.46 0.326790
4 1057.67 162.94 1082.82 193.16 0.326529
4 483.80 676.33 530.63 724.83 0.322977
4 796.38 66.46 841.12 100.93 0.316608
4 475.49 105.71 497.35 152.46 0.313504
4 1283.15 417.94 1332.72 453.32 0.311693
1 561.63 510.00 572.28 530.06 0.311360
4 1222.96 294.53 1249.93 341.65 0.299572
4 452.34 545.19 488.61 602.65 0.297083
4 1252.91 735.17 1308.32 759.32 0.287859
10 431.54 613.02 455.81 664.94 0.271244
4 1212.28 421.69 1261.20 455.01 0.256248
4 15.66 693.62 39.62 705.27 0.253123
