4 276.48 510.86 363.42 539.77 0.544205
4 92.89 386.88 167.29 427.26 0.531589
9 390.84 283.37 431.64 321.45 0.528661
4 95.89 451.20 178.82 501.09 0.519429
4 112.88 520.24 183.22 539.47 0.449326
1 168.23 392.64 182.53 416.04 0.443005
4 240.15 427.70 296.13 484.17 0.440708
4 194.39 356.62 255.03 399.06 0.438867
2 274.75 266.95 676.29 514.42 0.434272
4 76.98 489.38 167.77 539.39 0.374727
4 631.49 222.08 668.57 242.42 0.373611
5 730.50 153.31 767.42 178.69 0.369505
4 709.56 238.46 760.50 264.54 0.339905
2 0.96 103.49 222.11 433.37 0.303842
4 647.45 261.90 705.70 292.35 0.301408
3 370.77 477.81 384.88 512.68 0.295475
6 715.49 181.93 738.49 200.86 0.291684
6 80.57 333.58 125.37 373.26 0.289870
4 679.63 248.87 729.73 279.59 0.284338
3 74.83 367.43 98.14 391.29 0.279283
2 739.64 55.98 959.14 198.98 0.276132
1 36.12 405.50 48.46 430.76 0.272054
1 231.74 417.18 242.53 442.16 0.261299
4 31.21 321.20 60.58 343.22 0.259771
