4 515.88 90.75 547.23 146.23 0.522575
4 344.18 178.12 396.27 212.10 0.522053
4 607.30 95.98 634.59 145.26 0.494885
4 1257.51 68.22 1299.42 92.38 0.485381
4 739.87 0.00 799.85 12.77 0.449999
4 376.02 182.17 396.01 211.83 0.447587
4 348.22 84.13 411.52 116.25 0.437970
4 503.58 0.16 527.19 18.64 0.433927
4 819.44 695.33 908.55 733.44 0.430352
4 807.52 635.94 905.15 677.23 0.424755
4 632.91 356.85 707.68 392.81 0.417998
4 639.48 252.83 707.68 285.11 0.409661
5 840.42 63.94 872.29 124.29 0.409148
4 761.34 290.98 836.00 324.39 0.404944
4 788.91 323.81 861.00 356.25 0.401538
4 791.99 356.49 869.93 392.11 0.399071
4 808.32 552.95 890.43 593.15 0.398930
4 791.60 261.30 869.14 297.55 0.398768
4 395.55 0.00 457.45 20.01 0.398599
4 784.27 472.59 871.10 509.72 0.397882
4 640.60 323.09 712.39 355.27 0.396271
4 683.45 218.40 750.54 249.75 0.394912
5 769.64 60.36 799.94 118.08 0.394670
4 783.18 435.53 864.37 471.35 0.393981
4 637.61 289.00 706.94 321.41 0.393425
4 790.25 518.95 873.94 555.76 0.392735
1 917.69 312.44 929.10 335.01 0.391840
4 786.03 229.30 858.41 262.73 0.391744
4 684.74 159.71 754.15 189.99 0.390144
4 685.60 185.94 749.28 218.21 0.386461
4 798.94 398.05 872.01 435.12 0.385787
1 726.86 464.72 737.74 488.22 0.384694
4 239.10 510.16 288.46 592.79 0.380957
1 678.34 38.71 688.85 59.15 0.379970
1 712.17 461.15 723.34 485.41 0.377703
1 882.33 470.32 894.04 490.73 0.376307
4 838.84 777.31 922.07 787.87 0.376082
1 919.30 201.39 927.64 219.29 0.374930
4 787.02 201.74 858.45 233.36 0.374013
4 692.92 40.66 751.58 73.27 0.372456
4 697.92 72.08 762.59 102.24 0.371664
1 906.47 194.36 916.26 214.55 0.370732
1 884.26 204.37 895.57 223.10 0.370116
1 815.09 37.03 824.74 68.48 0.367779
4 693.72 98.92 760.58 128.37 0.365683
4 705.14 120.88 758.65 155.57 0.352799
4 388.06 42.85 423.80 71.55 0.350847
1 962.23 566.85 974.27 584.99 0.343459
1 937.21 355.45 950.28 374.84 0.340053
1 1207.23 21.72 1233.02 52.57 0.337126
1 949.85 506.18 965.35 526.21 0.335134
1 931.02 105.31 942.23 126.71 0.334742
4 393.09 14.48 430.01 44.32 0.332106
1 950.57 146.95 963.29 169.75 0.330999
6 806.02 70.18 836.84 124.25 0.329841
4 912.32 0.03 931.83 12.75 0.327157
1 916.42 137.13 925.86 159.56 0.321743
4 816.35 737.07 892.48 771.75 0.305141
2 931.78 515.26 945.78 545.69 0.302121
4 942.51 1.04 974.60 24.87 0.294489
4 543.69 499.77 579.50 583.02 0.292758
4 885.64 25.83 905.36 44.07 0.291353
1 980.47 738.31 995.18 753.93 0.287409
7 916.02 30.37 970.27 52.58 0.276775
2 932.37 515.30 944.36 532.01 0.276067
6 980.35 332.67 1023.69 452.92 0.259795
3 868.36 79.91 902.52 114.36 0.250146
