9 845.65 0.01 917.03 69.92 0.630786
4 927.32 327.40 995.82 449.94 0.600349
1 532.03 126.89 550.54 170.29 0.455609
2 549.55 176.09 567.82 215.34 0.422400
2 553.00 125.93 572.00 166.70 0.420071
3 639.19 172.22 670.97 204.87 0.406590
1 577.11 180.21 597.99 221.19 0.396720
7 718.97 322.96 756.22 396.18 0.395210
1 713.00 279.62 731.26 318.29 0.378281
6 1014.45 982.94 1163.72 1049.77 0.359992
2 703.59 318.91 719.19 358.32 0.345232
1 180.42 106.21 203.17 147.13 0.334457
2 639.91 158.36 664.29 197.29 0.307855
10 623.84 732.24 653.08 786.74 0.279964
1 616.29 956.97 652.11 997.13 0.267303
