4 654.84 259.52 734.41 297.82 0.604066
5 539.32 360.59 653.71 438.34 0.392253
6 322.78 428.24 442.28 520.64 0.390556
5 1159.76 686.31 1300.76 764.72 0.364973
6 547.16 308.91 619.68 343.08 0.357248
6 1213.58 237.76 1316.73 311.34 0.346728
5 1037.51 661.37 1150.29 764.26 0.334679
6 1244.13 297.69 1359.67 384.07 0.332349
6 144.86 255.08 224.21 314.71 0.307167
1 1179.15 344.04 1194.38 372.38 0.298125
5 674.49 341.37 743.74 401.96 0.294006
5 769.22 313.81 834.54 372.67 0.293728
6 913.11 646.55 1063.57 764.45 0.293311
4 1301.16 695.64 1359.73 764.57 0.292828
6 1246.64 416.20 1359.63 510.00 0.284907
5 718.22 324.56 783.54 382.89 0.284297
6 1158.87 144.79 1265.98 203.06 0.284257
6 1104.82 371.61 1223.61 450.88 0.279926
6 1013.95 153.21 1119.29 213.93 0.273690
1 1337.16 227.47 1347.74 252.60 0.271008
6 592.89 599.99 760.66 764.57 0.264228
1 1256.07 349.68 1272.73 385.42 0.262956
6 1173.06 391.51 1298.29 475.06 0.262431
6 755.04 627.15 878.95 764.41 0.261997
6 434.20 575.10 640.69 764.65 0.261007
6 816.61 334.07 1156.59 499.11 0.258655
5 588.24 353.00 695.44 421.26 0.254984
6 816.31 409.62 952.53 498.79 0.251543
