4 50.90 750.85 100.78 784.16 0.484588
4 676.59 453.82 729.75 478.62 0.413013
5 671.28 607.03 735.27 638.86 0.392707
4 530.67 694.03 587.02 722.81 0.385707
4 638.79 109.50 658.08 142.26 0.373964
4 516.60 767.11 580.82 787.64 0.370212
4 557.92 637.39 596.43 664.85 0.355807
4 672.12 572.71 738.80 601.44 0.353226
4 1350.24 699.64 1377.48 716.56 0.348057
4 958.51 457.54 980.75 474.83 0.347202
4 649.95 147.10 673.17 185.08 0.342521
4 543.48 485.95 602.02 513.76 0.335876
4 935.83 689.55 984.78 714.99 0.334138
4 452.40 13.82 498.14 46.38 0.330536
4 516.29 727.23 577.76 755.75 0.329911
4 533.04 661.53 593.67 692.42 0.329244
4 670.69 548.55 728.35 578.88 0.329166
4 688.98 644.15 731.91 669.00 0.316107
4 464.91 2.39 504.57 25.20 0.311940
4 671.57 521.83 728.30 548.56 0.310218
4 557.95 534.29 604.41 562.26 0.307675
4 585.75 382.37 611.79 404.36 0.297951
4 690.65 733.76 757.74 783.01 0.294583
4 569.07 271.85 617.54 309.56 0.294031
4 677.49 496.65 732.63 524.09 0.286705
4 561.97 558.30 600.19 584.97 0.286396
4 659.91 298.12 681.49 333.08 0.281730
4 1075.05 0.00 1097.11 17.81 0.278504
5 668.35 347.92 688.96 390.34 0.271742
2 610.57 303.54 621.81 316.98 0.270843
4 795.53 73.66 808.05 91.30 0.257238
4 568.88 343.16 625.62 383.42 0.252752
