4 1095.52 389.40 1141.79 433.30 0.600178
4 1147.46 328.68 1184.87 365.36 0.538403
4 884.76 699.51 951.52 778.70 0.533109
4 973.53 573.51 1029.55 637.21 0.529376
4 819.12 853.53 882.75 966.54 0.494558
4 1313.21 215.10 1341.16 248.30 0.481605
4 1208.01 251.49 1245.44 285.45 0.462161
4 524.87 1269.13 662.05 1441.62 0.453906
4 1010.91 502.54 1064.51 565.79 0.444574
4 623.98 1099.28 735.73 1254.36 0.374963
6 1794.28 283.16 1842.69 524.66 0.297895
4 1762.52 280.76 1792.40 304.89 0.292254
4 1137.59 339.47 1154.76 364.60 0.270568
6 755.52 136.86 788.86 161.91 0.253571
