2 348.90 889.18 397.86 947.48 0.548842
4 842.12 194.03 895.68 220.15 0.527798
2 1354.76 406.83 1390.42 452.35 0.523231
2 678.58 321.32 696.42 367.02 0.504821
2 887.27 500.99 921.12 551.62 0.485418
2 958.79 461.50 988.04 508.84 0.482338
2 1211.31 424.31 1245.53 470.27 0.482049
2 807.31 537.61 829.55 580.94 0.475847
2 935.94 246.48 960.00 286.32 0.469342
2 986.23 291.22 1004.43 334.47 0.469158
2 1147.31 291.81 1165.49 339.82 0.467522
2 414.62 488.54 435.63 534.15 0.454253
2 207.69 497.82 233.45 549.29 0.452965
2 993.50 208.22 1012.87 246.52 0.448466
2 773.58 498.78 799.40 539.53 0.441121
2 743.64 474.30 762.42 517.61 0.440264
2 504.57 534.69 528.09 574.44 0.424439
2 633.03 538.73 659.31 591.87 0.420919
2 645.89 508.77 666.80 550.47 0.411753
2 312.39 479.73 336.22 526.40 0.404985
2 1158.32 440.75 1184.16 489.77 0.403146
2 270.47 247.39 290.94 288.59 0.403028
2 1115.01 403.96 1143.62 449.13 0.389273
2 95.11 589.00 129.44 639.15 0.382527
2 350.67 644.98 393.23 696.59 0.376702
2 1066.12 422.10 1099.32 469.33 0.354918
2 1098.24 388.21 1128.52 435.62 0.352557
2 438.81 550.57 464.54 600.66 0.347272
2 314.55 628.50 349.51 680.37 0.334366
2 313.17 597.81 337.39 638.07 0.326340
2 180.70 659.49 209.19 711.60 0.323779
2 463.87 568.65 489.62 617.84 0.314710
2 0.20 621.23 42.10 671.22 0.297725
2 121.91 272.84 171.88 347.88 0.282630
4 722.35 201.93 792.62 233.24 0.276790
2 0.32 691.96 96.39 767.32 0.272640
7 1097.36 196.00 1139.09 235.93 0.269156
2 376.09 903.72 398.44 943.06 0.261461
3 518.22 348.87 543.29 384.58 0.256000
2 24.46 632.45 75.73 687.18 0.254869
