4 736.34 941.77 768.50 1011.80 0.414932
4 711.06 739.51 730.69 772.45 0.407582
4 701.60 694.75 723.36 728.48 0.385588
4 726.36 871.41 757.40 930.88 0.379456
4 645.78 809.87 670.99 859.00 0.360053
5 610.49 694.00 650.80 722.67 0.356833
4 642.13 766.38 665.93 807.49 0.355972
4 719.21 829.00 745.35 867.64 0.342789
4 674.41 1019.13 701.23 1048.54 0.308595
4 661.49 476.59 673.15 490.35 0.304334
3 642.33 871.35 672.16 913.86 0.302339
4 621.94 429.48 633.79 445.32 0.297896
4 642.43 573.59 659.07 600.12 0.297458
4 619.43 486.94 634.93 505.54 0.279196
4 594.28 669.62 630.13 688.50 0.278851
4 690.61 619.64 737.74 643.25 0.269932
4 622.49 399.33 632.34 412.19 0.269586
