4 763.91 435.15 930.52 516.19 0.550239
4 735.37 542.65 922.94 636.59 0.504562
4 200.05 314.87 311.90 373.69 0.483303
4 340.10 199.92 453.41 245.63 0.469903
4 250.99 663.45 473.88 764.03 0.466391
4 257.27 282.66 398.05 343.21 0.458791
4 336.23 593.78 472.15 688.47 0.447805
4 351.95 452.84 519.43 537.42 0.433855
4 336.14 521.52 499.88 614.03 0.431477
4 336.09 286.51 397.59 343.30 0.422791
4 570.41 28.68 635.07 58.51 0.413905
4 396.50 326.42 543.47 385.57 0.408583
5 232.22 217.47 402.72 302.18 0.402317
5 336.14 218.86 402.23 301.49 0.400119
4 379.11 397.56 525.55 476.20 0.399023
4 391.32 361.04 540.98 427.95 0.398712
4 738.34 304.97 877.62 369.29 0.397279
4 457.22 253.54 582.41 314.03 0.384534
4 419.19 293.88 552.07 349.54 0.377232
4 463.77 230.32 572.67 275.68 0.370102
4 526.32 99.63 605.34 132.03 0.356675
4 735.15 87.72 796.58 117.86 0.351178
4 740.34 281.54 849.82 322.50 0.344037
4 722.41 36.49 786.27 60.29 0.343202
4 737.58 254.77 850.43 301.96 0.340534
5 549.61 47.35 612.31 93.36 0.330657
4 732.54 167.98 821.22 204.82 0.330270
4 730.00 63.25 797.37 94.06 0.321406
4 478.83 203.98 584.67 249.31 0.305680
4 737.87 209.34 837.66 243.96 0.302465
4 740.67 188.86 837.80 224.71 0.302281
4 741.79 231.22 843.66 271.26 0.300173
4 478.07 188.50 586.07 224.45 0.296493
4 512.64 119.68 597.44 154.81 0.294098
4 491.44 169.47 587.40 204.55 0.278501
4 494.00 151.87 589.00 183.98 0.277756
4 509.45 136.05 588.70 166.01 0.267554
4 719.11 13.38 777.61 40.05 0.252237
