4 861.18 445.18 962.08 501.70 0.565156
4 605.67 408.22 713.34 461.68 0.563530
4 881.90 68.60 974.07 114.89 0.552300
4 482.82 115.05 563.73 165.60 0.525037
4 400.97 394.37 451.84 482.81 0.512623
4 1158.13 316.38 1208.75 397.56 0.504299
4 547.34 283.82 595.77 369.05 0.501245
4 751.43 253.70 795.72 339.45 0.482594
4 981.48 234.00 1030.76 303.45 0.470354
4 810.99 245.86 860.24 330.28 0.460320
4 869.05 242.44 918.96 325.71 0.452266
4 968.40 690.61 1023.98 818.08 0.451975
4 1212.78 189.86 1274.85 272.45 0.441153
4 1222.67 524.39 1297.01 620.05 0.436531
4 1224.37 1018.83 1304.46 1057.25 0.433754
4 1153.59 534.22 1233.24 641.00 0.417974
4 915.82 227.45 963.35 305.58 0.415621
4 948.53 568.22 1009.68 671.49 0.406030
4 1287.43 516.52 1368.31 619.36 0.403266
4 595.60 609.11 651.26 720.74 0.369710
4 1095.22 549.27 1170.74 648.10 0.363351
4 604.01 294.44 661.03 375.26 0.354726
4 359.69 595.88 389.19 627.36 0.354554
1 679.22 603.34 701.50 634.11 0.338551
5 526.06 595.98 582.48 722.68 0.328988
1 844.73 723.24 872.51 771.59 0.318095
1 798.26 628.63 827.90 692.25 0.310810
1 1246.49 691.26 1260.05 720.35 0.273704
4 401.42 601.17 437.30 656.02 0.271928
7 735.27 586.86 785.62 688.94 0.264740
6 1534.53 450.95 1610.54 519.81 0.264383
4 1445.60 18.06 1470.46 36.78 0.261498
4 1791.08 320.48 1840.69 348.64 0.260098
4 1275.18 995.92 1315.69 1021.60 0.260079
