3 692.04 144.56 715.87 189.72 0.597535
4 1263.66 192.20 1341.84 250.07 0.571997
4 825.69 6.94 901.52 42.08 0.544576
4 1329.21 217.91 1359.79 270.83 0.528215
4 1183.72 159.80 1267.73 209.86 0.517601
6 604.09 425.25 1163.51 647.90 0.512547
4 1151.85 138.28 1232.65 184.86 0.499703
4 870.10 21.54 912.92 56.10 0.487879
6 392.67 199.66 767.38 369.39 0.467408
6 1035.51 55.09 1217.97 182.87 0.461706
6 557.32 273.07 976.34 460.95 0.459247
6 912.99 31.62 1084.03 131.43 0.424197
6 491.09 52.70 619.70 115.46 0.403079
6 407.47 113.47 691.71 228.85 0.391128
6 381.48 0.39 579.63 97.12 0.364993
5 769.21 192.53 842.07 292.60 0.336972
6 898.76 11.08 995.06 83.93 0.298275
4 772.21 0.00 871.33 18.47 0.273801
