1 1129.27 579.43 1175.33 661.46 0.560151
3 1359.36 783.05 1399.74 834.76 0.513371
4 76.43 450.82 149.25 509.56 0.508428
1 1289.89 717.83 1348.80 817.71 0.489403
3 1147.92 711.17 1201.08 740.62 0.451751
4 1081.91 997.98 1271.78 1049.47 0.446689
4 0.27 401.16 149.05 509.41 0.442929
1 735.80 556.63 768.91 633.87 0.434184
3 1024.32 671.90 1071.58 700.74 0.431191
2 1250.77 751.84 1298.85 816.02 0.410333
2 754.44 643.02 793.90 730.32 0.409909
1 591.75 643.06 633.50 729.80 0.396423
2 822.57 609.27 868.04 693.20 0.394347
3 1193.49 285.29 1219.95 315.04 0.366744
3 1293.02 361.29 1350.88 399.45 0.363961
3 1304.88 444.50 1384.95 493.88 0.361645
2 799.91 579.03 833.18 655.08 0.344002
2 1226.85 288.08 1250.50 317.69 0.324464
2 475.27 515.08 502.19 562.95 0.317201
2 565.65 555.75 606.40 636.36 0.315645
2 628.92 654.02 659.43 712.27 0.301104
2 527.22 552.24 551.17 612.33 0.297270
4 1098.13 998.59 1214.34 1023.65 0.286950
3 1298.65 299.72 1340.74 328.11 0.285808
1 478.33 485.32 507.08 555.52 0.277478
3 504.88 515.77 539.48 556.65 0.275943
7 600.51 534.19 652.63 588.32 0.271757
3 1253.43 291.59 1277.43 316.40 0.268316
3 599.87 557.93 638.27 588.41 0.263467
3 1253.13 291.32 1293.06 326.50 0.259189
2 803.15 611.43 836.87 694.21 0.252905
3 570.55 533.55 638.36 588.58 0.252029
3 781.20 654.55 828.13 711.75 0.251422
2 577.80 513.58 619.69 573.35 0.250369
