4 507.11 820.64 563.97 896.15 0.508252
4 444.22 952.96 519.22 1023.53 0.499261
4 631.46 693.52 659.79 723.22 0.494705
4 626.98 795.17 676.35 851.11 0.487606
4 236.24 988.13 333.63 1049.59 0.487078
1 936.29 935.00 956.30 989.92 0.471433
3 1090.42 718.10 1140.61 750.50 0.448482
4 628.70 652.30 647.11 670.98 0.445228
4 254.44 988.20 333.52 1023.75 0.441694
4 1349.00 770.06 1399.72 788.91 0.423143
4 921.43 842.57 1045.54 897.37 0.421294
4 805.13 813.66 856.15 863.16 0.407066
4 720.53 707.13 751.48 737.95 0.403862
4 1053.02 792.62 1127.72 846.22 0.401226
4 1014.27 873.88 1151.17 925.33 0.396109
3 903.31 942.86 950.25 1008.03 0.392804
4 1184.35 739.29 1239.42 775.84 0.392132
1 78.68 736.60 97.07 771.36 0.386654
4 861.87 810.10 929.37 860.74 0.384135
4 1102.78 787.63 1175.55 846.04 0.381913
4 596.43 599.04 610.56 611.49 0.381086
4 979.72 798.75 1051.81 844.75 0.374961
4 1336.35 743.00 1371.44 765.51 0.374194
4 615.22 595.68 628.98 605.44 0.373988
1 1074.85 751.53 1089.90 786.32 0.371812
4 988.37 742.01 1075.56 771.73 0.371123
4 720.74 768.57 817.72 812.20 0.370762
4 918.51 800.94 981.56 850.72 0.370010
4 720.33 675.03 745.28 697.82 0.368802
6 773.73 659.70 832.48 697.52 0.367223
5 36.31 601.52 105.21 630.02 0.366473
4 794.84 754.09 878.70 788.85 0.360612
4 620.04 570.02 630.89 578.71 0.359797
4 948.49 768.30 1052.94 806.00 0.357619
3 71.62 752.00 122.08 782.65 0.353234
4 1260.04 780.45 1302.96 794.43 0.347737
4 1283.12 728.98 1314.03 750.72 0.328625
4 718.67 632.53 741.02 652.19 0.328125
1 1075.62 720.15 1092.83 750.04 0.325048
4 943.32 699.54 990.72 728.55 0.316173
1 1101.21 728.66 1118.06 763.11 0.307357
4 988.00 741.17 1023.85 767.16 0.306365
4 671.87 610.11 709.49 629.78 0.303773
1 975.50 703.04 992.09 743.47 0.291221
4 615.38 624.25 627.99 644.53 0.285395
4 657.50 595.84 670.21 607.69 0.281006
1 841.92 612.09 851.25 629.07 0.277898
4 785.23 623.74 804.18 640.63 0.274172
4 1169.87 884.49 1188.41 920.13 0.274027
4 829.81 671.26 861.27 695.00 0.272057
6 967.74 546.89 1023.44 684.85 0.265013
9 706.66 578.60 731.56 591.59 0.263702
4 789.35 727.05 873.04 766.83 0.259170
1 820.20 641.96 839.58 668.15 0.251593
3 73.96 752.73 99.38 781.33 0.250341
