4 320.49 336.14 413.87 387.52 0.578273
4 732.40 591.96 897.19 680.00 0.561770
4 788.84 546.93 923.84 620.26 0.557264
4 847.24 481.28 985.40 545.91 0.536621
4 649.97 643.73 781.67 730.00 0.489657
4 973.39 27.76 996.91 44.05 0.481166
4 751.41 123.44 806.08 149.91 0.465022
4 960.45 344.15 1064.81 394.27 0.442410
4 976.02 326.89 1072.90 368.14 0.439447
4 960.55 338.11 1023.75 387.75 0.428074
4 901.69 395.03 1015.99 457.95 0.417907
6 353.26 329.23 689.08 651.19 0.412461
4 796.65 98.47 850.46 125.29 0.409765
5 353.63 514.10 474.86 651.30 0.394346
4 975.93 326.30 1023.84 347.39 0.380600
4 483.49 258.58 581.85 311.23 0.356696
4 183.68 379.36 269.19 440.70 0.354170
4 784.48 111.86 837.85 138.13 0.352563
5 946.47 254.10 1023.78 331.70 0.349290
6 0.24 393.23 235.92 649.28 0.341887
4 1194.56 67.72 1253.80 86.81 0.333175
6 945.92 235.22 1168.11 362.14 0.323416
7 869.11 416.18 991.29 496.65 0.317266
4 619.73 0.13 655.42 10.73 0.295477
4 0.18 71.17 33.36 92.48 0.291754
6 441.74 681.86 769.48 764.53 0.290849
5 1033.74 188.23 1076.81 237.01 0.264120
5 717.45 119.57 754.98 150.18 0.262337
6 1033.39 187.62 1222.65 261.78 0.259692
6 1228.44 93.86 1349.48 152.03 0.254319
6 336.09 108.64 376.91 229.09 0.253880
4 1024.96 236.42 1067.46 262.78 0.253517
6 1168.63 40.84 1282.97 80.40 0.253496
4 1153.11 44.49 1173.06 67.01 0.251941
