4 448.64 375.10 528.47 445.31 0.539175
4 662.93 441.61 741.61 534.54 0.520526
4 613.44 244.86 649.30 277.57 0.471509
1 1302.11 711.30 1359.73 801.41 0.464253
4 924.30 304.32 990.00 343.63 0.460820
4 691.30 549.54 805.11 713.17 0.409395
1 1372.36 600.08 1399.75 668.29 0.408193
1 434.54 1014.09 483.74 1049.46 0.399686
4 552.39 217.02 582.72 242.44 0.397522
4 562.29 630.24 668.72 823.77 0.395846
4 459.96 195.68 510.05 227.86 0.372407
9 520.81 128.54 576.23 190.40 0.355083
4 784.78 207.36 804.24 233.83 0.302248
4 834.82 247.38 878.69 277.03 0.299713
4 633.65 307.92 668.61 341.36 0.295154
4 535.69 216.96 593.39 256.67 0.274170
4 1119.86 368.59 1172.04 409.24 0.264508
9 579.55 81.85 599.72 108.68 0.263585
6 802.21 197.03 825.48 235.94 0.262916
4 566.17 631.14 655.35 737.83 0.254366
