4 549.86 318.17 653.62 475.23 0.606550
4 962.41 916.34 1289.95 1049.46 0.598821
4 811.94 407.05 1050.18 510.97 0.586207
4 813.98 260.65 1004.13 356.53 0.576829
4 505.46 509.64 632.98 716.91 0.570973
4 947.00 758.88 1280.30 895.19 0.568207
4 182.61 4.77 285.09 106.11 0.558188
3 842.51 38.76 887.96 82.97 0.546446
4 623.16 5.35 689.57 99.27 0.535618
4 814.78 194.36 996.64 274.79 0.529993
4 805.90 0.00 882.63 47.09 0.525197
4 963.08 631.04 1023.88 747.61 0.510991
4 963.70 622.46 1231.80 748.94 0.503234
4 843.94 500.28 1023.75 618.38 0.493089
4 964.75 924.81 1023.68 1049.46 0.484587
4 612.71 106.79 688.24 212.23 0.479996
4 946.84 764.78 1023.70 891.73 0.477148
4 413.77 25.89 468.73 75.05 0.475872
4 413.96 0.32 490.23 78.12 0.467910
1 782.37 0.33 805.22 57.69 0.423060
1 766.72 8.78 782.75 55.74 0.414849
4 649.11 0.00 696.98 10.41 0.360630
1 379.42 517.29 421.80 601.26 0.355744
2 766.14 25.99 800.29 57.93 0.341046
4 803.80 25.79 884.21 48.04 0.338839
1 782.35 26.09 799.63 57.43 0.319915
1 726.47 0.00 740.75 17.61 0.269541
4 0.23 35.59 14.49 67.87 0.266133
