4 582.01 220.79 607.68 242.57 0.504046
4 738.80 316.59 768.16 345.00 0.503768
4 632.86 269.27 659.40 295.95 0.503130
4 737.75 372.18 769.61 407.32 0.493427
4 504.46 135.97 530.48 158.25 0.490961
4 784.85 125.23 809.56 135.50 0.478339
4 793.65 569.27 827.05 635.51 0.470228
4 597.41 199.97 623.99 225.32 0.459945
4 701.00 584.75 735.89 640.72 0.445011
4 267.39 152.98 290.59 170.85 0.431249
4 442.40 468.75 480.00 492.37 0.430902
4 300.22 162.08 322.59 178.29 0.415360
4 303.94 179.22 327.19 194.45 0.399757
6 730.60 23.34 800.56 47.09 0.397330
4 79.14 634.12 121.02 650.81 0.323895
4 778.74 55.99 798.43 66.62 0.310479
4 551.24 121.52 567.67 135.07 0.297480
4 596.27 135.02 620.09 158.86 0.279049
4 836.14 41.21 847.79 49.80 0.271054
4 852.74 40.38 871.88 49.72 0.267258
4 852.90 54.38 862.45 63.81 0.257359
4 565.36 20.08 581.80 32.56 0.251939
