4 336.19 373.59 439.70 468.91 0.565169
6 1167.41 118.46 1351.68 226.66 0.557707
4 807.16 416.27 1020.87 524.72 0.543506
4 133.77 439.90 344.02 551.61 0.514619
4 0.32 508.59 233.96 650.00 0.504761
4 648.32 635.17 913.02 764.38 0.464844
4 0.18 354.30 129.19 491.66 0.390565
4 875.73 327.15 1023.60 418.44 0.379861
4 611.53 178.10 733.96 246.61 0.379145
4 152.97 276.99 308.23 379.81 0.376846
4 1155.12 151.60 1177.79 178.59 0.368389
4 929.49 0.00 972.20 18.46 0.346244
4 818.62 50.70 904.86 96.02 0.339859
4 641.06 163.41 753.46 216.93 0.334847
4 336.17 214.62 378.77 283.11 0.333241
4 677.27 144.88 784.80 199.86 0.328096
4 728.24 115.93 828.49 164.14 0.322676
7 1199.80 1.01 1264.00 63.78 0.321418
6 1091.36 0.10 1185.43 39.67 0.318377
4 591.28 118.58 631.31 153.31 0.315842
4 895.28 298.28 1065.30 363.39 0.309387
4 465.44 105.33 498.83 171.23 0.305239
4 937.39 232.08 1087.11 288.59 0.304735
4 865.59 28.30 946.03 79.38 0.301465
4 922.37 268.00 1086.87 329.93 0.299895
4 879.24 15.56 956.30 54.25 0.299868
4 704.69 132.11 807.19 181.40 0.288133
4 274.77 239.68 350.89 277.88 0.288085
4 756.42 101.93 841.72 149.61 0.287611
4 951.59 204.97 1102.41 260.92 0.279239
4 590.03 136.35 607.51 175.11 0.276767
4 981.48 144.73 1023.45 175.72 0.276372
4 961.67 180.23 1093.88 219.72 0.274373
4 981.43 140.65 1107.67 183.67 0.273982
3 1344.90 157.10 1359.80 196.34 0.271497
4 922.79 265.68 1023.36 307.29 0.269588
4 717.06 82.16 730.23 105.58 0.269447
4 177.09 217.68 218.66 244.40 0.269235
4 937.64 230.00 1023.72 275.79 0.258443
4 983.69 165.42 1107.66 211.55 0.258147
4 767.05 83.07 873.73 128.38 0.251022
4 1083.90 0.00 1112.45 8.73 0.250849
