4 810.39 544.23 851.49 571.12 0.506147
4 262.01 606.42 312.85 626.13 0.448794
4 212.21 585.10 257.98 603.88 0.425981
4 1121.52 634.03 1177.64 677.64 0.417429
4 784.17 681.06 824.98 718.84 0.398246
4 989.72 593.00 1023.70 610.97 0.393444
4 636.89 70.25 652.44 93.64 0.393138
6 789.58 242.27 830.68 298.07 0.385720
4 450.54 465.86 494.33 487.09 0.360525
4 197.94 656.94 242.05 677.44 0.359329
4 414.51 628.86 459.42 649.08 0.350007
4 125.91 659.54 174.72 680.43 0.349998
4 305.96 631.44 348.73 651.66 0.349815
4 1312.71 569.01 1337.59 587.12 0.348904
4 284.83 678.42 329.07 697.93 0.347359
4 938.64 590.22 973.89 609.53 0.347147
4 510.76 133.32 548.56 165.77 0.346627
4 224.23 678.65 267.65 700.15 0.344210
4 252.77 657.38 296.10 675.75 0.343613
4 416.73 452.79 451.17 470.53 0.343611
4 504.84 188.99 539.55 222.91 0.338973
4 160.26 678.50 206.17 698.33 0.336838
4 344.53 677.41 386.61 696.48 0.330004
4 354.38 630.11 395.33 650.78 0.329496
4 881.71 590.93 922.92 612.78 0.326677
4 859.21 669.27 904.09 695.88 0.325040
4 280.05 456.47 306.35 482.60 0.324298
4 492.54 273.48 534.34 307.06 0.323471
4 878.01 572.82 921.44 592.92 0.320000
4 475.87 405.09 513.86 424.75 0.317977
4 409.87 654.95 452.71 671.74 0.315122
6 618.68 433.57 636.55 466.93 0.311977
4 356.67 654.91 395.18 671.76 0.307786
4 255.86 504.30 278.83 536.04 0.304658
4 504.95 243.76 540.16 274.11 0.303603
4 403.78 673.65 445.52 691.23 0.301280
4 706.31 909.31 730.23 960.26 0.299809
4 466.48 438.31 485.65 453.51 0.299635
4 307.29 656.24 343.09 673.34 0.298725
4 946.41 573.50 983.74 592.55 0.296518
4 315.40 445.21 336.59 461.60 0.295026
4 644.03 12.25 659.96 36.43 0.290661
6 640.59 415.58 658.92 446.84 0.288727
4 642.56 25.76 660.66 37.91 0.278256
4 886.70 613.72 927.09 635.24 0.276744
4 585.46 182.48 610.35 200.65 0.275457
4 702.77 828.33 725.71 877.23 0.270455
9 700.83 418.50 789.81 459.68 0.266990
4 1088.80 587.01 1132.30 608.83 0.261219
4 515.66 98.61 543.88 119.41 0.260271
4 757.80 846.56 781.00 897.76 0.253914
4 378.73 507.81 397.68 524.57 0.250767
