4 791.13 900.82 817.91 927.75 0.395517
4 836.06 1031.98 867.35 1049.85 0.382256
4 594.05 622.37 627.15 638.87 0.366848
4 783.21 869.09 810.14 892.64 0.355240
4 791.90 682.97 822.26 705.38 0.350861
4 798.06 925.56 826.68 954.71 0.349470
4 761.07 855.45 789.44 877.81 0.347152
4 43.56 994.18 66.59 1023.58 0.346979
4 709.77 744.61 740.22 767.46 0.329128
2 541.83 543.71 576.33 599.07 0.323817
4 745.74 818.39 776.26 840.93 0.321728
4 741.21 805.69 767.96 829.88 0.320710
4 808.36 708.24 833.04 722.48 0.316040
4 693.21 713.14 725.46 733.31 0.315815
4 727.70 781.61 755.42 807.87 0.313040
4 714.95 760.57 744.62 784.48 0.312231
4 904.79 1031.61 935.36 1049.72 0.311616
4 69.26 985.89 88.40 1015.33 0.311241
4 556.12 635.70 578.81 652.33 0.311145
4 87.86 985.00 108.60 1017.86 0.306567
4 109.25 986.61 132.90 1021.26 0.298230
4 703.25 730.23 731.55 752.21 0.289782
4 758.42 835.81 788.49 859.52 0.288074
4 1219.79 908.69 1292.12 946.71 0.287962
2 540.37 538.26 593.01 616.60 0.283852
4 776.50 643.34 807.42 664.76 0.283208
6 777.74 703.63 841.93 748.51 0.253325
