4 947.32 720.56 971.82 753.50 0.557388
4 1040.08 515.99 1065.65 543.01 0.509067
4 743.13 722.30 767.55 757.55 0.507661
4 992.27 483.22 1017.72 512.88 0.497446
4 451.83 670.55 490.96 706.66 0.495700
4 1067.16 575.25 1094.66 604.54 0.488557
4 808.04 194.56 822.91 213.18 0.458693
4 714.51 166.71 726.68 180.48 0.438705
4 720.72 211.09 733.69 228.74 0.433322
4 831.09 210.90 843.96 228.19 0.425366
5 707.77 579.32 754.91 658.96 0.395179
6 691.26 391.36 724.66 469.01 0.383749
4 676.67 488.68 691.49 509.72 0.367206
4 645.79 7.23 655.89 19.00 0.364540
4 875.97 306.81 890.64 325.97 0.359674
4 869.26 297.96 891.15 326.33 0.349663
4 731.05 549.39 747.26 578.15 0.328216
4 697.41 536.91 714.86 565.31 0.325986
4 773.47 133.62 784.36 146.24 0.323433
4 739.00 80.96 748.79 91.81 0.321231
4 714.62 528.04 731.96 555.94 0.295848
6 1101.26 613.36 1155.28 672.51 0.287598
4 633.28 113.41 645.49 126.94 0.258120
4 675.52 444.34 689.57 468.71 0.253886
