1 350.23 701.77 367.34 749.82 0.542137
6 398.57 675.87 573.30 764.58 0.534748
7 581.60 554.10 650.00 609.85 0.406465
4 176.38 632.98 219.57 674.01 0.364856
4 0.09 720.90 47.26 764.41 0.359989
5 334.49 541.79 384.76 585.43 0.356347
4 230.04 712.61 344.09 762.16 0.354053
4 0.16 697.58 64.45 749.48 0.352501
4 422.68 527.70 472.34 552.60 0.351232
4 6.63 676.15 75.76 707.89 0.346882
4 302.99 684.27 396.81 735.11 0.346711
7 741.86 476.35 766.29 504.06 0.342267
4 257.14 605.59 323.95 641.87 0.334828
4 186.55 612.97 289.16 652.50 0.328372
4 230.53 741.48 321.42 764.67 0.306071
4 470.38 520.91 509.66 545.56 0.296241
6 688.56 468.04 731.01 495.77 0.291694
1 956.30 483.00 967.14 495.52 0.275865
6 621.18 532.26 681.78 561.08 0.274718
5 634.06 556.65 664.84 592.25 0.255053
4 243.70 585.80 333.43 615.53 0.253331
