6 609.53 327.99 765.55 419.66 0.548023
1 598.99 328.15 614.63 360.81 0.508805
4 4.78 506.06 155.92 581.20 0.504463
4 336.26 701.41 463.12 764.37 0.484109
4 40.47 463.50 186.71 525.60 0.481049
4 319.82 639.75 479.36 716.33 0.474695
4 372.83 520.25 517.88 585.81 0.458399
4 348.23 583.35 492.18 651.73 0.456437
4 651.19 316.55 743.93 345.86 0.455433
4 97.56 423.69 227.23 483.84 0.449644
4 394.21 469.95 532.20 529.99 0.433023
5 428.37 90.23 471.47 140.41 0.430082
4 134.42 392.69 256.28 447.55 0.429698
4 167.01 360.66 284.77 412.54 0.425570
4 442.39 359.34 558.14 406.18 0.421930
4 410.14 429.08 535.42 480.97 0.405500
4 438.24 397.42 553.80 446.81 0.401418
4 336.09 229.03 402.28 282.01 0.388699
7 681.49 115.73 759.43 182.24 0.384757
4 381.39 191.98 456.11 230.17 0.383381
4 387.25 157.70 447.46 185.07 0.382490
4 204.57 332.57 293.62 381.07 0.377280
4 345.30 205.47 428.51 245.28 0.371418
6 613.23 58.40 680.01 102.76 0.371191
4 147.08 300.53 183.59 343.92 0.366251
4 489.97 61.20 543.05 85.37 0.364062
4 479.79 320.99 585.34 368.38 0.355765
4 291.51 232.88 383.57 279.39 0.352710
5 582.33 106.42 661.25 155.76 0.344817
4 91.19 265.44 116.23 290.45 0.343351
4 134.89 210.73 178.62 262.78 0.339861
4 43.27 289.36 71.74 323.90 0.335108
4 491.96 295.74 596.84 337.89 0.334054
6 700.84 52.84 769.33 102.40 0.330831
4 498.86 274.50 595.02 311.02 0.326059
4 518.98 238.06 604.83 275.08 0.317237
4 365.24 164.95 438.87 200.44 0.310753
4 509.09 254.67 594.78 288.29 0.307687
4 526.63 219.90 615.24 255.04 0.307568
4 67.22 269.21 96.21 310.22 0.306358
6 718.87 29.07 773.28 70.95 0.290259
4 56.22 152.73 95.77 174.77 0.288595
4 0.10 444.87 13.98 483.29 0.287131
4 540.81 188.71 617.56 219.52 0.284817
4 534.76 49.18 564.62 73.48 0.282673
4 520.93 10.03 545.31 32.08 0.281971
4 742.15 15.13 759.54 30.71 0.278699
7 698.15 146.49 753.33 181.75 0.272990
5 717.51 113.94 762.53 153.53 0.272217
4 566.93 14.85 590.01 34.52 0.268586
4 506.66 42.80 536.82 63.13 0.267225
4 217.90 301.65 335.67 351.45 0.263889
4 570.12 152.91 634.69 174.53 0.259738
4 502.07 9.99 518.02 28.58 0.251228
