4 401.29 983.98 436.22 1013.05 0.503754
4 506.44 945.36 550.72 977.08 0.483243
4 800.30 712.88 816.68 742.73 0.461112
4 812.91 763.68 836.36 797.80 0.440116
4 790.44 666.10 806.24 693.21 0.437316
4 385.05 1019.08 422.30 1044.35 0.431800
4 134.08 623.19 157.67 641.40 0.431421
4 822.28 814.97 853.43 846.09 0.421514
4 792.57 236.54 809.42 246.45 0.410443
4 827.61 481.35 839.83 503.70 0.399125
4 634.93 609.80 658.48 627.55 0.397863
4 572.71 1009.70 592.44 1048.21 0.396175
4 564.48 931.32 593.55 961.53 0.388847
4 831.31 514.17 845.83 536.09 0.385803
4 448.31 766.78 483.01 787.85 0.378345
4 623.15 642.88 646.16 662.74 0.373129
4 574.19 1008.99 588.90 1023.79 0.372610
4 650.38 582.05 669.76 602.99 0.363763
4 465.87 652.36 494.88 670.37 0.362850
6 1156.00 186.66 1267.10 350.17 0.345602
4 202.94 746.79 224.60 765.43 0.345180
4 786.22 250.39 802.58 261.02 0.341433
4 705.83 272.27 720.58 283.33 0.324865
4 911.92 163.25 927.15 188.15 0.324756
4 613.36 668.70 639.72 690.42 0.322427
4 749.49 340.27 771.11 349.76 0.315437
6 621.02 82.17 667.91 106.30 0.310730
4 835.74 449.35 852.10 466.98 0.309718
4 840.33 389.40 856.18 409.15 0.309315
4 591.62 591.45 608.03 603.90 0.307995
4 622.40 777.27 640.80 812.93 0.304928
4 654.51 640.52 677.56 662.52 0.304773
6 376.14 649.11 487.56 791.54 0.303116
4 579.06 25.59 597.70 42.61 0.299001
5 675.75 626.80 703.32 678.59 0.296747
4 46.07 835.03 66.78 851.17 0.295283
5 474.53 680.72 516.66 720.25 0.291846
4 759.47 320.85 773.21 333.05 0.290570
4 527.70 671.15 557.25 691.39 0.288340
4 875.33 256.15 897.07 265.81 0.282792
4 677.57 522.83 690.72 542.61 0.282017
4 771.71 259.43 791.18 272.73 0.281271
1 801.71 939.21 820.42 990.00 0.277397
4 719.98 292.07 741.53 305.32 0.275777
4 1088.60 391.55 1101.62 407.73 0.273871
4 933.29 220.67 947.85 232.98 0.271941
4 506.15 752.74 527.99 785.67 0.269760
4 591.77 346.75 616.08 364.26 0.268956
4 957.00 52.86 965.81 64.87 0.267903
4 1017.71 241.31 1031.92 259.33 0.264480
4 783.09 314.68 802.08 326.01 0.262500
4 813.68 764.31 830.95 785.90 0.259762
4 766.99 307.82 781.10 319.22 0.258704
4 504.41 650.91 533.81 671.28 0.258101
4 734.94 621.10 751.61 640.04 0.253127
