4 548.53 65.82 571.41 90.59 0.548168
4 481.53 384.52 510.42 427.65 0.437945
4 531.08 405.42 561.83 452.42 0.425358
4 677.10 712.28 720.77 781.03 0.386796
4 615.69 214.43 639.99 250.81 0.378499
5 526.78 186.21 546.46 229.11 0.351988
4 592.06 215.28 610.80 251.09 0.347937
5 592.24 477.30 630.71 541.34 0.344695
6 494.67 419.52 564.10 563.69 0.318178
4 502.60 326.25 529.51 369.24 0.302032
5 584.91 709.24 625.19 777.76 0.290220
6 567.93 530.55 621.81 624.03 0.259156
5 619.22 566.80 659.99 629.91 0.257565
5 603.21 638.19 693.97 787.42 0.253203
