4 987.84 807.47 1344.56 1088.33 0.683009
4 1842.67 127.62 1999.70 364.67 0.617153
4 1757.22 688.86 1999.59 955.69 0.610232
4 1507.78 476.02 1800.11 611.88 0.605545
5 976.25 617.15 1224.68 855.40 0.601138
4 1415.53 277.35 1718.54 484.66 0.596657
5 880.99 662.36 1023.75 857.13 0.588362
4 1756.06 782.78 1842.53 952.11 0.565811
5 1077.91 0.16 1342.41 141.95 0.532657
6 1281.78 136.41 1571.42 357.59 0.531520
4 972.54 0.00 1111.52 65.67 0.521455
4 986.79 932.71 1023.64 1061.06 0.519922
4 1665.72 0.00 1821.92 138.41 0.519850
5 1198.69 27.22 1440.07 207.11 0.499469
10 661.64 693.89 736.29 774.99 0.459785
10 1200.94 231.13 1243.26 291.56 0.439175
4 972.69 0.02 1023.74 53.51 0.432013
1 1301.62 286.94 1376.28 392.93 0.430458
4 1508.37 353.19 1841.97 611.81 0.413022
10 1163.55 1207.29 1710.63 1498.30 0.367942
3 819.08 945.73 842.86 1015.15 0.362141
1 484.28 924.76 530.13 991.91 0.352417
3 771.74 942.98 842.52 1018.74 0.350922
4 976.08 1378.03 1037.77 1499.39 0.350332
3 548.35 144.10 588.82 200.96 0.341258
3 674.04 476.13 774.82 550.96 0.335320
2 536.11 403.64 607.72 492.46 0.309547
7 739.25 223.87 823.99 322.83 0.302435
7 384.16 128.99 481.94 201.82 0.291761
3 819.15 945.02 852.07 1100.56 0.275065
7 606.68 610.87 679.45 706.25 0.262290
7 428.12 145.86 482.06 191.83 0.255635
3 384.34 129.87 425.97 201.10 0.252332
7 547.87 122.83 650.61 201.65 0.251145
2 634.74 495.76 662.86 550.23 0.250794
