9 427.92 87.45 576.88 173.65 0.700216
3 911.47 387.01 969.01 427.81 0.691059
4 300.69 208.21 420.08 259.09 0.667230
4 0.35 624.38 145.85 766.53 0.618853
4 376.02 211.71 420.13 247.85 0.617600
4 809.88 90.46 857.45 121.66 0.541653
3 509.13 318.19 535.74 361.61 0.516157
1 587.35 719.76 629.89 804.62 0.514794
1 721.57 599.15 769.44 657.85 0.506747
1 26.37 381.42 64.66 444.62 0.501356
1 466.60 829.22 513.10 916.16 0.500054
1 993.42 397.51 1021.54 458.50 0.494042
1 549.19 281.46 575.51 331.14 0.493567
4 570.95 157.29 656.39 196.92 0.485431
1 932.81 370.55 956.54 428.75 0.480989
1 921.56 273.23 938.89 321.83 0.465474
4 0.05 435.30 28.98 485.00 0.437832
3 245.19 776.97 361.07 860.63 0.430469
4 0.08 587.22 22.79 643.24 0.395705
6 775.68 70.92 1004.09 285.38 0.392827
2 775.89 132.58 788.72 159.04 0.380417
2 548.33 187.11 562.94 225.29 0.373706
1 429.98 855.19 464.28 943.08 0.372230
4 537.30 121.87 595.50 163.14 0.371404
2 559.59 189.84 576.52 225.55 0.362086
5 953.39 32.73 978.96 55.50 0.354398
3 431.03 878.66 497.23 945.01 0.346804
4 1180.02 52.78 1233.12 77.55 0.332560
4 585.53 131.79 645.64 162.34 0.329684
4 575.80 102.47 611.68 128.54 0.327407
3 751.64 611.73 785.05 653.78 0.324245
2 799.64 615.83 824.92 640.68 0.316163
5 665.28 23.96 699.83 56.32 0.313739
3 821.56 628.40 877.15 689.88 0.310390
2 588.47 192.07 602.85 231.96 0.309475
2 936.54 156.87 950.08 190.46 0.305256
4 1351.91 231.21 1386.31 262.80 0.297430
6 430.72 58.43 559.34 111.33 0.292566
4 628.44 78.93 679.87 110.35 0.291283
4 1204.80 86.59 1255.00 108.96 0.290548
4 1122.81 72.32 1163.08 94.68 0.285437
4 406.19 100.70 439.15 124.91 0.272874
4 595.96 107.12 648.44 137.42 0.272584
2 910.11 170.01 925.91 214.15 0.269048
4 641.58 111.84 693.88 141.01 0.266230
2 79.46 212.69 96.06 233.97 0.265635
2 800.74 616.00 846.98 689.61 0.257294
3 551.45 298.32 571.31 331.10 0.250513
