4 1039.42 544.62 1208.81 630.93 0.641185
6 831.97 345.47 989.95 448.83 0.613361
5 940.55 466.24 1109.58 568.75 0.601309
4 776.16 341.65 878.25 401.37 0.583843
5 798.74 177.15 877.26 226.64 0.560271
5 940.77 481.18 1023.85 569.18 0.554762
4 253.47 0.56 285.44 32.57 0.533937
4 99.46 358.79 169.99 455.60 0.526403
4 1157.09 111.57 1211.88 137.87 0.482677
4 201.55 290.98 262.03 373.17 0.473976
4 398.38 37.92 462.71 70.02 0.452206
1 748.59 485.38 770.98 535.67 0.424614
5 1049.12 172.39 1116.37 226.22 0.413698
1 723.15 481.16 746.68 530.16 0.406361
1 691.40 269.51 710.80 315.48 0.402932
1 749.38 329.62 767.84 370.63 0.374350
4 989.94 183.42 1065.93 234.52 0.369992
4 408.47 82.76 442.34 123.61 0.369004
6 548.53 220.55 641.93 326.21 0.368579
3 683.66 198.40 706.17 233.09 0.368309
1 1114.65 284.57 1133.03 316.08 0.355780
4 575.83 171.09 602.17 203.57 0.349589
1 604.82 142.66 618.30 177.01 0.349375
4 845.87 208.69 920.69 240.49 0.344935
1 710.62 170.32 730.56 208.19 0.343471
1 579.70 122.71 594.33 156.98 0.342966
6 720.74 259.16 758.07 321.96 0.342296
4 609.80 321.04 661.43 392.39 0.338433
1 761.23 296.97 779.31 328.89 0.336785
4 702.42 234.92 742.68 279.94 0.335925
4 992.63 184.36 1023.84 226.41 0.333800
1 618.79 128.18 631.53 158.52 0.331778
1 727.97 235.43 741.65 263.87 0.328733
1 1046.35 143.32 1061.96 181.21 0.320981
4 1186.03 271.58 1220.29 303.91 0.318702
4 875.71 210.12 901.49 240.20 0.317555
4 254.95 25.83 285.59 33.28 0.315593
4 980.14 158.75 1024.36 176.04 0.315031
2 556.89 122.24 568.14 154.63 0.311547
1 834.20 416.57 853.01 455.96 0.310232
4 550.62 179.09 602.09 210.06 0.301090
1 683.18 155.31 697.15 193.15 0.298722
1 385.04 62.04 398.19 94.71 0.295698
1 647.66 325.55 667.97 364.62 0.289728
4 954.58 131.35 986.13 153.81 0.286087
4 941.27 196.33 1008.05 243.64 0.284432
3 625.27 104.89 664.91 140.41 0.279568
2 537.93 78.44 553.17 120.23 0.277518
4 518.51 141.69 568.55 211.10 0.274469
1 1307.78 243.10 1326.19 278.56 0.273983
5 693.73 143.62 725.61 187.34 0.272705
3 1114.17 303.28 1132.63 327.51 0.271389
7 812.73 142.83 837.91 171.50 0.269016
4 865.01 128.63 899.26 152.67 0.267565
4 826.31 240.24 847.44 268.76 0.252463
