4 490.19 559.40 547.91 623.75 0.596743
4 388.10 904.67 474.47 1022.69 0.594489
4 382.95 534.53 441.15 598.44 0.593861
4 569.01 374.92 611.05 416.75 0.560053
4 299.96 753.25 393.34 866.82 0.547877
4 551.93 300.57 589.77 339.00 0.547265
4 104.58 846.47 203.35 975.71 0.535597
4 31.88 1031.27 127.62 1079.83 0.534500
4 22.88 488.61 133.62 552.22 0.527053
4 1376.31 802.94 1548.38 892.62 0.522944
4 540.31 97.76 568.77 124.80 0.519037
4 547.88 185.71 579.62 215.30 0.514735
4 161.35 734.79 246.34 844.09 0.511541
4 1026.66 309.77 1069.62 353.64 0.505286
4 658.79 91.99 683.17 114.74 0.499772
4 1360.59 457.40 1444.12 516.38 0.499557
4 206.71 621.81 286.03 717.66 0.497475
4 615.37 239.93 654.85 273.35 0.493951
4 1183.05 260.87 1227.37 290.13 0.489624
4 547.29 240.05 584.84 274.93 0.487093
4 136.76 427.85 220.89 489.26 0.483598
4 1494.75 547.04 1587.09 616.19 0.480937
3 857.19 508.51 892.05 535.57 0.478823
4 1597.01 772.62 1647.81 846.47 0.478516
1 1600.42 400.14 1616.32 436.54 0.475187
4 1182.78 675.25 1284.55 775.78 0.469527
4 319.40 411.78 378.27 470.15 0.468327
4 246.12 533.09 317.33 614.49 0.464992
4 1300.19 396.33 1365.40 446.03 0.464847
4 1064.08 383.16 1115.36 438.15 0.463025
4 1582.41 644.48 1679.18 730.34 0.460446
4 1220.78 291.57 1270.78 328.50 0.460059
4 617.38 86.95 642.81 111.80 0.459302
4 1084.18 435.61 1137.20 497.84 0.459058
4 283.44 466.40 348.77 538.19 0.448818
4 1145.88 232.02 1171.83 256.98 0.448064
4 1121.85 577.24 1187.91 662.43 0.446030
4 364.45 364.37 415.94 414.55 0.444578
1 1844.66 532.82 1867.08 576.70 0.442990
4 393.15 317.15 440.42 361.46 0.441858
1 1423.78 356.03 1436.67 387.43 0.440569
4 620.73 57.10 645.23 78.40 0.439170
1 1520.79 290.56 1533.67 324.82 0.430670
4 1103.54 499.02 1164.08 573.29 0.427920
4 1258.71 341.83 1316.17 389.95 0.425515
4 650.31 0.20 670.07 14.89 0.421253
3 850.63 472.16 883.14 500.11 0.414985
4 599.28 9.74 622.93 30.95 0.413895
4 465.20 201.60 501.24 234.50 0.412264
3 0.15 455.88 36.02 500.73 0.402076
4 705.20 0.00 726.39 13.33 0.396479
4 124.60 375.90 184.62 427.77 0.393703
4 83.13 418.42 146.80 475.45 0.392960
4 233.40 271.99 279.21 310.42 0.390953
3 744.89 685.56 765.91 727.57 0.390082
3 67.81 386.75 84.03 411.99 0.380524
4 167.17 334.41 231.16 385.61 0.379971
3 852.75 449.28 887.79 484.03 0.378909
4 447.87 230.69 486.01 268.71 0.372137
4 662.21 317.59 675.69 345.15 0.371384
4 422.77 257.57 467.88 307.83 0.369841
4 197.76 301.88 254.66 346.52 0.365731
4 263.33 239.66 306.69 279.87 0.363836
4 332.76 174.62 370.03 207.08 0.359419
1 818.47 376.20 829.24 404.91 0.359367
1 1374.53 183.57 1384.04 206.32 0.352465
4 33.96 210.19 84.34 245.83 0.347239
1 196.43 266.49 210.73 294.57 0.344675
4 0.13 245.50 33.37 283.27 0.341219
4 353.63 154.11 390.19 184.43 0.340131
1 1387.45 154.67 1399.66 176.54 0.335918
1 362.45 132.64 373.61 155.08 0.323916
4 425.35 97.16 443.07 119.52 0.322026
1 1304.82 139.58 1316.17 161.90 0.318614
4 167.36 123.34 207.73 152.33 0.313676
4 286.88 220.37 327.01 256.59 0.309138
4 312.03 197.92 348.81 230.52 0.307406
1 1764.43 449.19 1784.11 490.82 0.300370
4 320.01 125.20 352.88 148.03 0.299370
4 373.93 141.81 402.16 166.81 0.291770
3 834.76 415.41 867.91 437.26 0.290599
6 742.37 88.60 755.73 114.82 0.283072
1 710.89 564.18 728.20 602.80 0.282925
2 1115.25 15.32 1123.29 31.73 0.281248
2 1294.27 141.90 1303.46 164.39 0.269882
3 824.84 1047.13 896.92 1079.89 0.268143
2 1103.51 9.17 1110.65 26.19 0.264831
4 385.30 124.05 416.68 150.91 0.264199
4 433.05 78.01 456.93 103.22 0.264080
4 530.22 0.04 550.04 12.98 0.263418
4 1596.47 771.71 1725.28 851.22 0.263050
3 1773.67 753.53 1836.14 826.39 0.258416
1 297.79 202.58 311.12 222.43 0.258293
6 1580.65 669.21 1781.88 1023.20 0.253233
4 0.13 151.92 16.02 171.93 0.250756
