1 719.50 479.38 768.50 539.49 0.501501
3 524.94 176.32 541.71 206.14 0.462285
1 214.90 432.94 261.81 488.31 0.408757
1 510.17 196.28 527.68 239.66 0.398155
2 104.99 453.82 144.78 506.59 0.381573
2 443.22 221.40 460.60 275.27 0.380977
2 343.98 287.86 359.25 336.21 0.380174
2 85.08 465.31 119.59 530.87 0.373707
2 201.67 357.35 222.35 408.51 0.371823
2 211.91 324.32 230.93 368.00 0.359491
7 326.71 334.66 366.40 417.62 0.357626
2 73.99 437.97 98.04 520.62 0.346545
2 273.08 270.67 292.13 317.60 0.345900
1 248.51 265.36 267.51 318.54 0.344930
2 412.86 202.52 427.34 249.26 0.334171
2 242.67 327.44 255.60 367.34 0.322196
2 226.51 284.75 251.94 329.44 0.320559
2 416.28 127.41 425.27 148.08 0.316641
2 399.21 208.12 416.12 257.54 0.312445
7 372.14 251.57 439.41 327.78 0.306759
7 562.15 418.15 630.09 539.12 0.304513
2 462.83 192.09 477.57 232.63 0.304352
2 486.31 153.83 501.07 188.44 0.301203
2 471.59 144.41 483.53 185.63 0.299869
2 295.45 306.63 319.27 364.33 0.292933
2 450.02 199.07 467.30 237.55 0.283214
2 277.53 319.20 295.21 365.80 0.279975
2 568.30 494.27 618.44 539.52 0.275770
2 290.35 325.87 313.11 368.49 0.274755
2 503.06 175.00 518.43 212.94 0.270708
6 598.35 15.83 614.05 27.54 0.269828
2 233.65 386.04 268.98 418.50 0.269370
2 73.81 33.46 568.68 535.38 0.267884
7 372.15 280.84 408.84 327.72 0.267760
2 73.85 437.40 144.39 530.93 0.258569
