4 270.81 89.35 333.46 195.65 0.546521
4 753.01 499.43 813.82 624.37 0.506822
4 487.68 99.16 546.55 226.08 0.497402
4 614.73 506.41 677.08 632.00 0.494580
4 831.44 487.09 886.31 598.11 0.484308
4 1126.30 446.53 1178.69 570.88 0.469625
4 418.46 88.33 481.04 216.04 0.469211
4 1475.35 485.23 1540.62 611.13 0.463139
4 376.27 512.96 440.95 639.05 0.462826
4 1174.50 84.15 1226.33 209.21 0.452188
4 1439.47 86.41 1497.04 212.36 0.430747
4 695.27 105.11 755.04 231.93 0.426130
4 844.92 101.09 897.44 245.23 0.421837
4 1505.88 96.37 1564.85 215.18 0.417728
4 769.03 102.70 826.35 237.70 0.413468
4 1755.39 117.76 1810.11 229.06 0.380075
1 1629.43 518.79 1658.13 566.79 0.374750
4 1493.72 668.96 1597.91 705.10 0.344239
4 1040.81 675.30 1130.34 705.35 0.329120
4 915.94 684.13 989.40 706.00 0.306617
4 1386.06 673.23 1462.13 704.33 0.303345
9 484.48 677.56 602.16 710.09 0.296066
4 819.10 687.92 861.43 785.17 0.286490
5 1090.07 649.54 1143.02 700.35 0.274713
1 187.21 119.52 206.53 152.98 0.264833
4 770.45 745.84 863.78 781.27 0.253478
