2 269.56 269.09 318.50 362.72 0.599535
2 521.57 340.85 563.40 456.11 0.597826
2 196.09 166.96 223.71 230.99 0.589600
1 666.56 340.31 707.61 474.48 0.588243
2 399.56 213.39 427.46 296.91 0.567427
2 146.33 217.15 175.60 298.79 0.561182
3 403.41 177.19 439.19 215.54 0.560187
2 305.15 150.06 331.23 209.14 0.522873
2 332.06 259.95 368.91 350.13 0.512070
2 349.27 198.39 382.64 278.51 0.507952
2 513.29 234.44 553.86 319.64 0.489271
2 530.79 94.85 545.27 141.11 0.485183
2 313.28 224.79 338.88 306.87 0.478827
2 333.07 69.27 345.61 101.63 0.460168
2 110.01 171.79 129.42 201.72 0.459985
2 938.03 187.16 959.65 255.38 0.458429
2 643.92 86.28 658.10 124.22 0.457574
2 77.56 166.25 106.48 197.07 0.456254
2 891.70 146.51 921.79 202.75 0.453665
2 224.24 61.29 233.54 85.79 0.451388
2 851.36 145.82 879.95 213.11 0.448629
2 606.44 64.54 616.79 101.94 0.444690
2 570.48 90.51 587.66 116.22 0.411642
2 173.98 62.38 184.84 92.83 0.411286
2 310.21 76.98 321.90 115.59 0.391051
2 817.87 121.66 838.14 178.69 0.382458
2 378.05 40.64 386.93 66.10 0.376138
2 127.75 57.69 144.49 85.19 0.359973
2 402.21 53.68 413.57 77.69 0.353578
2 780.29 132.27 803.56 175.47 0.351176
2 134.70 127.11 146.30 144.08 0.350984
2 584.21 48.46 592.32 70.18 0.350075
2 516.33 168.48 539.78 203.21 0.348953
2 391.13 144.09 412.95 201.81 0.348215
2 524.23 17.89 546.00 49.95 0.346429
2 510.89 198.84 549.74 275.81 0.338708
2 901.27 107.78 916.96 148.67 0.337085
2 655.21 66.47 664.12 87.88 0.336606
2 498.61 147.17 520.14 204.31 0.334442
2 761.46 133.14 785.57 177.85 0.331228
2 247.60 25.88 270.99 55.98 0.319175
2 715.69 63.47 728.50 94.55 0.312814
2 808.58 107.82 823.88 142.59 0.312500
2 873.02 94.24 890.24 116.18 0.310445
2 922.32 111.67 957.19 155.59 0.303288
2 691.31 48.79 705.37 76.79 0.299825
2 924.36 86.37 940.16 121.88 0.287959
2 87.78 117.24 109.03 141.36 0.283698
2 804.31 86.55 817.81 113.09 0.281946
2 757.82 89.03 768.86 112.52 0.255024
