4 708.52 470.67 780.52 506.40 0.895275
2 409.18 114.99 633.74 195.95 0.870896
4 168.92 112.42 184.56 126.27 0.788758
5 513.31 333.94 582.22 369.51 0.735940
4 540.01 371.18 603.95 405.86 0.734082
3 48.57 398.76 61.29 417.15 0.727129
4 513.36 333.91 582.22 369.57 0.720101
4 422.80 432.37 494.02 477.29 0.719487
4 561.36 389.77 625.18 428.44 0.706717
4 86.10 125.26 102.98 142.39 0.702128
3 232.89 237.90 243.19 252.12 0.700322
4 595.49 399.89 658.59 450.67 0.693398
4 638.46 423.41 699.84 471.58 0.686519
3 56.16 344.71 67.68 365.10 0.680415
5 314.92 187.19 360.71 225.70 0.673563
3 192.81 241.63 202.22 253.38 0.669277
4 345.06 163.56 381.79 180.79 0.669145
4 392.97 391.75 459.69 429.70 0.666837
4 310.60 150.92 347.25 166.24 0.665947
3 177.23 236.72 186.20 249.40 0.654318
4 33.32 278.49 63.70 311.35 0.653697
4 48.10 242.97 75.41 272.49 0.651864
4 501.65 316.92 563.81 348.98 0.649375
2 768.80 28.28 959.21 118.25 0.645231
4 0.08 298.45 25.57 330.03 0.640526
4 397.06 408.20 469.89 458.65 0.637269
4 249.41 302.42 265.98 328.61 0.633842
4 370.43 347.03 430.94 378.95 0.631853
4 103.28 82.21 115.44 95.73 0.627703
4 398.22 190.66 432.58 207.64 0.626739
4 377.17 363.12 442.62 402.97 0.625262
4 360.42 143.80 393.56 161.18 0.618020
1 898.57 224.07 906.76 241.03 0.617026
4 357.71 312.06 416.03 343.43 0.606164
4 383.91 165.15 409.57 187.65 0.605601
4 307.57 178.23 347.30 197.45 0.597983
4 708.55 91.01 725.42 104.44 0.585715
6 734.92 79.31 757.00 94.78 0.584999
4 217.42 345.19 236.95 377.44 0.584008
4 359.37 297.52 414.32 318.32 0.580057
4 343.81 268.78 397.92 291.90 0.573857
4 258.58 376.09 287.22 418.63 0.566978
1 880.69 256.05 891.34 272.86 0.563186
4 322.26 213.86 369.43 237.76 0.562677
4 0.09 110.20 17.14 127.65 0.560550
4 735.02 79.19 757.80 94.78 0.556824
4 442.35 229.75 489.06 250.76 0.556343
4 88.81 79.14 98.55 92.44 0.553734
4 231.23 117.96 252.14 130.66 0.546925
9 471.99 121.96 498.27 142.87 0.542244
1 53.13 311.45 64.26 336.55 0.540378
4 83.55 99.21 96.45 115.62 0.529597
4 490.07 285.55 537.74 311.95 0.526242
4 498.84 299.23 545.72 327.57 0.520758
6 315.11 188.58 360.82 225.94 0.513432
4 458.33 251.27 504.63 276.04 0.513362
4 109.91 29.44 120.65 39.37 0.512437
4 334.52 230.83 382.58 258.35 0.509646
4 463.74 262.32 511.87 291.39 0.497456
4 53.52 34.31 64.34 44.01 0.491636
1 115.90 200.34 126.16 219.06 0.487572
4 70.98 210.27 92.04 231.36 0.486952
4 25.12 63.62 38.04 72.69 0.480672
4 196.41 54.85 205.78 69.88 0.469025
4 135.41 113.26 143.54 127.63 0.466414
4 99.19 17.55 108.79 26.40 0.466336
4 689.68 97.24 705.86 108.10 0.456659
9 117.47 0.91 167.31 15.83 0.455015
4 87.72 106.47 97.01 115.86 0.440662
5 303.16 128.94 325.79 149.43 0.434749
4 315.12 186.97 354.68 200.87 0.434664
6 289.55 45.88 333.61 88.63 0.426808
3 117.08 206.41 126.60 218.56 0.411359
4 446.09 241.13 493.52 263.65 0.398981
5 490.30 285.62 538.02 311.84 0.368135
1 233.86 399.18 246.05 415.89 0.363906
4 192.90 72.51 200.18 83.25 0.353319
4 725.01 76.81 738.16 88.85 0.344812
5 346.58 283.66 392.01 312.87 0.332031
1 46.70 389.51 58.06 409.80 0.328517
4 20.28 224.09 40.53 244.64 0.327369
3 844.27 485.48 858.52 512.35 0.317947
1 931.08 165.66 938.02 178.93 0.312300
3 339.70 306.79 350.52 327.24 0.292430
9 118.19 2.26 139.53 14.19 0.274375
4 64.05 243.14 75.58 270.88 0.261427
9 289.87 45.86 333.56 88.97 0.183824
