4 916.00 338.65 1003.83 374.65 0.941348
3 171.08 571.43 216.28 606.86 0.938824
4 933.88 391.97 1006.76 439.84 0.933585
4 197.03 397.33 309.40 441.66 0.925563
4 254.58 483.20 372.19 543.66 0.914240
4 1111.94 502.09 1185.29 563.20 0.913794
4 239.92 364.96 335.68 404.66 0.907109
4 0.24 398.73 105.53 439.74 0.872625
4 74.99 309.61 170.14 342.10 0.855477
3 520.93 329.91 552.91 349.24 0.850926
4 113.26 277.90 180.71 308.68 0.831714
5 301.57 231.44 350.55 285.22 0.819615
5 829.55 200.18 883.01 264.82 0.776829
4 0.10 309.82 56.53 342.19 0.773662
4 480.82 241.79 516.25 273.87 0.769368
7 237.99 296.23 288.55 318.35 0.763205
4 242.61 265.10 293.79 295.35 0.760327
7 119.87 421.97 191.61 459.39 0.759035
4 1185.52 326.02 1257.00 363.15 0.751382
4 260.54 549.21 339.50 634.57 0.750496
3 685.36 328.93 711.15 348.49 0.705428
3 120.36 424.48 191.17 458.93 0.705396
7 1044.63 328.31 1111.12 365.20 0.703102
7 181.75 334.56 254.52 366.13 0.702258
4 664.28 136.09 696.37 151.34 0.690626
3 685.77 325.23 729.72 348.24 0.683945
4 474.31 528.57 515.87 561.77 0.658633
1 976.51 318.81 989.02 342.84 0.656251
4 653.34 72.86 663.35 85.79 0.647746
3 0.14 457.71 61.50 505.71 0.647550
4 654.84 119.74 676.46 135.16 0.645977
6 584.51 120.74 623.31 158.58 0.635007
3 709.89 326.49 730.15 343.26 0.629922
3 113.24 325.26 147.43 350.37 0.628958
4 541.63 242.99 573.12 273.79 0.616927
4 148.65 637.96 228.30 729.56 0.614280
1 906.39 227.49 917.62 252.36 0.604159
4 341.61 248.61 381.10 285.17 0.604070
1 797.64 205.29 806.96 228.13 0.602722
4 61.55 288.25 98.47 308.89 0.595093
4 62.33 279.29 99.03 308.68 0.587614
9 584.80 120.54 623.11 158.56 0.571305
4 680.20 102.87 689.38 113.76 0.555783
4 591.60 243.59 619.15 272.97 0.547577
4 490.44 140.59 529.48 157.22 0.544973
4 520.25 169.39 546.86 190.44 0.538417
1 714.11 313.70 722.71 330.22 0.533366
4 555.34 220.14 582.19 248.36 0.515262
5 827.39 138.85 845.61 158.80 0.512126
1 893.31 220.87 903.24 243.96 0.509162
4 745.44 93.34 758.59 105.25 0.507381
1 178.10 560.51 196.50 596.00 0.500225
3 215.29 283.86 230.07 303.59 0.494509
2 433.33 215.80 468.86 267.68 0.491151
4 804.47 152.66 819.30 164.39 0.489034
1 713.07 314.31 723.16 335.27 0.487598
1 334.67 275.05 345.64 304.28 0.484705
4 591.83 222.23 619.70 250.42 0.482074
4 525.49 141.71 563.47 164.19 0.476419
1 695.46 320.61 706.07 342.13 0.474913
4 61.83 240.06 95.62 266.59 0.473946
4 553.13 203.95 577.64 228.27 0.471270
2 190.99 333.41 209.30 357.48 0.466580
1 637.36 140.51 644.79 156.85 0.466296
4 789.63 141.30 811.33 158.88 0.464862
1 530.64 320.03 544.85 345.28 0.461525
4 862.35 181.82 884.81 205.39 0.453639
4 565.57 176.47 588.11 198.65 0.449688
4 614.25 42.04 630.34 51.74 0.449350
3 497.06 199.27 517.31 218.26 0.441959
4 850.10 43.56 872.38 55.20 0.438145
4 564.51 189.91 585.89 213.42 0.436085
1 486.15 186.49 495.26 205.49 0.431809
4 558.48 129.61 575.31 144.59 0.430458
1 812.28 195.96 821.33 215.17 0.424741
3 967.43 330.04 991.34 344.41 0.424424
4 599.75 202.43 623.45 228.96 0.422884
2 218.27 270.01 233.62 302.29 0.420519
4 531.19 113.38 566.24 125.87 0.410102
4 203.60 274.84 234.83 294.71 0.405874
1 352.31 277.09 361.67 298.56 0.399560
3 1044.75 340.29 1070.89 363.29 0.397845
4 827.56 139.43 843.07 158.35 0.393363
4 658.58 35.98 668.22 43.54 0.388552
4 605.61 183.30 623.77 203.85 0.386174
4 606.83 167.09 626.84 183.13 0.382635
4 540.60 152.65 558.94 167.12 0.379525
1 538.38 184.99 545.34 202.89 0.372167
3 931.29 274.64 941.48 291.72 0.331631
6 0.12 579.71 74.19 641.32 0.330359
2 120.80 322.92 133.39 346.97 0.319325
1 887.00 225.40 894.01 245.82 0.317803
4 578.40 108.77 594.07 123.06 0.294937
1 151.74 419.53 169.60 454.29 0.293538
6 1131.95 262.14 1159.11 301.69 0.273401
9 469.77 83.90 506.97 109.89 0.271185
3 931.79 271.66 955.24 292.30 0.264622
2 463.93 224.96 468.69 247.46 0.246547
2 888.21 220.46 917.90 252.68 0.229133
9 831.55 158.57 844.31 185.92 0.203619
9 735.07 155.59 746.10 179.67 0.150987
