4 160.02 472.77 254.77 531.64 0.856867
4 824.56 148.46 856.83 185.48 0.816907
4 458.26 36.87 483.68 70.11 0.807780
4 649.36 53.41 672.54 86.43 0.788343
4 1101.37 228.21 1148.48 269.52 0.754815
4 812.39 229.14 852.16 284.69 0.739023
4 613.82 38.83 636.68 72.05 0.735307
1 945.36 457.52 964.13 489.93 0.733652
1 130.83 878.94 180.36 899.23 0.724699
3 949.32 471.61 962.45 491.48 0.717657
4 734.91 522.12 783.24 606.64 0.715387
4 101.51 978.67 154.93 1014.64 0.714648
4 550.38 34.23 577.96 71.45 0.714259
2 61.59 499.33 83.09 523.48 0.687310
1 62.35 499.30 83.69 523.01 0.673905
1 505.62 166.23 519.78 193.35 0.668669
4 521.70 44.91 535.48 65.99 0.654519
4 1098.49 186.05 1117.01 222.96 0.642466
1 353.95 740.14 372.03 767.80 0.638082
3 56.61 505.83 96.60 527.17 0.633630
6 679.25 145.25 714.27 198.15 0.632196
5 792.37 517.15 842.88 608.10 0.630545
2 339.60 727.75 371.97 770.27 0.627166
5 678.60 146.47 713.68 198.53 0.622463
4 1200.08 375.14 1252.14 411.65 0.611934
1 339.91 728.31 355.45 757.47 0.593807
1 498.91 132.15 512.61 157.71 0.569559
1 948.01 458.47 963.08 479.90 0.540866
2 340.09 728.34 355.87 756.38 0.518743
4 688.75 541.47 726.26 622.65 0.517502
3 57.04 509.95 76.00 526.98 0.516009
2 506.20 167.93 520.07 192.59 0.511544
4 791.84 516.80 842.91 608.45 0.510949
3 335.69 744.97 355.43 774.36 0.485289
6 688.91 542.05 725.78 623.01 0.474944
1 605.14 335.09 616.94 345.33 0.444345
2 347.45 758.39 356.62 775.66 0.443839
7 12.75 641.34 58.08 670.78 0.428989
2 0.08 641.18 13.47 666.60 0.421890
2 347.55 728.28 357.32 750.88 0.421119
4 564.62 594.68 589.13 608.74 0.403332
4 1199.56 344.48 1215.13 366.79 0.330596
4 732.96 0.08 744.14 9.83 0.312912
7 411.15 180.30 427.84 206.90 0.225815
