4 919.26 730.09 1045.81 895.50 0.929030
3 1022.38 227.12 1063.39 255.76 0.927330
4 919.44 729.66 1055.82 981.30 0.917925
1 1089.54 481.12 1129.28 549.64 0.914455
4 1245.13 151.37 1394.06 208.71 0.905945
9 128.23 198.19 354.57 396.26 0.900653
5 1128.75 497.68 1281.66 705.27 0.894551
1 1071.22 448.17 1108.18 507.89 0.890699
4 1265.52 193.46 1399.44 255.19 0.882917
4 1176.97 701.50 1399.25 992.23 0.881083
4 927.21 495.42 1042.99 705.08 0.872343
4 873.40 247.81 953.14 371.22 0.871201
4 1295.93 230.84 1399.69 309.55 0.853766
5 1177.51 701.22 1399.63 992.13 0.850411
4 1212.66 239.53 1317.31 358.65 0.849084
9 0.56 195.09 196.50 453.75 0.834825
4 705.75 713.44 887.46 1019.40 0.832238
4 1126.40 252.08 1220.85 351.99 0.829267
1 442.04 537.24 481.08 618.71 0.827148
1 987.02 144.67 1010.84 193.52 0.826086
4 1289.05 8.67 1384.78 112.91 0.825294
4 1087.01 172.53 1170.79 260.73 0.804765
4 776.16 240.72 845.58 353.23 0.798022
3 1133.83 103.43 1177.89 133.40 0.783735
4 1042.87 240.81 1131.88 359.41 0.771070
4 951.55 207.40 1043.12 355.71 0.761395
4 142.13 3.29 230.22 59.09 0.755806
4 777.07 213.17 833.69 247.82 0.755454
4 859.04 158.56 926.31 248.33 0.736973
4 1327.26 496.70 1399.80 647.63 0.721923
4 1318.80 705.70 1399.77 910.74 0.721798
7 563.57 523.69 604.06 599.80 0.712682
1 1268.32 126.48 1290.26 160.37 0.682156
3 1144.93 103.37 1176.98 132.14 0.644632
4 1228.31 17.14 1295.74 107.39 0.640049
4 859.11 159.12 895.83 248.86 0.604810
4 872.60 249.46 895.90 367.62 0.521336
4 361.45 8.23 421.97 45.05 0.510308
4 383.29 209.98 401.55 259.36 0.509680
5 1225.78 18.13 1295.45 108.62 0.495981
3 829.34 84.47 869.65 113.99 0.459653
4 142.20 6.72 188.25 46.57 0.425008
4 363.56 8.62 432.74 62.20 0.397772
4 1214.39 0.00 1261.56 40.16 0.381293
2 1126.87 258.03 1162.86 342.38 0.340887
7 829.25 86.39 870.07 114.02 0.285991
3 712.14 128.63 731.68 178.97 0.256160
10 566.64 523.08 603.77 557.03 0.240558
7 799.22 101.35 832.76 127.81 0.199639
