4 87.80 714.41 180.38 750.85 0.802011
5 1081.91 649.76 1170.50 726.72 0.799875
4 1156.81 652.19 1237.87 718.87 0.791398
4 1203.29 726.80 1275.45 786.60 0.787544
4 81.01 751.50 167.02 787.16 0.787513
4 128.77 646.64 207.55 680.41 0.783887
4 190.96 556.42 264.03 586.81 0.782444
4 110.59 680.51 192.61 716.58 0.777057
4 687.96 354.72 747.55 404.07 0.770352
4 185.85 583.96 259.50 617.13 0.767714
4 641.09 428.44 707.08 479.87 0.762187
4 757.23 395.29 823.41 454.41 0.762141
4 925.01 498.08 996.39 561.51 0.762041
4 688.88 402.06 747.93 450.93 0.759539
4 586.41 373.46 645.01 424.19 0.750321
4 184.95 613.04 255.95 651.31 0.748721
6 751.08 438.12 847.45 514.73 0.747118
5 1007.24 546.92 1086.44 616.48 0.746031
4 1081.84 649.67 1170.18 727.21 0.743144
4 975.52 640.93 1055.65 710.17 0.742990
4 893.93 581.56 970.24 647.09 0.726133
4 623.73 354.38 673.09 400.31 0.723359
4 445.44 216.36 480.26 259.95 0.716330
5 751.19 437.42 847.07 514.53 0.703797
4 813.65 533.52 886.44 594.90 0.703750
4 964.60 573.75 1048.32 644.45 0.697427
4 729.34 470.20 799.36 533.89 0.691500
4 750.58 536.00 830.60 606.96 0.680637
4 1301.99 744.58 1372.48 787.60 0.677983
4 1007.50 546.75 1086.35 616.78 0.672099
4 558.68 298.92 615.17 354.56 0.671642
1 606.77 68.32 615.54 86.24 0.665558
4 814.05 533.44 877.43 580.84 0.663605
6 1194.22 473.28 1399.34 633.35 0.661011
5 470.26 251.74 591.39 379.45 0.648706
5 853.47 500.28 925.44 565.38 0.644641
6 680.67 171.04 927.83 394.23 0.621159
4 172.11 735.86 223.16 787.16 0.619629
4 425.93 101.67 455.72 150.72 0.615957
6 637.58 0.02 895.74 378.76 0.612614
6 1066.90 694.83 1170.26 780.98 0.610923
4 431.82 162.74 461.30 208.04 0.598251
4 0.11 136.98 29.52 174.75 0.587420
4 1.12 135.24 28.96 161.30 0.581759
4 853.80 561.30 886.66 594.24 0.549275
4 510.81 507.14 543.94 573.59 0.543113
4 194.77 667.25 240.47 730.96 0.538977
6 682.63 172.54 772.68 311.12 0.526459
6 806.55 252.18 927.01 381.99 0.498039
1 830.17 400.31 840.86 414.40 0.483506
4 465.64 503.34 503.40 575.59 0.474910
1 584.20 71.82 593.12 90.74 0.442881
4 588.67 134.49 620.51 159.09 0.440318
4 0.12 140.50 18.10 172.97 0.424093
1 599.98 767.77 615.86 786.63 0.415833
4 550.77 512.39 576.31 560.58 0.368225
4 417.57 34.85 438.64 66.01 0.353964
4 1241.41 577.74 1286.30 612.42 0.315226
3 822.61 397.40 846.27 428.18 0.235449
