6 1141.26 786.59 1272.24 837.87 0.971249
4 711.64 815.26 777.06 838.88 0.966513
5 1317.61 1250.18 1527.90 1326.93 0.966206
5 1615.98 1189.00 1802.38 1293.28 0.965191
4 1865.64 1361.51 1999.45 1499.00 0.956888
5 1233.06 1208.35 1408.50 1318.97 0.956702
4 517.92 815.90 580.78 838.71 0.952011
4 1069.60 1004.08 1164.05 1065.14 0.948548
4 1791.76 1279.17 1999.70 1409.57 0.946566
4 934.29 885.62 1007.75 921.21 0.945218
5 1868.30 1210.95 1999.48 1303.91 0.942791
5 759.81 1093.14 895.79 1176.33 0.939824
4 975.82 839.41 1049.58 871.39 0.932680
4 1104.04 1003.13 1164.09 1068.57 0.932367
4 826.30 865.54 910.16 898.55 0.931658
1 1788.29 1223.60 1825.50 1280.77 0.927254
4 1177.69 846.51 1258.23 872.77 0.921338
4 748.42 867.70 825.20 906.03 0.915661
4 1076.15 862.64 1167.63 905.67 0.912859
4 747.95 867.81 830.45 895.72 0.911305
4 1075.27 873.20 1161.42 906.19 0.909475
6 831.85 801.52 1077.79 852.26 0.904093
1 1948.17 1337.77 1977.53 1368.05 0.898296
4 341.85 746.27 378.10 759.79 0.894549
4 699.20 879.58 718.26 901.57 0.894346
3 646.53 1126.69 669.11 1186.39 0.883967
5 1128.80 1202.65 1214.36 1339.59 0.882069
4 1112.03 862.87 1168.56 889.70 0.875909
4 798.19 957.83 916.43 1007.27 0.873844
4 1246.79 870.42 1315.15 903.99 0.865202
1 1234.04 1137.87 1264.73 1199.62 0.861888
6 1234.25 949.92 1495.19 1019.75 0.860506
1 1401.87 1142.36 1430.49 1196.13 0.857886
5 1077.67 1054.83 1148.07 1142.16 0.854557
5 1164.11 864.77 1244.06 895.75 0.853997
6 1187.41 917.23 1313.08 997.24 0.844799
4 771.73 986.13 892.24 1032.29 0.838935
3 1019.99 950.50 1036.82 976.99 0.836286
1 1345.48 1159.77 1372.25 1210.60 0.829968
4 1305.53 868.48 1347.55 888.64 0.827568
4 1048.03 882.16 1087.63 918.45 0.821673
7 1606.15 1281.43 1686.79 1372.24 0.821203
4 1045.46 915.68 1098.60 966.05 0.820949
4 932.75 885.85 988.30 895.98 0.815779
4 1104.12 1055.17 1149.13 1142.53 0.811349
1 1069.30 1192.23 1099.55 1267.36 0.809291
4 814.74 818.72 838.24 838.38 0.803376
4 819.95 952.31 933.96 991.16 0.798912
7 1775.66 1268.39 1862.34 1322.96 0.784877
5 1301.21 1317.98 1611.73 1499.38 0.779446
6 783.70 1007.44 942.77 1121.29 0.760730
1 980.24 1237.38 1014.09 1320.14 0.754918
4 663.45 752.59 699.37 765.91 0.754852
4 1626.56 733.50 1662.84 749.00 0.754336
4 658.18 751.78 698.83 768.79 0.743445
1 782.93 1155.42 813.91 1175.77 0.741607
4 1163.42 865.84 1244.74 904.30 0.738312
1 1278.00 1077.62 1304.29 1109.93 0.734815
6 832.37 800.02 935.68 851.53 0.732452
1 1021.92 1176.74 1053.55 1254.86 0.705020
6 833.40 799.99 895.55 850.93 0.696324
1 993.06 1031.62 1014.75 1075.57 0.694214
10 911.89 1319.65 946.04 1358.82 0.691166
4 1071.83 942.00 1122.42 1002.90 0.683000
7 905.56 1267.78 969.12 1358.84 0.678125
4 1116.90 862.46 1165.84 882.51 0.675181
4 1048.11 882.39 1082.22 895.75 0.657858
2 983.33 1176.22 1014.91 1239.71 0.652846
3 840.16 1173.72 854.33 1188.17 0.639591
1 936.91 1119.06 957.68 1179.49 0.637660
3 1260.96 1150.07 1284.88 1208.99 0.628777
6 1234.46 952.66 1337.60 1018.70 0.618314
4 828.36 888.60 939.78 940.33 0.606171
3 451.55 822.45 510.36 847.36 0.604147
1 1393.80 1070.10 1414.88 1106.95 0.603345
1 1390.65 913.70 1405.96 950.92 0.601017
1 994.62 1077.94 1022.37 1141.74 0.585491
9 846.24 888.11 939.69 932.33 0.578856
4 321.86 635.45 344.15 642.46 0.567620
1 984.21 1171.41 1013.94 1241.94 0.559105
2 1265.29 1102.70 1294.23 1130.47 0.553803
6 833.06 800.23 872.34 849.05 0.553071
1 1005.22 1129.46 1027.32 1192.47 0.528418
4 1623.99 734.74 1665.73 754.75 0.499665
4 316.96 748.52 344.67 765.84 0.490982
4 1104.07 956.22 1119.45 1003.18 0.483208
7 1497.13 1102.68 1533.45 1134.81 0.478920
1 983.99 1069.99 1002.13 1129.90 0.478366
2 977.50 1029.13 1108.46 1318.60 0.459168
1 1038.40 1070.01 1051.79 1101.14 0.453899
2 907.55 1282.90 931.90 1321.14 0.453316
2 1267.65 1097.94 1296.62 1158.01 0.446036
3 1093.28 1213.36 1113.50 1257.44 0.443357
3 1330.49 1172.35 1350.89 1202.58 0.439589
1 895.63 1190.28 918.90 1262.03 0.416818
1 929.73 1116.00 957.36 1180.93 0.416617
4 822.53 934.64 850.13 955.76 0.398484
2 996.56 1161.26 1020.49 1233.13 0.391133
2 1262.27 1149.50 1287.85 1202.84 0.373301
3 699.32 910.01 712.22 949.18 0.366966
2 980.76 1061.73 1000.29 1130.19 0.345070
2 1145.37 801.39 1164.90 820.82 0.337095
