4 642.17 596.05 665.68 648.27 0.777258
4 1326.28 298.08 1355.20 348.10 0.726786
4 796.62 66.83 841.50 100.99 0.653246
4 428.94 749.30 479.91 764.60 0.648326
4 1253.34 735.11 1308.50 758.92 0.645974
4 454.49 269.04 502.04 311.36 0.641975
4 464.03 389.58 482.50 440.35 0.636116
4 551.92 337.79 575.54 377.41 0.633890
4 667.57 0.30 686.87 22.81 0.626926
1 561.94 509.92 572.27 530.30 0.621510
4 15.61 693.64 39.64 705.29 0.617533
4 530.22 624.78 555.59 684.03 0.612936
4 483.90 676.34 531.32 724.85 0.609672
4 472.07 7.44 510.64 47.32 0.601878
4 794.15 203.89 829.63 253.81 0.593718
4 1250.81 295.62 1276.73 342.30 0.591581
4 461.36 315.44 491.20 357.32 0.576281
4 1189.61 290.50 1217.26 340.31 0.572855
4 794.91 31.17 834.67 64.87 0.567103
4 1283.12 417.92 1332.50 453.30 0.556348
4 452.74 546.37 487.91 602.65 0.553461
4 836.42 332.62 862.05 381.85 0.550625
4 1058.12 162.44 1082.95 192.30 0.548850
4 1222.31 294.66 1249.55 342.27 0.545814
4 830.06 725.57 852.72 764.40 0.544936
5 483.60 676.29 530.52 725.21 0.540393
4 1095.44 603.13 1139.98 632.89 0.507944
4 1055.68 209.95 1090.03 263.09 0.504157
1 757.76 419.52 768.78 440.57 0.486745
4 793.32 262.01 833.60 303.74 0.467302
4 1210.66 420.90 1261.14 455.40 0.449286
2 758.23 419.27 768.19 440.56 0.444339
4 314.43 594.17 329.38 626.06 0.408550
4 475.84 105.88 497.38 152.39 0.395120
4 464.04 544.95 487.93 602.45 0.384267
4 995.26 0.08 1021.94 24.89 0.364210
4 786.81 335.38 810.95 386.08 0.348031
4 1171.60 0.06 1194.24 18.73 0.327742
5 1212.33 421.96 1261.51 455.45 0.326594
2 589.59 197.60 598.60 214.82 0.325547
5 475.79 105.93 497.62 152.11 0.313421
3 1174.39 430.44 1192.95 460.79 0.310998
2 577.73 137.77 586.17 156.03 0.299666
10 431.50 613.14 455.61 665.01 0.296746
4 1226.84 0.00 1249.81 16.33 0.277506
4 1201.98 0.00 1224.84 15.42 0.265955
6 6.51 40.31 34.34 85.30 0.262455
5 793.45 261.69 833.76 303.91 0.249461
4 0.04 122.70 17.38 173.99 0.238976
4 800.44 121.44 817.87 145.21 0.220081
4 1067.58 3.58 1094.69 37.43 0.216618
3 1069.46 242.41 1089.12 282.08 0.209113
5 6.41 40.71 34.42 85.47 0.194338
