4 276.50 510.55 363.02 539.81 0.921616
2 274.59 266.95 676.34 514.50 0.897408
4 93.26 387.10 167.34 427.41 0.896127
4 95.89 451.20 178.82 501.09 0.880120
4 112.88 520.24 183.23 539.47 0.873481
4 194.53 356.43 255.32 399.34 0.866773
4 76.67 489.60 167.88 539.23 0.801403
1 168.22 392.64 182.54 416.04 0.768108
9 390.95 283.28 435.80 321.45 0.761244
4 240.15 427.71 296.13 484.16 0.760552
5 730.50 152.33 766.73 178.90 0.715999
4 631.49 222.09 668.57 242.40 0.706486
2 739.63 55.99 959.15 198.77 0.687175
4 709.56 238.47 760.50 264.54 0.681858
4 647.45 261.90 705.70 292.35 0.637962
3 74.83 367.43 98.14 391.29 0.596163
4 679.63 248.87 729.75 279.58 0.585243
4 31.22 321.20 60.61 343.22 0.571187
4 647.36 271.19 694.70 294.00 0.538063
6 82.07 334.28 126.60 372.67 0.533200
3 372.74 449.55 394.76 471.88 0.526926
3 370.77 477.82 384.86 512.68 0.523636
1 36.12 405.49 48.47 430.76 0.522038
4 176.71 292.30 195.58 306.69 0.519157
1 231.76 417.19 243.16 442.27 0.506498
6 715.51 181.93 738.49 200.86 0.469957
3 276.30 416.57 294.39 437.78 0.458563
4 179.54 302.50 203.90 316.17 0.436348
2 0.98 103.50 222.12 433.36 0.427068
4 666.50 261.43 709.70 284.71 0.417753
3 769.92 172.18 784.79 187.90 0.401116
1 818.93 249.22 828.97 266.24 0.333238
7 416.54 417.42 455.93 448.96 0.325327
7 368.90 298.81 392.30 331.49 0.266921
