4 899.48 264.34 949.21 283.91 0.897283
4 368.75 275.94 418.59 296.09 0.893202
5 290.58 217.76 330.53 237.53 0.887913
4 208.85 303.70 264.47 326.43 0.885559
4 112.81 227.29 155.53 245.78 0.867419
4 183.88 226.15 226.26 242.91 0.863665
4 3.19 232.52 50.27 252.38 0.859421
4 495.94 268.38 538.17 288.06 0.850393
4 238.71 222.56 279.85 239.58 0.849979
4 850.45 201.68 884.23 214.74 0.842423
4 749.00 203.84 786.39 218.60 0.820908
4 610.28 206.00 647.84 223.51 0.810123
4 341.05 218.52 381.50 235.11 0.801612
4 605.73 276.94 653.15 298.49 0.799326
4 808.33 200.29 843.95 216.31 0.795515
4 437.47 215.45 474.56 231.73 0.795042
4 705.77 205.96 741.28 219.06 0.783082
4 894.09 198.12 931.01 214.37 0.769628
4 658.88 207.93 696.34 221.51 0.769116
4 651.42 273.81 699.50 296.32 0.761860
4 383.12 218.89 417.61 233.37 0.757370
4 489.02 211.20 523.85 228.04 0.752612
4 540.82 204.08 572.09 216.13 0.709453
4 940.66 200.52 959.57 213.15 0.705360
1 58.15 299.70 67.51 318.89 0.702812
4 540.30 211.49 572.95 226.66 0.693293
1 790.01 250.73 800.03 266.97 0.538758
2 64.61 106.41 263.77 166.29 0.517917
3 82.31 220.09 96.70 240.36 0.515694
4 40.34 305.18 55.32 318.76 0.489352
9 0.29 99.16 87.67 112.78 0.475701
3 731.36 261.20 749.80 283.92 0.419621
6 64.15 99.36 87.75 111.71 0.418021
4 71.53 153.92 85.46 166.74 0.404513
3 803.43 257.48 822.68 279.67 0.404097
4 658.01 208.93 670.50 220.92 0.369890
1 713.88 229.74 720.62 244.02 0.362769
