4 655.32 259.58 734.30 296.99 0.938107
4 1301.51 695.77 1359.79 764.52 0.876778
5 1159.23 685.89 1300.81 764.54 0.870615
5 539.38 360.28 654.11 438.10 0.782612
6 817.15 334.18 1156.00 499.63 0.781138
6 913.54 648.61 1062.60 764.24 0.737911
1 1179.31 344.25 1194.60 372.52 0.711678
5 1033.13 661.01 1155.06 764.53 0.704426
6 322.45 428.16 442.06 521.91 0.700493
6 816.99 409.72 952.00 498.72 0.691513
6 144.61 254.71 228.88 314.43 0.690267
6 1245.96 295.79 1359.61 385.25 0.675917
6 1246.03 416.43 1359.51 510.02 0.671151
6 1173.69 391.33 1299.07 474.24 0.660481
5 909.33 646.79 1063.13 764.50 0.656503
6 1106.04 371.89 1223.59 451.92 0.655250
6 1213.20 237.81 1316.77 317.79 0.653376
6 592.27 599.72 761.33 764.34 0.651506
4 908.15 644.48 1018.98 684.59 0.647466
6 547.16 308.73 620.34 343.11 0.646066
4 653.43 323.07 705.21 351.14 0.638128
6 434.09 575.72 638.48 764.25 0.633883
2 236.38 273.26 276.42 301.84 0.626030
6 755.00 626.92 879.53 764.22 0.625052
6 0.49 579.43 302.89 764.22 0.620980
6 1158.22 144.66 1263.83 202.73 0.605487
6 1012.68 153.24 1114.90 213.76 0.592929
6 868.20 391.22 1007.96 477.64 0.592265
5 675.27 341.75 743.59 401.51 0.566070
5 588.05 352.66 695.48 421.27 0.564918
6 1045.33 340.86 1155.52 417.07 0.563022
5 710.98 324.20 783.85 383.75 0.558877
6 144.87 254.98 272.93 315.80 0.557840
5 769.72 313.44 835.51 371.92 0.537070
6 856.35 206.12 936.50 253.51 0.530559
6 325.31 556.31 511.72 756.90 0.523790
3 1253.52 674.72 1290.82 716.94 0.521469
6 268.23 551.02 427.45 698.99 0.503974
6 240.97 540.31 374.94 650.72 0.503466
6 816.08 391.64 895.56 499.11 0.485506
6 912.45 370.48 1097.10 456.61 0.475559
6 1287.35 251.63 1359.65 310.60 0.472796
6 803.98 264.86 907.72 347.55 0.468662
2 677.04 328.14 694.21 347.51 0.456987
6 1126.27 187.80 1238.98 241.12 0.429268
5 809.11 302.51 873.77 359.95 0.427296
1 1255.95 350.19 1272.94 385.55 0.425991
1 1336.94 228.06 1347.43 252.82 0.414611
5 274.94 540.51 376.05 608.87 0.414225
4 464.20 556.20 528.94 599.83 0.389846
5 1324.42 483.61 1359.74 539.77 0.360809
6 1002.33 333.01 1090.76 397.29 0.327648
5 855.80 205.98 895.74 247.45 0.314971
3 1126.38 667.11 1144.57 692.48 0.296508
5 862.59 287.73 895.86 347.46 0.242010
4 1296.58 184.04 1332.12 213.82 0.231245
5 867.15 391.80 895.87 441.84 0.222166
6 464.12 321.52 520.84 487.50 0.157919
