4 50.84 750.82 100.77 784.39 0.848783
4 671.51 607.18 736.95 639.44 0.812504
4 517.09 767.26 580.13 787.53 0.807862
5 671.58 607.03 735.32 639.54 0.785751
4 676.79 453.88 729.85 478.77 0.771998
4 530.57 693.42 586.45 722.46 0.770812
4 515.50 727.73 578.18 755.44 0.767938
4 672.45 573.89 729.11 600.55 0.750208
4 688.38 644.11 732.01 670.48 0.744740
4 533.33 663.57 593.11 692.13 0.735259
4 558.55 637.06 596.11 664.43 0.732955
4 542.60 485.01 601.84 513.04 0.703924
4 1348.09 698.79 1377.60 716.95 0.695675
4 671.83 521.58 728.44 548.01 0.688841
4 670.64 548.19 728.19 578.30 0.682852
4 557.58 534.62 604.71 560.63 0.665631
4 935.90 689.00 984.89 714.49 0.646567
4 676.30 495.85 730.66 523.14 0.641914
4 638.57 108.70 658.05 142.45 0.633267
4 560.28 559.05 600.32 584.44 0.632100
4 649.93 146.83 673.37 185.05 0.617360
4 690.78 734.25 753.76 782.88 0.601644
4 740.02 777.44 776.18 787.92 0.586079
4 796.80 514.51 854.17 539.07 0.557780
4 958.39 457.07 980.73 473.78 0.553021
4 572.38 270.86 616.84 302.40 0.547354
4 464.95 1.68 503.38 24.74 0.528672
4 586.16 382.56 611.58 404.63 0.524115
4 568.72 343.15 625.79 383.56 0.518812
4 1283.00 183.33 1314.38 199.61 0.482987
4 452.27 14.35 494.32 44.78 0.481181
4 964.65 586.66 989.71 612.89 0.437707
4 659.49 295.45 682.22 334.01 0.431885
4 795.30 73.24 808.26 91.71 0.427119
4 1076.04 0.00 1096.29 17.91 0.407360
4 550.44 465.57 600.45 490.13 0.405612
4 1230.87 162.78 1253.27 173.50 0.357382
4 1054.09 0.16 1070.88 16.48 0.346350
4 579.11 423.11 612.19 446.11 0.339094
6 778.64 358.74 843.22 389.29 0.330476
6 1167.34 356.66 1252.85 408.56 0.326530
4 1266.48 124.83 1280.39 138.60 0.325444
2 983.21 202.05 994.93 221.56 0.322272
5 964.95 587.15 988.03 610.38 0.321477
4 793.61 54.84 806.06 64.93 0.308406
2 896.11 140.63 906.74 160.42 0.296923
4 641.57 127.12 657.56 142.13 0.290951
4 919.09 371.75 944.32 395.90 0.285835
5 668.61 347.92 688.48 390.83 0.274888
6 824.75 83.62 851.35 104.57 0.271491
2 713.58 412.20 725.78 440.73 0.254668
4 843.52 132.70 876.76 164.20 0.241028
5 843.93 164.03 877.62 190.33 0.240644
6 813.11 121.51 842.28 165.10 0.223340
6 0.10 0.45 49.76 74.05 0.161060
