4 10.04 409.09 153.89 529.04 0.944660
6 881.08 248.84 1069.88 360.67 0.824686
4 813.50 157.22 902.47 200.15 0.813210
6 668.54 647.11 938.58 764.27 0.800994
5 86.34 671.72 395.84 764.75 0.776984
5 222.62 511.09 470.83 616.85 0.773255
5 241.19 671.93 394.89 764.22 0.701344
6 1207.81 435.77 1359.42 633.27 0.698526
7 141.62 600.33 290.13 680.92 0.673435
6 267.04 82.47 548.28 292.97 0.657970
5 1286.73 282.06 1359.70 390.68 0.645281
6 1100.60 439.13 1225.91 596.09 0.642402
4 846.89 38.19 903.87 63.82 0.636098
5 283.33 585.57 421.26 693.05 0.623170
4 831.72 10.21 888.31 34.45 0.619379
6 531.75 28.37 624.68 92.94 0.612831
6 319.55 377.82 522.59 495.17 0.602849
6 413.23 82.39 546.40 163.34 0.590137
7 1116.30 239.67 1240.33 390.00 0.577230
4 286.54 586.25 420.52 690.84 0.576570
6 671.02 399.15 938.73 763.88 0.567141
6 87.51 97.72 685.27 762.58 0.554899
6 267.94 213.86 395.78 293.00 0.552688
4 681.03 564.74 766.39 660.02 0.531474
6 911.63 421.30 1003.86 563.52 0.520601
6 1003.98 427.44 1104.64 570.90 0.520495
5 381.95 457.42 500.62 549.09 0.519973
4 845.46 28.22 906.38 53.08 0.517170
5 1100.78 438.82 1225.58 595.92 0.504920
4 696.01 507.34 778.54 584.87 0.491970
4 881.11 283.93 895.86 341.38 0.475561
4 860.41 0.51 903.88 22.41 0.470484
4 534.91 46.57 565.23 67.09 0.459588
6 813.12 406.20 899.79 543.94 0.437173
5 1004.03 427.50 1104.88 571.10 0.435912
6 845.94 182.21 894.31 263.39 0.426641
6 399.55 138.16 516.80 184.95 0.419712
5 633.13 74.13 714.99 113.97 0.403345
6 719.79 399.28 804.29 534.74 0.379931
6 762.96 174.40 825.32 257.39 0.375565
5 910.56 421.54 1003.66 563.51 0.373437
5 674.62 645.67 759.93 759.88 0.329639
10 172.91 604.48 214.08 644.45 0.318323
6 632.68 0.01 769.50 113.97 0.317333
6 831.83 180.59 911.49 286.50 0.315151
6 868.83 60.72 895.86 110.75 0.265877
6 1320.20 446.11 1359.79 542.31 0.264267
4 464.07 459.79 500.51 548.18 0.248422
6 869.50 61.41 934.61 111.73 0.236845
5 1319.59 447.30 1359.84 542.81 0.229221
4 464.16 400.04 522.01 494.73 0.224513
6 464.61 99.04 685.19 573.47 0.208275
