2 1354.78 406.78 1392.25 452.98 0.915301
2 887.56 500.74 921.54 548.69 0.886023
2 349.23 889.09 397.15 946.47 0.884317
2 1211.56 423.99 1245.72 467.66 0.876313
2 937.76 246.63 959.74 284.68 0.852696
2 987.20 292.15 1004.63 329.74 0.844227
2 807.54 536.47 830.17 581.70 0.837959
2 961.00 461.72 987.67 508.49 0.835104
2 678.65 321.33 696.41 366.55 0.834520
2 1146.15 291.95 1165.38 338.90 0.811073
2 996.44 208.72 1011.83 245.39 0.806081
2 773.48 499.23 799.07 541.05 0.801246
2 1158.00 439.98 1184.25 489.68 0.790202
4 844.58 193.57 897.12 219.98 0.790055
2 0.85 202.49 1397.78 790.83 0.780905
2 414.44 488.21 435.41 534.09 0.757381
2 633.28 538.80 662.37 591.54 0.731318
2 1066.36 421.52 1102.85 469.02 0.730560
2 1115.67 403.79 1143.82 445.18 0.726958
2 645.41 508.20 666.47 550.79 0.708950
2 743.46 473.93 761.49 515.32 0.701715
2 503.21 534.70 529.45 575.90 0.700715
2 1.44 460.33 894.50 812.76 0.684803
2 94.74 589.64 130.43 639.76 0.675466
2 207.75 497.97 233.23 549.02 0.673901
2 1098.52 388.18 1128.59 436.86 0.648558
2 351.72 645.97 391.97 695.98 0.644120
4 720.57 201.47 792.96 233.20 0.621292
2 270.23 247.89 291.09 288.88 0.588505
2 312.46 480.26 336.20 526.61 0.565689
2 0.17 621.44 41.47 670.58 0.550752
2 313.41 597.64 337.76 636.40 0.525729
2 182.35 658.64 210.02 711.20 0.520592
2 517.82 346.55 541.46 384.57 0.513786
2 27.35 632.70 75.86 687.36 0.501901
3 119.20 285.55 169.87 348.66 0.498958
2 314.67 626.89 350.72 678.52 0.490520
2 24.37 710.50 94.60 768.02 0.480330
2 462.56 569.72 488.33 619.62 0.430240
2 438.50 550.40 464.10 600.86 0.424222
2 41.25 283.65 60.75 318.73 0.395364
2 1098.93 427.63 1118.49 482.52 0.340979
2 884.01 531.02 895.96 558.90 0.321138
2 462.76 568.45 501.01 620.01 0.320670
2 120.23 274.73 171.71 348.15 0.313843
7 1096.90 196.11 1138.97 236.00 0.294184
2 1118.54 440.34 1137.21 493.67 0.157264
