4 570.70 616.83 605.44 654.39 0.919988
4 680.95 382.83 707.62 407.01 0.895959
4 496.42 311.31 521.26 329.29 0.865138
6 944.89 623.99 1007.51 665.43 0.821760
4 788.62 288.47 810.59 305.97 0.821250
4 390.00 730.44 431.50 772.68 0.815597
4 287.35 184.85 304.80 198.41 0.764390
4 1344.44 284.93 1369.06 302.00 0.763020
4 888.03 614.71 906.14 629.46 0.756370
5 654.74 333.24 704.42 361.88 0.752038
4 1153.91 17.03 1169.35 26.30 0.739053
6 1032.59 647.37 1096.59 686.69 0.734749
4 1065.81 49.76 1084.88 65.35 0.723356
4 353.62 120.20 369.80 130.68 0.723221
4 808.54 448.67 838.68 472.83 0.722834
4 1361.36 13.43 1379.25 23.28 0.714441
4 863.17 403.59 882.64 426.49 0.712292
4 1064.26 71.38 1076.92 80.74 0.698437
9 945.09 624.17 1007.60 664.20 0.685051
4 205.70 211.63 229.17 229.13 0.678420
4 310.16 180.48 326.51 194.60 0.656303
4 1237.26 35.25 1253.52 45.24 0.649104
4 835.38 424.95 863.52 452.22 0.644526
4 861.46 603.09 883.59 619.71 0.640667
4 888.08 164.13 905.31 177.56 0.639675
4 114.20 191.22 136.47 204.07 0.635059
4 280.36 265.35 298.83 281.09 0.627680
4 545.34 328.29 583.56 358.95 0.621799
4 236.56 203.89 269.71 229.15 0.618518
4 957.51 303.38 974.07 316.52 0.613414
4 127.33 360.62 169.69 400.43 0.613176
5 827.97 390.20 864.39 431.35 0.607150
4 41.98 287.75 64.24 302.09 0.601780
4 331.76 293.50 347.69 303.78 0.597231
4 186.09 305.31 219.59 325.24 0.584036
6 1032.15 648.42 1065.88 678.54 0.579480
4 159.51 320.02 192.96 338.60 0.569753
5 538.00 329.29 582.97 359.62 0.568843
4 0.10 334.50 23.02 356.96 0.566207
4 828.65 173.80 850.01 191.94 0.553077
3 939.13 288.19 962.80 309.95 0.547197
4 309.28 418.07 325.23 438.66 0.543551
4 926.88 99.77 950.98 113.65 0.536602
5 882.18 193.91 910.63 220.42 0.525296
4 352.54 151.09 364.24 163.53 0.512653
5 153.56 239.24 192.43 260.48 0.512607
6 827.94 389.65 865.32 430.83 0.505599
4 159.91 299.64 188.41 316.12 0.504496
4 939.31 287.50 963.10 310.86 0.502738
4 854.02 204.17 869.68 217.84 0.491253
5 308.00 265.09 347.17 290.42 0.487199
4 1308.67 226.31 1325.63 238.94 0.483471
4 1035.00 386.83 1050.68 398.68 0.467312
4 395.62 113.79 412.05 127.39 0.465330
4 354.26 150.63 366.98 163.04 0.463983
4 372.22 76.58 390.90 87.85 0.457934
4 270.97 283.53 284.81 293.53 0.454415
4 913.97 167.40 924.55 176.66 0.454132
4 947.59 119.10 959.69 129.52 0.445381
4 893.34 132.09 910.59 145.29 0.419558
4 1300.64 205.78 1315.50 218.42 0.418573
4 988.51 55.19 1007.51 70.13 0.407654
4 972.21 708.14 988.36 723.76 0.405578
4 766.03 292.30 774.35 300.29 0.402711
4 412.56 563.68 430.43 578.63 0.402680
6 952.83 429.28 983.65 453.98 0.398363
9 364.42 133.90 402.16 173.77 0.381699
4 887.72 164.80 895.78 176.50 0.380125
4 945.36 637.95 962.03 651.20 0.372860
6 158.69 304.79 218.95 338.61 0.372682
4 1218.43 54.63 1247.51 67.65 0.370996
4 1224.17 292.97 1238.70 306.78 0.369498
4 234.77 211.84 250.88 225.59 0.369382
4 1089.54 24.80 1102.27 35.39 0.362778
4 916.23 118.74 932.72 129.21 0.346844
4 939.47 297.56 953.62 310.34 0.343309
6 148.65 239.05 193.89 269.20 0.341017
6 858.35 624.60 894.77 695.93 0.337681
4 1280.82 41.10 1298.96 52.54 0.336106
4 1103.18 46.11 1111.00 52.76 0.323665
4 665.79 322.79 684.88 336.05 0.322200
4 1331.26 22.41 1344.23 31.42 0.320776
6 1158.62 266.64 1196.22 283.32 0.313375
9 355.71 134.66 397.10 164.79 0.306638
4 1235.25 55.37 1249.53 64.02 0.297997
9 364.52 124.72 415.58 174.06 0.287060
3 409.55 246.54 422.99 269.06 0.278848
6 1020.93 360.37 1045.79 384.77 0.274397
4 863.78 148.78 885.29 165.09 0.271015
6 1263.07 1.00 1293.91 21.75 0.207988
