4 710.46 739.76 730.43 773.00 0.772712
5 611.02 694.03 651.15 722.42 0.766115
4 673.92 1016.90 701.58 1048.61 0.763879
4 701.31 694.46 723.89 729.23 0.752831
4 645.79 810.14 671.00 859.26 0.712113
4 736.28 941.66 768.85 1010.02 0.695457
4 643.49 766.31 666.09 806.99 0.694572
4 726.49 871.51 756.52 930.23 0.664166
4 726.74 871.13 750.96 895.78 0.651119
4 617.95 486.76 635.45 506.30 0.641201
4 594.95 669.30 630.13 689.67 0.605788
4 661.12 476.12 673.01 491.53 0.598590
4 719.71 828.20 745.35 869.68 0.587793
4 690.06 618.56 723.20 642.09 0.583694
4 642.66 573.57 658.43 600.65 0.579845
4 621.64 429.19 633.85 447.59 0.572623
4 664.68 537.72 682.32 557.76 0.536270
4 644.66 415.21 660.94 426.90 0.518414
4 625.81 536.94 639.15 559.30 0.515427
4 639.18 954.35 665.65 1005.50 0.502482
4 694.44 811.23 704.78 829.38 0.486930
4 694.14 576.57 722.65 599.33 0.483928
4 621.77 397.46 632.39 412.86 0.483248
4 672.46 573.11 691.76 592.18 0.477992
4 589.98 583.35 613.63 605.75 0.467010
4 629.03 652.10 645.09 671.26 0.452162
4 1151.54 568.74 1183.85 583.05 0.422659
4 605.02 697.66 626.76 722.45 0.402044
4 669.34 505.26 683.92 517.33 0.395121
4 647.81 369.21 659.54 381.42 0.382504
1 679.97 871.63 689.65 893.98 0.343110
6 692.68 536.77 704.59 555.51 0.323978
3 641.42 872.03 672.69 912.73 0.315910
9 851.39 200.84 895.76 230.71 0.200116
