4 735.65 542.59 895.70 637.02 0.946680
4 764.14 434.31 930.39 516.07 0.931175
4 249.17 663.78 474.36 763.80 0.919615
4 301.96 520.67 500.55 613.95 0.894317
4 280.03 592.98 472.33 688.87 0.891494
4 257.45 283.47 397.76 342.94 0.880342
4 199.95 314.89 311.46 373.72 0.877411
4 351.96 453.28 518.91 537.15 0.874485
4 339.93 199.91 453.37 245.66 0.865951
4 397.49 327.32 543.16 385.65 0.855475
5 231.31 217.28 402.30 302.95 0.851724
4 738.77 305.69 877.62 369.08 0.835989
4 391.21 359.89 540.46 428.19 0.832912
4 379.54 397.84 525.63 476.58 0.822929
4 419.59 294.12 551.49 348.89 0.812420
4 457.04 253.92 581.70 314.52 0.802782
4 740.31 280.04 849.19 323.50 0.800769
4 462.94 230.20 571.71 275.12 0.784666
4 736.98 254.48 850.27 303.44 0.779426
4 571.00 28.63 635.76 58.85 0.763586
4 741.41 230.90 843.87 271.67 0.739691
4 527.26 100.45 604.95 131.60 0.737954
4 731.92 167.83 820.69 205.69 0.734044
4 478.82 202.09 584.97 249.15 0.714957
4 740.27 190.41 837.73 232.05 0.697554
4 478.20 189.32 586.22 223.71 0.693765
4 491.94 169.45 587.42 203.40 0.682905
4 494.82 152.58 588.03 180.91 0.680201
4 512.27 119.45 597.29 152.88 0.665761
4 554.91 46.75 619.51 80.81 0.652349
4 721.61 35.94 786.37 60.51 0.649799
4 734.31 85.12 796.78 117.90 0.645983
4 737.94 209.56 837.46 244.38 0.619341
4 730.34 64.69 797.21 92.50 0.611045
4 770.93 304.41 867.10 338.27 0.602220
4 718.51 13.66 778.34 42.10 0.587294
5 549.39 47.27 617.72 93.33 0.580181
5 549.83 60.01 610.20 93.16 0.572888
4 509.46 135.24 587.89 165.54 0.571805
4 464.12 461.71 517.97 537.49 0.490877
4 464.10 539.04 499.97 610.82 0.478174
4 464.08 627.15 471.67 681.11 0.202959
6 793.01 0.32 895.68 260.04 0.171579
