6 248.50 345.98 840.54 512.06 0.958430
6 316.19 248.74 854.09 378.79 0.928805
6 225.02 585.09 879.93 764.06 0.898448
6 912.62 0.17 1079.58 50.15 0.837912
6 552.21 76.86 817.91 136.09 0.835017
6 445.06 185.38 799.05 271.93 0.825494
6 497.15 134.40 838.75 199.44 0.823841
5 1277.55 13.52 1359.81 79.63 0.745030
6 451.57 38.59 769.96 113.80 0.739903
6 1277.98 13.53 1359.57 79.01 0.732466
6 575.38 0.33 727.55 32.81 0.630522
4 224.96 584.51 343.44 736.44 0.624209
6 249.03 1.91 897.86 512.73 0.591360
4 896.08 0.00 927.75 25.73 0.560028
2 561.00 179.02 593.58 199.86 0.508313
4 859.13 117.50 900.66 172.76 0.504251
4 1316.53 93.88 1359.83 131.53 0.480920
10 338.18 366.49 394.79 405.07 0.446841
5 834.98 133.03 878.13 197.36 0.385082
5 830.55 174.27 871.51 209.89 0.376738
4 1109.20 0.00 1140.71 8.78 0.354389
5 806.90 193.95 872.26 281.57 0.269780
5 605.82 118.26 644.02 146.53 0.258696
4 1339.17 122.87 1359.89 175.46 0.250800
