4 451.07 31.59 542.02 78.49 0.929789
4 1106.78 75.04 1204.95 124.73 0.928229
4 1206.47 138.79 1318.74 198.11 0.913754
6 466.10 413.49 807.64 598.69 0.901209
4 1307.70 235.73 1359.55 299.30 0.899640
6 375.74 0.20 609.80 59.72 0.891871
4 1061.12 31.57 1144.94 74.09 0.890553
6 464.23 297.23 848.31 475.28 0.855041
4 1027.73 6.47 1118.94 48.40 0.843083
5 684.89 147.27 772.78 251.09 0.802342
4 1030.03 0.06 1099.00 15.35 0.785937
3 1161.16 89.68 1246.82 156.78 0.707290
6 473.55 51.51 696.63 206.52 0.696729
6 383.28 40.67 846.25 597.41 0.572152
6 1232.01 0.09 1359.39 78.27 0.539019
5 774.11 318.31 845.43 444.94 0.506397
4 1339.53 288.83 1359.81 366.42 0.470926
7 1161.91 90.34 1245.38 157.51 0.458005
4 708.23 238.89 780.35 308.19 0.449256
1 684.02 406.05 742.08 486.57 0.444888
2 764.52 483.95 793.46 506.20 0.321142
2 1176.08 106.00 1207.86 135.32 0.292791
4 759.27 306.05 795.34 352.41 0.214993
