4 519.25 578.86 549.07 622.65 0.873535
4 666.57 334.32 687.25 356.04 0.851332
4 440.53 444.90 464.23 475.56 0.841510
4 648.25 695.94 685.69 756.58 0.836880
4 567.27 204.01 586.09 217.73 0.834823
4 591.53 326.23 608.19 351.18 0.827308
4 767.48 394.94 792.11 426.43 0.826346
4 639.40 289.38 656.28 310.47 0.821239
4 469.26 275.27 495.17 294.56 0.818578
4 561.74 776.64 620.50 787.75 0.811545
4 656.83 600.87 687.80 653.98 0.811544
4 648.90 222.65 662.47 237.41 0.779110
4 718.68 282.14 737.55 307.78 0.757614
4 374.87 361.42 409.31 394.11 0.755471
4 674.88 191.70 687.64 204.16 0.733360
4 100.33 391.18 131.92 411.47 0.724524
4 105.96 180.57 128.08 192.55 0.722906
4 87.17 500.12 125.15 531.62 0.719948
4 427.92 290.00 469.34 327.69 0.697063
4 78.18 468.75 114.69 498.86 0.689320
4 604.75 167.57 617.65 177.09 0.681330
4 610.88 115.10 621.48 123.03 0.672775
4 627.88 187.19 637.54 200.01 0.671981
4 653.09 171.67 666.94 184.68 0.664982
5 2.53 354.52 72.32 404.51 0.664094
4 615.46 154.20 625.94 164.31 0.653310
4 71.13 395.22 97.48 417.91 0.640508
4 90.61 413.19 110.55 434.89 0.639468
4 611.49 91.14 622.60 100.28 0.623458
4 569.92 81.60 580.33 89.19 0.612620
4 726.48 362.33 749.73 397.67 0.612468
4 246.25 401.59 265.80 414.96 0.611531
1 862.00 774.86 875.90 787.83 0.609867
4 725.27 246.58 736.50 254.17 0.608104
5 427.96 289.41 470.17 328.24 0.606763
4 639.40 109.41 650.50 117.84 0.603955
4 691.88 137.18 703.33 146.00 0.598218
4 670.45 153.92 682.01 167.81 0.597050
4 312.18 224.72 333.64 238.40 0.573028
4 0.08 561.03 54.20 616.66 0.562610
5 459.63 431.57 498.65 532.48 0.555735
4 52.11 536.35 101.78 571.04 0.553452
6 21.54 261.11 126.01 312.27 0.550699
4 653.13 123.06 664.70 132.43 0.547429
4 691.65 134.10 703.89 145.79 0.538493
4 646.74 95.98 655.86 104.66 0.536544
4 132.96 336.23 161.58 353.49 0.512134
5 616.40 130.87 630.68 151.12 0.510228
5 0.05 560.16 51.73 620.76 0.510031
4 248.67 446.66 274.85 465.78 0.508507
4 242.60 404.63 264.78 418.47 0.505104
4 661.74 97.03 671.32 104.97 0.499188
4 533.62 62.36 546.25 72.87 0.494730
4 624.09 357.88 651.30 406.83 0.494229
4 614.77 57.74 623.20 63.92 0.491007
4 579.51 90.15 589.72 100.65 0.488004
4 107.98 335.59 136.65 355.29 0.486233
5 405.26 212.74 424.90 249.63 0.484509
4 1135.06 718.61 1163.35 742.12 0.483505
4 442.87 45.85 452.99 54.07 0.481929
4 460.88 51.14 471.84 57.45 0.474434
4 710.80 142.93 719.71 151.34 0.468437
4 591.55 118.37 599.21 125.97 0.463876
4 261.63 448.44 274.26 458.23 0.460525
6 404.97 213.06 424.63 249.31 0.459470
5 623.84 358.37 650.93 407.35 0.458196
4 400.79 135.81 411.74 146.71 0.457113
4 231.31 401.98 280.81 421.95 0.451298
4 660.58 93.87 671.12 104.18 0.450662
4 225.24 244.49 236.91 256.69 0.449832
4 0.14 139.23 35.72 152.76 0.449142
4 643.55 129.50 660.15 148.84 0.445708
5 103.92 420.27 132.84 467.19 0.440400
6 104.68 418.33 132.67 467.41 0.410840
4 529.62 68.42 539.45 75.28 0.407273
4 579.64 440.90 588.74 461.72 0.400076
6 342.82 31.67 368.60 44.75 0.394079
6 1037.30 517.44 1102.51 617.40 0.388280
4 397.31 136.01 411.23 147.45 0.384202
6 1203.40 243.80 1245.30 265.79 0.381318
4 597.41 152.87 603.30 160.09 0.366598
6 63.90 188.71 99.11 212.11 0.335653
4 710.89 144.35 719.37 154.67 0.318266
6 1208.21 281.17 1234.82 304.64 0.305261
6 521.47 49.86 536.52 60.48 0.283944
6 176.37 161.05 191.40 178.17 0.283740
6 1013.31 219.45 1035.51 231.93 0.254194
9 616.27 130.31 630.91 150.87 0.212485
