4 1082.67 998.35 1272.22 1049.44 0.946835
1 1129.13 579.73 1175.45 661.78 0.904564
3 1360.07 780.13 1399.70 834.86 0.887880
2 1290.05 718.14 1347.96 817.25 0.874505
2 1250.83 752.55 1289.15 815.46 0.811005
3 1023.49 672.22 1072.01 700.10 0.758085
4 76.25 450.74 148.80 510.19 0.757438
1 736.55 557.04 767.90 634.03 0.747062
4 0.35 401.10 148.75 510.48 0.741180
2 754.13 643.08 793.51 729.86 0.731846
3 1304.89 443.08 1383.90 496.13 0.700980
3 1292.43 361.76 1348.17 398.90 0.700192
2 591.51 642.79 633.57 730.00 0.687970
2 821.67 610.12 867.22 693.02 0.682131
3 1147.74 710.85 1200.46 740.45 0.648362
2 799.39 578.71 832.84 655.10 0.584228
3 1297.21 416.71 1384.05 464.86 0.576116
2 629.71 651.39 660.67 712.58 0.527530
3 1296.07 299.34 1340.54 327.88 0.523761
3 1194.07 283.65 1218.91 314.38 0.522106
2 788.07 649.41 828.02 711.03 0.498144
2 1227.16 288.04 1250.41 316.39 0.482832
2 474.85 515.47 500.56 562.38 0.479225
3 505.40 515.95 539.81 556.29 0.475934
7 604.36 534.49 652.32 587.00 0.461722
3 603.65 533.81 652.59 587.00 0.459760
2 526.93 554.50 553.59 611.14 0.454821
3 1252.84 291.61 1293.04 326.81 0.441469
2 583.80 513.81 619.94 574.24 0.433181
2 473.66 487.82 627.58 636.13 0.428137
2 478.73 484.53 506.90 556.48 0.425238
4 575.10 409.56 607.57 439.12 0.359269
2 800.65 607.72 836.70 692.37 0.354924
3 735.32 601.70 758.68 633.59 0.327648
2 566.89 554.39 607.58 636.25 0.313832
2 545.97 554.61 584.38 634.22 0.295314
2 527.20 492.23 558.16 562.80 0.292911
4 4.05 352.12 51.34 387.84 0.292445
3 1365.22 296.43 1399.28 333.03 0.266254
7 1291.82 330.79 1356.88 366.82 0.247717
10 181.19 647.43 228.56 716.83 0.240145
6 504.27 450.95 539.67 551.40 0.194400
