4 237.08 987.96 333.98 1049.45 0.937532
4 436.33 952.98 519.41 1049.35 0.901249
4 506.99 820.61 564.21 895.25 0.897510
4 921.45 842.30 1045.21 897.92 0.889311
4 1013.68 873.61 1150.84 924.51 0.888414
4 627.72 795.10 675.84 851.62 0.882695
4 719.81 768.65 817.18 812.18 0.842955
4 628.29 652.39 647.03 670.69 0.838766
4 631.45 693.62 659.13 723.33 0.827535
4 988.05 740.62 1074.85 771.26 0.816632
4 949.00 767.69 1052.19 806.00 0.816031
4 1349.66 768.35 1399.61 788.81 0.809348
4 1053.31 792.61 1127.27 847.03 0.802059
4 794.85 755.01 878.86 788.75 0.794252
4 805.33 814.08 856.37 864.58 0.793676
4 616.38 595.42 628.63 605.06 0.790638
4 1102.95 787.04 1174.56 845.49 0.787632
4 861.92 810.20 929.37 861.00 0.786950
4 596.42 598.76 609.37 611.10 0.785114
4 1184.24 738.47 1238.27 775.60 0.780511
4 979.73 798.63 1051.10 844.13 0.773568
4 720.46 675.06 745.08 697.75 0.754862
4 619.54 570.38 631.29 578.57 0.754350
4 720.49 707.81 751.21 737.61 0.750793
4 918.71 801.23 981.08 849.79 0.750480
4 861.72 810.59 895.88 859.46 0.737477
1 936.89 934.81 956.02 989.04 0.726690
4 1015.20 873.54 1095.59 895.60 0.724400
6 36.32 604.43 91.61 629.93 0.721935
4 1259.26 780.38 1303.26 793.83 0.718747
3 71.04 751.86 121.22 783.01 0.714008
6 768.68 659.72 832.84 696.82 0.688955
4 1334.39 741.10 1371.77 767.54 0.683401
4 1280.97 728.87 1314.76 750.57 0.681563
4 789.01 730.47 871.87 766.06 0.675916
4 946.21 699.62 990.30 728.20 0.669991
4 658.01 595.83 669.23 608.14 0.650471
1 1076.10 751.37 1089.54 785.68 0.643924
4 671.99 610.58 709.70 629.30 0.641546
3 72.16 755.08 99.78 782.75 0.638060
1 1075.74 721.82 1092.86 750.95 0.625239
4 719.35 631.89 741.19 651.85 0.621634
3 903.39 937.75 966.86 990.01 0.612760
10 112.13 582.90 342.44 719.31 0.606237
4 830.21 671.91 860.61 694.30 0.590222
4 192.09 595.95 207.24 607.78 0.584192
4 269.60 595.95 282.85 606.67 0.579307
1 77.80 736.59 96.67 770.95 0.572778
4 820.35 652.30 840.39 670.05 0.569271
4 753.61 685.77 811.18 719.56 0.568443
4 864.90 636.33 916.74 659.05 0.560270
10 103.45 595.19 275.26 719.28 0.553065
6 1168.92 789.49 1399.59 1049.41 0.547388
3 1093.44 719.36 1140.67 749.54 0.542876
4 785.67 623.57 803.76 640.62 0.536434
1 614.74 623.08 626.79 643.72 0.505675
6 705.87 577.64 731.74 592.67 0.499855
1 169.49 720.36 186.65 741.16 0.495832
4 941.96 668.70 986.48 692.32 0.489387
1 222.62 696.75 236.50 717.11 0.487505
1 974.89 709.98 988.97 744.35 0.486118
4 239.61 585.54 254.00 596.65 0.485095
2 222.09 696.94 235.34 717.38 0.481846
4 967.70 683.70 999.40 701.30 0.473223
2 614.73 624.20 626.80 643.71 0.459202
1 1102.18 730.84 1117.04 762.53 0.458001
4 656.29 562.13 663.29 570.30 0.456545
4 504.15 954.38 518.97 1037.99 0.449417
4 866.30 637.07 895.75 657.71 0.446126
4 633.34 693.76 656.65 707.42 0.441687
4 933.37 618.06 968.94 633.59 0.437898
6 208.07 589.13 231.96 603.48 0.434359
1 975.98 718.05 987.21 744.69 0.386482
1 842.11 614.30 849.55 628.32 0.378636
4 684.65 594.19 700.03 606.11 0.378307
3 297.45 656.25 322.79 679.05 0.366111
2 860.37 647.98 870.56 664.02 0.348505
4 867.23 639.76 880.76 653.17 0.347248
1 759.74 693.65 771.50 723.62 0.333519
4 1170.02 884.95 1187.53 918.34 0.312564
2 941.50 701.62 951.68 727.64 0.310150
