4 732.44 591.92 897.09 680.24 0.950794
4 789.25 546.92 924.79 620.08 0.946564
4 847.02 481.23 985.53 546.05 0.940638
4 320.47 336.20 413.90 387.61 0.921066
4 649.88 643.68 781.55 729.27 0.894503
6 441.80 682.04 769.33 764.45 0.888353
4 960.50 344.19 1065.63 394.13 0.859251
4 847.58 482.24 895.81 529.09 0.837520
4 976.06 326.61 1073.56 368.70 0.836938
4 752.01 123.58 805.92 149.92 0.825828
4 902.11 394.87 1016.01 457.79 0.825385
4 973.29 27.96 996.70 44.18 0.811567
6 464.18 329.26 688.94 576.46 0.809244
5 946.49 235.81 1168.61 362.37 0.802924
5 353.52 514.07 473.92 651.75 0.797503
6 946.10 254.77 1161.67 361.56 0.779971
4 797.22 98.52 850.98 125.38 0.779183
6 353.23 328.74 689.40 651.51 0.778835
4 483.57 258.60 582.05 311.08 0.706451
6 1034.14 159.77 1248.96 261.07 0.700867
4 1194.56 68.17 1255.32 86.48 0.700231
6 0.34 397.94 235.53 648.69 0.676077
6 1147.57 128.98 1306.24 217.78 0.667743
4 784.54 112.56 837.65 138.16 0.654363
5 1066.75 195.55 1218.04 261.77 0.645893
6 1024.15 234.75 1168.59 286.89 0.644345
4 0.15 69.07 35.40 91.14 0.641136
6 1202.26 73.29 1349.13 151.32 0.637091
4 183.65 379.37 269.38 440.67 0.616361
6 642.03 144.66 797.00 215.10 0.607239
7 869.95 415.83 990.36 494.10 0.604567
6 1228.79 94.76 1349.88 152.00 0.602325
4 618.55 0.26 658.64 10.87 0.588081
4 83.36 70.95 114.20 84.70 0.555707
5 1024.60 235.26 1168.43 286.32 0.553629
6 74.66 277.11 228.58 367.83 0.547149
3 282.04 236.62 316.94 263.69 0.538402
6 1167.39 38.87 1282.74 78.96 0.535437
6 365.92 172.20 495.62 249.16 0.526497
3 575.25 246.42 633.51 279.37 0.520754
6 1200.58 73.41 1328.02 122.97 0.514185
3 29.38 79.32 82.92 120.36 0.512526
6 329.99 221.73 488.64 365.86 0.512523
4 84.91 70.91 116.08 80.50 0.504551
4 163.96 324.68 211.34 364.33 0.490572
4 1024.01 235.61 1066.34 262.94 0.479705
4 460.58 556.39 498.36 595.77 0.464039
2 530.15 227.48 549.66 250.35 0.422928
5 719.62 119.45 753.92 150.81 0.422686
4 464.08 306.32 489.43 347.39 0.418228
6 0.19 326.51 144.04 461.67 0.394003
4 1151.89 45.58 1171.95 68.34 0.367855
6 693.11 147.29 798.18 215.45 0.362840
5 1034.36 187.70 1077.18 235.19 0.361600
10 556.23 170.91 737.87 278.90 0.346425
5 1264.45 110.09 1301.96 153.63 0.322515
5 1080.34 7.12 1101.79 28.07 0.292746
4 1080.63 7.35 1101.71 27.81 0.266819
1 46.78 67.85 61.04 110.08 0.258659
6 1134.93 0.90 1211.01 44.75 0.254984
