1 1302.67 712.26 1359.62 799.81 0.889200
4 449.34 375.75 530.26 444.24 0.873864
4 663.57 441.63 741.19 534.96 0.857170
4 554.17 216.01 582.92 244.60 0.820419
4 614.78 244.59 649.32 276.01 0.810159
4 923.78 304.11 989.85 344.09 0.801155
1 1371.65 600.08 1399.61 667.71 0.727588
4 691.62 549.74 805.54 715.52 0.724958
1 436.53 1014.14 483.57 1049.09 0.713999
4 459.07 197.70 508.74 227.08 0.654632
4 563.27 630.50 668.33 823.39 0.636902
1 1286.27 798.95 1339.11 901.71 0.517456
4 1116.73 365.76 1215.60 419.13 0.498512
4 835.25 248.37 879.26 277.18 0.492890
4 1116.61 369.29 1173.27 411.59 0.464965
4 634.40 303.47 669.23 341.90 0.434742
4 817.61 235.63 856.41 264.53 0.425465
4 785.73 207.02 804.67 236.13 0.416195
4 1246.95 333.42 1295.34 369.40 0.405042
2 578.25 694.26 647.23 737.67 0.377324
4 1218.46 211.76 1273.24 238.93 0.337510
9 522.21 128.44 577.97 192.75 0.326415
6 0.30 300.38 145.75 537.09 0.320755
4 595.05 97.49 606.06 110.64 0.297559
4 875.44 114.37 905.20 135.65 0.250819
4 504.11 375.92 534.66 439.89 0.236917
9 579.02 84.09 604.86 110.58 0.214262
10 1250.23 614.36 1275.23 652.21 0.196421
10 1321.46 669.11 1349.04 716.50 0.180895
2 173.47 294.69 194.97 337.14 0.176624
10 1343.52 543.48 1362.52 570.79 0.165705
