4 604.04 705.66 802.91 764.57 0.978955
6 571.07 409.45 852.95 548.45 0.918468
6 485.54 308.08 760.22 438.54 0.918456
6 1066.28 276.42 1359.24 386.44 0.917287
6 526.99 518.34 793.61 670.88 0.893477
4 999.59 117.02 1055.27 149.45 0.886104
4 0.03 155.88 25.76 183.29 0.867932
6 382.88 125.18 591.35 231.14 0.856711
4 533.43 308.85 632.62 328.71 0.854446
4 521.30 268.51 625.64 317.33 0.852893
6 1016.85 145.91 1330.78 286.76 0.845219
6 1222.40 396.17 1359.44 524.01 0.835852
4 505.19 245.91 608.07 291.78 0.834551
4 449.57 207.26 537.24 252.68 0.816607
6 1038.62 73.24 1255.86 148.22 0.803351
4 473.29 220.54 570.08 271.61 0.801387
6 1180.77 0.34 1359.49 79.00 0.794476
4 111.04 65.52 143.65 96.85 0.787105
3 1185.40 465.82 1218.77 515.54 0.786960
6 666.63 0.04 799.09 72.21 0.691435
4 359.56 139.82 426.78 188.02 0.680584
6 803.74 0.20 889.58 56.56 0.666662
4 1116.81 70.31 1185.34 94.84 0.651281
6 533.73 0.00 681.22 87.33 0.624999
6 950.50 148.55 1047.89 225.19 0.623444
6 312.72 22.02 444.65 133.78 0.562697
6 208.96 34.87 256.20 74.89 0.560209
4 209.52 34.66 256.75 73.65 0.548321
4 24.22 102.92 45.60 114.33 0.475093
6 1066.59 242.40 1213.57 311.49 0.452395
6 961.41 149.66 1025.67 224.94 0.445612
5 493.09 49.01 544.46 108.50 0.432245
6 926.67 107.32 1002.41 169.40 0.424865
5 449.74 59.24 501.38 119.57 0.403137
5 592.03 34.76 638.25 92.41 0.367946
4 1152.07 50.22 1186.49 68.05 0.309636
4 1138.09 54.09 1186.82 87.68 0.294752
6 464.16 2.23 544.93 110.53 0.290723
2 1101.87 319.01 1113.47 336.76 0.282303
6 373.15 11.70 472.86 93.10 0.259992
5 698.25 518.55 793.61 662.92 0.249918
9 382.82 68.25 444.84 134.27 0.233511
10 1185.94 466.69 1206.93 497.05 0.221654
