4 421.37 362.08 487.43 436.10 0.874776
5 150.45 325.48 261.71 389.38 0.863629
4 579.34 232.66 620.88 281.90 0.860521
4 625.63 147.40 668.62 176.41 0.857591
4 519.35 320.87 566.44 384.38 0.852323
4 532.67 206.04 571.40 247.69 0.837599
4 63.07 454.89 173.49 562.70 0.823944
4 676.77 491.85 756.26 610.28 0.823819
4 686.37 55.83 702.89 71.89 0.816431
4 246.68 297.77 311.87 345.36 0.768127
3 3.42 445.74 67.54 471.99 0.767774
4 260.38 237.83 335.72 281.18 0.754308
3 712.08 178.02 722.63 193.54 0.750516
4 464.04 362.93 486.73 433.65 0.734988
3 290.67 667.94 331.13 718.92 0.729252
4 614.21 24.93 625.44 39.12 0.716822
3 126.26 404.66 159.40 433.66 0.706716
3 745.91 182.23 757.24 201.48 0.693603
4 446.98 68.73 467.12 86.91 0.685769
1 355.39 435.39 375.34 484.46 0.678913
4 762.03 47.16 778.94 63.37 0.670301
4 644.88 0.00 656.95 6.08 0.669725
4 680.16 25.88 694.19 39.96 0.650320
1 921.99 279.25 936.56 312.27 0.644040
1 711.65 166.02 722.74 192.53 0.628982
4 729.55 8.40 744.23 20.18 0.623142
4 879.69 31.50 898.32 46.05 0.597455
9 839.32 0.06 895.76 44.14 0.593522
4 540.42 38.02 557.99 46.13 0.581070
4 667.77 10.63 681.31 21.94 0.574947
4 653.62 25.88 668.35 37.11 0.565933
3 290.91 649.00 332.61 719.59 0.555050
4 618.71 3.08 632.35 16.22 0.536200
4 918.04 60.94 941.76 78.77 0.530300
1 52.27 314.37 69.68 357.54 0.527962
4 646.41 13.78 658.25 26.97 0.517438
2 745.45 177.40 757.71 202.43 0.510833
4 0.04 599.47 52.80 706.71 0.492787
1 745.88 129.82 755.96 152.06 0.490401
4 907.14 47.47 929.13 63.42 0.487708
4 663.50 0.31 676.14 9.76 0.484962
1 81.16 346.54 91.12 373.05 0.457998
4 876.03 145.40 895.88 199.25 0.457286
4 389.24 39.92 402.88 55.83 0.450743
5 907.52 29.95 925.24 44.83 0.445495
4 864.57 30.33 878.64 41.93 0.439038
2 745.37 130.09 756.65 152.88 0.433145
7 2.01 414.64 66.95 471.78 0.423285
2 576.22 68.94 584.97 87.91 0.418728
2 921.70 278.83 936.65 310.69 0.412543
4 929.33 47.91 949.01 64.08 0.406957
2 0.36 316.79 16.31 357.33 0.403067
2 572.28 53.17 581.54 66.71 0.390893
3 928.03 299.60 936.06 313.35 0.379181
2 502.05 41.11 511.84 59.63 0.369040
4 22.48 308.41 63.89 348.86 0.357902
6 907.55 30.80 924.23 44.35 0.352404
2 827.90 96.18 837.47 115.82 0.351820
2 597.77 0.01 605.50 9.97 0.347187
4 721.49 0.00 735.20 8.08 0.329663
2 818.03 84.46 826.52 99.92 0.319977
4 498.35 30.71 512.69 45.93 0.319210
6 922.88 30.79 951.12 45.39 0.317546
7 24.15 323.81 50.70 349.52 0.285145
7 900.29 290.34 916.53 304.27 0.272546
