4 707.23 311.33 751.18 332.46 0.917630
5 660.08 467.01 687.76 518.63 0.786101
4 615.61 352.37 654.00 384.89 0.780172
5 193.03 219.95 236.44 239.47 0.778580
4 659.88 466.63 687.55 518.47 0.741188
4 526.18 319.77 570.98 347.31 0.659840
9 191.65 219.57 237.01 239.49 0.636343
1 639.22 413.30 649.19 435.46 0.630242
5 526.30 320.23 571.26 348.43 0.625897
1 546.61 417.96 556.51 434.79 0.581673
1 728.22 397.80 738.82 418.65 0.581282
5 1101.66 229.54 1143.92 244.33 0.579334
4 668.40 68.55 680.86 84.22 0.562086
1 642.62 282.17 651.45 299.94 0.554091
4 657.61 30.27 670.57 44.58 0.551291
4 655.61 10.52 666.02 24.47 0.535426
4 896.02 967.30 921.36 992.36 0.534597
6 656.48 208.38 672.94 234.96 0.525069
5 656.32 208.92 673.36 234.77 0.524030
4 705.41 211.01 721.02 230.42 0.502270
4 628.65 135.79 641.03 151.28 0.495871
4 905.01 967.35 919.64 981.19 0.489341
4 630.78 118.54 642.57 134.37 0.488257
2 641.75 282.04 651.43 300.77 0.482101
4 158.77 300.14 178.28 312.06 0.481382
3 787.68 517.93 807.73 534.73 0.472841
4 627.35 153.95 644.29 164.76 0.472644
2 653.96 254.26 664.13 270.80 0.466499
4 594.58 68.34 604.29 82.84 0.460341
4 622.50 219.81 644.25 243.67 0.455669
7 559.52 354.91 578.62 380.49 0.454143
2 546.80 417.93 557.01 434.22 0.453500
4 674.36 50.38 685.38 60.91 0.450683
9 955.58 223.22 1004.79 246.25 0.440295
4 629.62 154.02 643.48 162.57 0.429029
5 626.63 83.95 639.68 107.55 0.428824
2 679.91 163.73 688.05 180.02 0.425539
2 728.08 398.19 738.97 418.24 0.425525
4 476.35 325.36 489.94 353.51 0.423382
1 482.44 255.08 494.30 282.95 0.422748
9 1101.58 229.22 1145.74 244.88 0.414675
2 626.66 275.81 637.28 298.94 0.392576
4 678.20 30.95 692.21 46.31 0.392363
4 1369.81 228.08 1398.83 238.32 0.389249
6 623.39 180.26 646.15 206.32 0.388222
4 141.79 196.53 152.19 207.26 0.385188
4 626.63 62.76 638.25 80.50 0.383651
3 15.05 242.28 48.49 272.57 0.383612
4 144.91 176.31 162.48 191.22 0.374995
4 690.09 90.72 702.76 103.46 0.374691
4 621.74 34.78 636.27 52.41 0.372056
4 687.66 66.40 698.39 80.61 0.371497
3 745.87 259.00 761.79 278.16 0.354414
4 626.99 61.97 637.90 72.42 0.348800
4 627.68 19.55 638.12 34.14 0.341163
9 767.47 238.92 809.89 255.84 0.339953
4 1350.93 214.68 1372.15 229.81 0.336804
9 1003.09 230.87 1046.81 247.22 0.331596
6 626.20 81.84 639.52 107.79 0.324814
4 617.20 111.16 627.39 122.84 0.321890
9 764.83 234.84 813.47 273.44 0.310083
2 716.57 251.15 726.12 269.78 0.305906
1 606.45 381.03 618.60 418.25 0.282085
2 483.30 254.60 494.66 285.98 0.269598
4 679.35 33.68 692.72 47.44 0.269021
4 722.02 215.04 746.11 233.60 0.264067
6 850.45 214.97 895.79 252.12 0.237986
2 783.10 499.18 799.10 533.53 0.222646
2 676.17 101.23 684.36 126.87 0.216594
