4 962.35 917.17 1289.50 1049.28 0.977580
4 947.48 759.91 1280.13 894.87 0.970571
4 812.74 409.78 1050.90 509.82 0.962049
4 963.56 622.75 1231.57 749.52 0.954787
4 814.02 259.74 1004.85 357.10 0.943507
4 843.75 501.24 1118.53 619.19 0.939325
4 814.67 194.50 997.66 275.27 0.934938
4 549.64 318.02 653.76 476.92 0.908786
4 506.20 510.16 634.27 717.42 0.889458
3 841.77 36.61 888.16 83.23 0.865178
4 812.05 417.33 895.83 510.36 0.863460
4 805.21 0.00 882.22 46.88 0.858603
4 182.29 5.09 285.15 105.78 0.845865
4 843.20 514.89 895.85 617.66 0.830367
4 612.67 154.13 686.55 213.87 0.798244
4 622.77 5.11 688.32 99.25 0.746221
3 726.63 0.00 740.18 17.50 0.732880
4 650.67 0.00 696.51 10.08 0.722075
1 766.59 8.36 783.14 55.73 0.707684
1 782.37 0.23 805.97 57.76 0.689862
4 414.04 0.32 490.67 77.19 0.677239
4 612.25 106.98 687.99 212.10 0.670989
2 362.74 518.16 422.07 600.55 0.587993
1 726.95 0.00 740.81 16.44 0.455706
4 0.25 0.03 93.04 68.79 0.362465
2 371.72 526.87 395.39 584.45 0.347118
4 0.17 37.15 14.43 67.79 0.327875
3 166.12 50.61 224.45 107.69 0.181026
