4 509.75 236.12 577.61 280.39 0.895575
4 208.91 411.44 309.68 479.69 0.813470
4 610.62 386.03 688.28 455.73 0.794758
4 603.32 220.34 668.27 267.37 0.787495
6 1138.69 363.02 1275.70 545.74 0.692933
4 1008.08 53.52 1029.11 69.17 0.616289
4 546.48 236.03 577.87 260.22 0.603726
2 836.37 668.60 947.30 743.59 0.589255
6 870.20 202.14 1263.66 656.59 0.566732
6 659.21 539.93 895.31 717.81 0.559558
9 872.76 416.97 1125.80 653.53 0.540161
3 835.68 405.02 911.00 501.25 0.484781
6 659.80 543.49 769.16 638.00 0.452344
9 622.09 120.83 838.61 238.71 0.435173
4 872.02 11.38 886.16 20.56 0.415165
1 658.39 475.27 678.27 503.69 0.377613
4 149.32 62.69 195.13 97.94 0.339028
3 835.69 461.40 868.45 501.78 0.235475
