4 674.90 583.51 773.19 648.73 0.928348
4 1265.86 350.47 1353.84 398.38 0.923695
4 1089.88 544.93 1191.13 608.68 0.919853
4 1288.21 493.68 1382.84 548.10 0.918860
4 1011.87 418.24 1099.84 460.27 0.915222
4 868.09 600.13 965.69 668.16 0.914279
4 1029.14 502.03 1112.97 555.67 0.912168
4 1024.17 869.09 1108.02 984.19 0.911341
4 983.36 574.07 1078.83 634.75 0.910249
4 1194.44 520.28 1295.47 579.49 0.907251
4 742.43 480.69 833.31 532.08 0.897605
4 1112.58 467.93 1207.35 530.45 0.887818
6 199.28 551.84 442.60 667.63 0.879442
4 576.61 514.70 653.50 565.95 0.877857
4 1339.66 416.22 1399.52 474.47 0.869464
4 1189.50 820.35 1275.82 932.79 0.866251
4 1203.98 370.99 1263.86 413.70 0.863235
4 1292.69 790.31 1382.76 906.06 0.843822
4 1182.28 821.25 1268.46 895.65 0.810844
5 200.05 601.98 311.84 666.33 0.809328
4 878.06 734.54 943.51 839.55 0.769410
3 936.43 419.57 1005.86 464.20 0.766664
4 1341.26 612.02 1397.89 705.78 0.750729
4 113.20 509.45 213.44 543.52 0.743979
4 1077.49 682.94 1142.95 783.57 0.741981
5 308.65 556.13 441.64 633.61 0.737034
4 1271.26 624.31 1330.17 719.88 0.736301
4 1024.25 870.51 1079.23 895.77 0.732818
4 1345.96 767.46 1399.61 876.70 0.728334
1 1132.29 433.37 1157.36 467.13 0.700770
6 646.10 783.84 769.88 869.77 0.692510
4 1149.74 660.52 1211.53 755.72 0.687359
4 1213.63 639.09 1277.16 748.40 0.668016
1 561.84 867.43 582.65 928.18 0.663219
7 645.79 782.01 771.58 870.09 0.604424
4 0.02 687.98 19.99 711.95 0.582813
4 942.21 720.71 1005.88 827.96 0.578126
4 707.55 785.05 769.41 838.95 0.559767
4 868.53 611.19 895.79 668.46 0.554896
4 0.02 656.30 30.22 711.77 0.478701
1 562.47 887.25 581.88 928.36 0.442932
1 1015.25 181.85 1026.91 201.68 0.436224
4 409.07 49.77 436.97 66.71 0.415456
3 576.21 110.93 603.60 137.15 0.406140
4 985.53 290.68 1001.03 307.90 0.404054
4 397.71 538.61 446.65 565.51 0.396737
4 1055.80 94.24 1085.87 112.43 0.391428
4 1120.41 421.52 1155.77 442.65 0.384495
3 936.23 426.63 970.84 464.34 0.344430
4 276.82 234.01 318.15 263.54 0.307557
4 429.97 93.21 461.48 118.92 0.302738
4 959.07 391.08 987.70 413.90 0.302705
1 472.54 14.42 488.53 51.83 0.300590
1 468.40 14.33 495.56 79.35 0.263131
4 998.74 703.94 1073.77 825.74 0.254090
4 1387.21 468.71 1399.87 512.03 0.191096
