4 784.39 125.14 809.96 135.46 0.846625
4 581.97 220.79 607.89 242.60 0.846053
4 737.36 371.94 769.65 407.34 0.844434
4 632.99 269.14 659.30 296.30 0.843623
4 738.79 316.78 768.39 345.13 0.842892
4 504.65 136.06 531.10 158.28 0.841315
4 596.76 200.22 623.92 225.53 0.803134
4 442.01 468.87 479.35 492.12 0.801283
4 794.03 569.19 828.28 635.23 0.793915
4 79.46 633.69 120.05 650.34 0.771046
4 267.43 153.15 290.75 170.90 0.767071
4 300.17 162.16 322.55 178.23 0.762807
4 304.59 178.94 327.12 194.46 0.747605
4 701.49 584.77 736.03 640.61 0.745140
6 732.71 23.45 801.70 47.73 0.625651
4 777.77 56.00 799.67 66.98 0.578151
4 596.15 134.35 620.07 158.65 0.560182
4 551.25 121.27 567.97 134.34 0.521855
4 565.48 19.63 582.53 32.32 0.498963
4 937.51 589.46 958.59 607.31 0.479942
4 852.50 38.87 872.51 49.06 0.471528
4 811.57 38.50 825.95 48.24 0.455076
4 962.29 656.69 979.08 674.35 0.451531
4 322.46 440.10 341.13 464.16 0.436344
4 363.32 133.01 384.73 156.38 0.428933
4 836.25 41.79 846.64 50.45 0.420415
4 950.29 620.89 968.86 639.01 0.417055
4 878.85 43.76 893.68 53.05 0.415403
4 835.76 39.24 847.36 49.59 0.392641
4 859.06 125.68 881.20 135.92 0.354893
4 853.13 54.29 862.61 63.97 0.349171
5 557.78 486.27 576.23 520.77 0.347884
2 882.50 120.10 892.11 136.51 0.310020
6 734.72 111.99 760.78 135.05 0.248418
4 935.26 115.49 964.11 135.51 0.247493
4 557.35 484.75 577.22 520.32 0.229085
9 578.08 123.98 620.62 159.10 0.181777
9 846.22 33.89 865.10 45.65 0.179234
