5 1167.59 118.40 1350.87 226.00 0.948041
4 805.14 416.39 1020.55 524.55 0.942112
4 248.22 373.40 439.38 468.54 0.930059
4 649.27 635.06 912.25 764.63 0.927492
4 0.52 508.76 234.02 650.17 0.927003
4 133.69 439.65 344.03 551.25 0.922974
6 1167.05 118.01 1351.78 226.62 0.914023
4 876.33 327.58 1058.43 418.82 0.873231
4 895.73 298.30 1064.29 361.90 0.847850
4 922.10 267.44 1086.54 329.34 0.843776
4 937.14 231.38 1087.44 288.56 0.820214
4 611.77 178.73 734.14 246.34 0.795062
4 638.04 162.91 754.13 217.38 0.768221
4 951.30 204.91 1102.70 260.19 0.766230
4 152.19 275.37 308.31 380.54 0.764618
4 818.95 51.32 905.52 95.44 0.754437
4 962.54 180.81 1095.10 222.08 0.732478
4 728.46 115.94 829.27 164.19 0.728149
4 677.01 144.69 784.87 199.33 0.726906
4 982.13 141.41 1108.23 181.76 0.724140
4 878.55 15.81 956.28 54.28 0.723702
4 704.72 131.18 807.64 181.72 0.716541
4 0.21 354.46 129.51 490.19 0.666487
4 1015.33 109.02 1137.28 149.72 0.663860
4 805.68 416.21 895.78 502.06 0.656204
4 1155.63 151.64 1177.75 178.62 0.649694
4 273.03 231.96 351.04 277.34 0.645082
4 756.16 101.82 841.59 146.77 0.643473
4 869.25 42.68 946.11 78.57 0.624027
4 931.08 0.00 972.04 18.79 0.607433
4 764.59 82.95 845.87 121.09 0.587712
4 274.31 198.66 379.69 282.76 0.573037
4 1053.82 62.25 1146.77 98.82 0.571070
4 1068.39 33.43 1150.74 64.14 0.570297
6 1092.87 0.10 1184.40 40.96 0.536059
4 177.05 217.23 219.04 244.56 0.517232
3 1345.68 157.41 1359.97 199.48 0.511495
4 76.82 336.77 160.84 386.95 0.506763
4 590.88 118.38 630.55 153.66 0.494753
4 1085.52 0.00 1112.85 9.25 0.476463
4 721.78 0.00 749.62 21.29 0.399188
7 1198.58 1.11 1264.48 63.41 0.366159
5 1294.14 138.89 1351.20 226.93 0.347612
1 864.74 24.47 937.41 102.38 0.341932
4 716.16 81.65 730.90 105.56 0.331620
4 465.53 104.61 498.87 171.61 0.327378
4 589.65 137.08 607.96 175.45 0.321874
4 337.86 215.68 378.91 252.29 0.309105
6 1167.28 118.34 1233.58 212.70 0.289678
4 853.67 334.92 895.78 398.51 0.253521
