4 810.89 544.06 851.06 570.81 0.876642
4 262.63 606.53 313.03 625.58 0.850632
4 212.22 585.21 258.26 603.83 0.837580
4 450.05 466.06 494.43 487.54 0.796838
4 990.08 592.11 1030.91 611.71 0.792938
4 414.27 628.71 459.50 648.25 0.765314
4 306.95 632.02 347.76 650.63 0.761005
4 284.87 678.10 329.16 697.62 0.759353
4 125.68 659.29 175.17 680.67 0.754994
4 221.00 679.09 267.80 700.39 0.752584
4 252.44 657.37 294.97 675.35 0.752081
4 476.35 406.07 514.35 424.70 0.750177
4 343.38 677.31 385.79 696.41 0.749158
4 197.74 656.48 240.98 678.07 0.744711
4 877.16 572.45 922.10 595.18 0.728890
4 403.98 673.44 446.20 691.18 0.725763
4 410.56 654.80 452.22 671.63 0.723850
4 356.79 654.97 395.10 672.02 0.717029
4 159.98 677.55 206.85 698.27 0.716221
4 308.56 656.32 345.36 673.53 0.713281
4 938.38 589.91 975.68 609.67 0.701594
4 416.15 452.62 450.54 470.96 0.700276
4 618.37 433.63 636.85 467.05 0.695911
4 513.58 153.97 542.87 165.99 0.687214
4 881.74 590.64 923.97 612.57 0.683704
4 466.60 437.27 496.33 454.66 0.681887
4 353.79 629.63 395.08 650.69 0.674534
4 280.07 456.90 306.82 483.26 0.674132
4 637.30 70.62 652.27 94.09 0.660234
4 858.56 669.98 895.48 695.52 0.650787
4 314.23 448.77 337.00 463.89 0.646558
4 1312.20 567.89 1353.87 588.23 0.631628
4 1047.06 570.11 1097.03 590.61 0.628343
9 204.17 419.92 329.45 462.13 0.624649
4 945.69 573.22 983.39 591.98 0.607612
4 428.15 721.24 463.30 738.79 0.600999
4 1122.34 635.00 1177.78 677.61 0.599521
4 492.18 276.67 533.73 307.01 0.585936
6 0.53 791.59 447.42 1049.06 0.570702
4 783.22 680.93 824.40 719.68 0.569546
4 429.62 720.51 462.04 732.19 0.564254
4 1130.48 657.88 1176.92 677.72 0.563245
4 313.94 445.79 336.82 461.57 0.554785
4 467.39 438.51 486.52 453.31 0.551728
4 1088.07 586.68 1131.97 608.61 0.549295
4 1236.30 633.99 1297.43 655.83 0.538076
4 255.90 504.25 277.97 536.07 0.536329
4 706.77 909.09 730.49 960.39 0.536056
4 510.80 133.01 550.36 166.17 0.528080
4 1045.06 589.94 1083.19 609.44 0.521475
4 505.26 189.54 539.88 221.44 0.511518
4 517.53 133.36 549.58 149.09 0.494098
3 1.93 501.70 68.89 548.03 0.486076
4 511.15 146.00 541.89 165.64 0.485206
4 876.88 573.72 895.80 596.20 0.477165
2 492.79 752.11 504.58 768.65 0.471046
4 1124.81 634.02 1166.48 655.16 0.469553
4 585.41 183.14 611.08 201.13 0.450194
4 886.19 614.30 926.94 635.16 0.447639
5 618.90 433.67 636.35 466.76 0.441030
4 504.84 243.38 539.67 272.58 0.439986
4 516.66 99.87 542.31 118.29 0.437424
4 702.51 828.06 725.71 876.96 0.436097
4 643.26 12.45 659.70 36.79 0.435094
4 1044.21 569.77 1131.75 609.47 0.430869
4 351.65 717.68 389.76 740.58 0.426117
9 700.32 418.51 791.87 460.39 0.424697
5 640.62 415.01 657.81 447.19 0.409212
4 794.97 271.15 827.28 297.64 0.404973
2 376.34 451.42 388.53 465.24 0.404342
1 594.09 480.67 602.83 499.07 0.396586
1 336.35 455.50 346.21 470.30 0.396446
4 652.15 157.69 669.99 184.00 0.388630
4 881.66 594.15 895.85 613.34 0.384511
6 788.55 241.50 830.78 298.32 0.382723
5 757.44 846.49 780.93 898.00 0.371053
2 472.74 746.74 488.46 766.89 0.365364
4 519.23 13.87 549.27 47.25 0.364741
6 640.68 415.16 657.86 447.25 0.328401
4 885.65 615.16 895.86 635.81 0.319522
4 519.14 81.80 548.45 102.31 0.294339
4 620.52 327.73 637.51 358.70 0.264262
5 702.64 828.92 725.39 876.61 0.262922
6 600.30 361.03 618.05 391.26 0.234351
