4 835.62 1032.00 868.76 1049.80 0.829917
4 42.73 994.08 67.35 1028.43 0.751958
4 1222.38 909.78 1291.86 947.78 0.720271
4 791.36 901.72 817.86 927.86 0.717217
4 792.46 683.38 821.91 704.93 0.716634
4 761.38 855.44 789.82 878.08 0.716155
4 109.15 986.54 132.08 1022.20 0.701559
4 783.49 869.33 810.36 890.82 0.683251
4 68.98 986.21 88.27 1015.37 0.681792
4 709.24 745.05 739.09 766.63 0.671156
4 745.27 818.25 775.82 841.13 0.658913
4 740.74 805.27 767.42 829.20 0.649049
4 798.65 924.70 826.25 954.74 0.645613
4 87.13 982.81 109.65 1018.51 0.641034
4 907.40 1033.48 934.62 1049.75 0.638065
4 775.84 642.63 805.93 663.97 0.629890
4 757.84 837.60 787.13 860.83 0.619143
4 715.89 759.09 744.03 783.47 0.615056
5 593.98 622.19 626.69 640.72 0.614935
4 693.71 712.66 726.12 734.08 0.612532
4 701.80 731.61 730.58 750.28 0.612125
4 210.96 622.69 225.68 635.24 0.609771
4 727.39 781.56 755.36 807.76 0.603436
4 808.08 708.24 832.10 722.92 0.599304
4 161.01 570.87 188.19 586.61 0.599010
4 555.94 631.40 587.35 653.94 0.588479
4 75.28 684.65 98.72 698.74 0.588041
4 174.95 607.69 192.11 620.77 0.585886
4 440.27 927.47 468.56 950.02 0.576796
4 185.08 622.66 202.55 639.46 0.515419
4 585.34 786.49 627.26 820.17 0.510452
4 39.40 651.95 68.61 668.93 0.504441
4 845.88 1002.33 863.50 1019.51 0.491137
5 610.35 634.59 657.96 655.36 0.463373
4 238.76 886.97 256.03 904.92 0.459421
6 777.67 702.84 842.25 750.60 0.424472
2 247.10 823.17 301.84 889.76 0.422788
2 341.03 879.16 362.87 895.58 0.419111
2 485.15 1017.82 506.34 1044.89 0.402013
4 190.50 254.87 214.30 269.58 0.389250
4 573.13 653.38 591.56 667.16 0.384078
4 683.32 684.69 711.05 704.02 0.381326
4 641.73 454.46 658.57 468.07 0.374191
6 185.96 88.38 293.35 211.22 0.363609
4 583.90 369.92 597.85 383.04 0.336099
2 547.67 597.00 561.40 621.21 0.313006
2 539.80 545.71 595.14 617.03 0.310951
6 504.07 154.40 627.87 327.82 0.254553
