4 947.51 720.64 972.70 754.08 0.896321
4 743.20 722.27 767.57 757.68 0.883254
4 992.26 483.01 1017.89 512.59 0.879610
4 1040.73 516.48 1065.82 542.84 0.869389
4 1067.39 575.40 1094.97 604.34 0.864824
4 451.72 670.27 491.15 707.12 0.812235
4 808.26 194.51 823.00 213.16 0.804228
4 720.55 211.49 734.07 228.71 0.760774
4 714.56 166.59 726.77 180.45 0.757166
4 831.10 210.53 844.32 228.11 0.756782
4 676.75 487.88 691.32 509.95 0.693228
4 876.18 307.27 891.15 326.56 0.690706
5 707.64 579.32 754.97 658.47 0.676121
4 645.86 7.08 655.89 18.86 0.660273
4 697.67 536.57 714.76 565.47 0.631007
4 243.16 747.41 257.36 763.67 0.597181
4 731.15 549.51 747.37 578.15 0.591520
4 773.85 133.90 784.44 146.09 0.582432
4 739.15 80.71 748.86 91.60 0.577664
4 714.50 527.32 732.29 556.42 0.553125
4 674.97 445.44 688.98 468.65 0.521536
4 870.29 297.40 884.04 308.94 0.488714
6 692.07 393.88 722.80 469.74 0.487391
4 1252.00 0.25 1300.56 24.89 0.484073
4 1120.76 711.47 1159.06 750.56 0.465094
6 1100.22 613.59 1154.83 673.63 0.463937
4 662.88 429.54 677.10 454.17 0.460528
4 633.22 113.02 645.40 126.90 0.456306
4 677.36 417.05 692.18 440.75 0.421364
4 652.30 655.70 666.59 669.22 0.413858
4 635.53 267.62 647.92 284.65 0.411665
4 671.40 393.27 684.84 414.02 0.409659
4 635.88 244.31 647.28 260.68 0.408812
4 628.11 227.77 639.30 242.28 0.395782
4 691.98 444.52 709.38 469.30 0.394543
4 640.63 218.87 651.66 234.07 0.387067
4 660.11 270.75 673.36 291.18 0.380725
4 649.45 170.55 660.42 185.38 0.375186
4 661.97 316.75 673.07 329.16 0.344950
4 640.05 202.87 650.40 216.24 0.338898
6 636.50 293.42 659.46 359.24 0.336170
4 674.42 271.61 687.81 286.52 0.322625
4 623.82 205.42 634.83 220.90 0.314883
4 622.55 123.46 633.35 136.28 0.311746
4 682.54 314.33 696.00 329.85 0.311232
4 651.95 252.85 663.70 269.97 0.309941
4 609.20 108.44 618.50 120.86 0.301576
4 617.71 92.32 626.49 104.86 0.298937
4 653.19 359.56 666.33 379.19 0.298687
4 654.68 293.40 669.96 313.24 0.297748
6 686.63 351.09 709.86 401.64 0.296974
4 650.17 235.72 662.05 251.06 0.293982
4 601.30 61.73 612.14 74.14 0.293074
4 655.90 382.01 669.77 402.38 0.292131
4 620.26 189.20 633.07 205.37 0.277811
5 1247.65 0.17 1300.37 24.37 0.277810
6 677.64 288.67 699.57 333.68 0.261789
6 658.45 328.42 676.79 363.48 0.225126
