4 267.09 703.16 463.22 764.48 0.934260
4 5.41 505.61 155.73 581.48 0.910185
5 610.05 327.74 765.79 419.43 0.904137
4 320.17 640.16 479.59 716.70 0.900050
6 609.16 328.00 765.74 419.44 0.898944
4 40.40 463.57 186.69 525.61 0.894919
4 372.67 520.57 518.65 585.93 0.887225
4 348.00 583.38 492.54 651.42 0.876383
4 393.13 469.97 532.11 530.00 0.866127
4 651.65 316.61 744.06 344.18 0.865703
4 408.92 429.63 534.06 481.06 0.861949
4 441.03 358.93 557.37 407.23 0.855641
4 97.62 423.71 227.34 483.86 0.854013
4 134.84 392.14 256.10 446.89 0.847367
4 166.61 360.68 284.68 412.25 0.844419
1 599.81 328.36 614.79 361.41 0.836243
4 438.11 397.73 554.17 445.99 0.833471
4 291.31 232.92 384.42 279.65 0.810961
4 483.75 295.52 597.59 337.42 0.790211
4 479.54 322.60 585.44 368.60 0.787697
4 203.61 333.10 294.17 381.49 0.778067
4 499.33 278.69 594.44 311.08 0.763860
4 213.60 300.64 336.86 350.50 0.760299
4 345.09 204.77 428.69 245.15 0.732066
4 384.32 192.81 455.86 229.48 0.720718
4 519.54 237.67 604.42 274.77 0.718091
4 387.26 157.15 447.36 185.92 0.706922
4 489.61 60.76 542.90 84.97 0.704173
4 523.27 221.23 615.50 255.04 0.704047
5 612.38 57.85 680.29 102.61 0.691853
4 362.63 164.47 439.16 198.89 0.680972
4 135.29 210.25 178.98 265.93 0.670062
4 542.50 200.95 615.42 232.01 0.645500
5 581.18 105.02 661.64 156.95 0.644150
4 552.91 165.28 625.72 197.15 0.625569
7 678.04 116.58 755.36 182.20 0.614041
4 91.29 265.46 116.31 290.48 0.611288
4 464.08 520.96 518.27 585.97 0.606251
4 572.91 149.47 636.35 172.13 0.602741
6 613.76 57.87 680.32 102.89 0.599175
5 429.09 90.24 471.47 140.31 0.565447
4 510.23 254.90 595.07 289.48 0.564721
6 700.15 28.08 774.22 102.72 0.564538
4 504.83 42.16 537.15 62.40 0.536776
4 56.31 152.72 95.73 174.75 0.534588
4 319.20 206.81 350.52 232.92 0.531322
4 538.47 188.74 618.99 221.93 0.527933
6 701.91 63.58 766.70 102.46 0.526154
4 534.01 48.42 564.29 73.64 0.525557
4 147.31 300.20 183.56 343.43 0.516794
4 726.73 0.00 756.86 10.72 0.493152
6 582.11 105.00 661.58 155.72 0.491658
4 43.32 289.35 71.82 323.79 0.490210
4 521.34 10.92 543.85 31.44 0.484203
4 545.47 43.19 573.82 64.41 0.483488
4 0.14 444.81 13.78 483.60 0.474117
5 718.59 114.73 762.18 153.64 0.468743
1 503.42 269.44 514.94 290.20 0.442863
4 742.63 16.02 759.78 30.69 0.423934
4 567.43 13.48 589.58 34.50 0.403830
4 67.51 269.27 95.90 307.94 0.394210
4 501.65 10.84 519.31 29.19 0.390764
4 464.11 586.38 492.25 651.82 0.377947
6 636.80 8.15 696.74 58.87 0.370761
6 612.02 5.82 698.81 102.56 0.370702
6 720.09 29.10 772.83 69.06 0.363536
7 698.19 146.55 753.37 181.69 0.352161
5 429.75 110.55 458.05 139.81 0.336754
1 177.01 339.11 193.03 366.94 0.313995
4 464.04 642.02 479.59 712.32 0.302573
6 546.61 2.43 590.68 34.53 0.270876
6 654.36 7.10 698.02 39.33 0.240556
4 0.18 416.99 42.00 483.14 0.194066
6 464.04 89.70 471.78 130.91 0.141646
