3 1840.53 632.57 1875.66 669.97 0.979789
4 1368.05 1182.42 1715.51 1382.66 0.978255
4 1702.37 558.43 1863.53 623.81 0.974199
4 1490.52 591.87 1654.88 669.43 0.965310
4 289.91 720.98 487.19 851.48 0.954462
4 1229.65 619.92 1316.45 693.69 0.940041
4 1125.69 618.24 1217.17 696.07 0.937752
4 200.62 502.59 333.86 551.87 0.929990
4 638.62 561.12 752.46 623.77 0.920293
4 0.43 453.29 100.15 490.30 0.912195
4 728.11 571.24 823.51 630.82 0.911715
5 555.02 543.57 666.76 619.76 0.909592
4 58.89 402.49 165.34 436.12 0.904354
4 361.43 522.99 459.57 576.61 0.896905
2 1858.34 613.06 1884.70 662.32 0.886612
4 814.26 600.95 882.37 673.01 0.885738
4 1024.75 581.25 1074.81 644.42 0.883518
4 224.81 461.73 341.01 503.88 0.880331
4 1976.33 773.67 1999.82 835.27 0.874551
4 416.48 532.37 529.28 591.61 0.869021
4 1742.63 603.67 1863.20 622.81 0.868651
4 906.54 585.09 976.15 653.02 0.863623
4 219.35 441.24 338.20 475.60 0.848916
4 0.00 488.75 61.62 532.81 0.842155
4 291.34 354.47 376.69 388.93 0.840836
4 89.83 384.05 182.27 412.55 0.825199
4 638.83 604.03 707.53 623.07 0.824479
4 159.44 327.92 235.31 349.86 0.824374
4 138.98 343.60 217.05 366.32 0.814335
4 111.47 364.83 193.96 389.73 0.814005
4 557.41 604.07 616.86 619.02 0.776128
4 312.59 334.59 382.31 359.22 0.757829
5 215.17 402.82 360.46 460.76 0.755599
6 471.72 436.91 592.33 522.00 0.742144
6 75.79 218.43 98.60 241.38 0.732182
4 255.75 266.39 297.62 283.45 0.722590
1 365.27 406.16 384.21 444.45 0.696029
4 319.30 315.73 385.09 343.07 0.690827
4 252.12 261.11 295.48 282.63 0.690165
4 1980.11 521.81 1999.86 553.98 0.669006
4 343.49 286.98 380.48 309.96 0.661208
4 217.64 301.30 249.64 327.72 0.643877
4 106.51 226.84 132.43 236.46 0.631746
4 327.06 210.43 345.72 220.85 0.613018
1 1858.21 612.44 1885.41 662.15 0.603383
4 341.10 216.40 357.97 227.76 0.575723
4 282.70 223.33 308.86 235.31 0.568826
4 48.73 200.82 63.82 214.28 0.560026
4 0.17 526.80 13.74 559.57 0.547864
4 343.23 258.25 372.13 278.74 0.522973
2 1465.73 1238.68 1533.04 1313.68 0.512086
1 337.29 417.01 358.45 460.88 0.501401
4 340.96 211.60 359.26 227.84 0.495532
4 1975.50 504.09 1999.67 551.59 0.493411
4 348.62 273.26 374.60 290.77 0.470543
4 348.33 283.40 376.19 296.75 0.443641
4 716.32 563.03 754.00 607.63 0.438188
1 1396.97 604.64 1414.30 626.59 0.429084
3 342.55 257.49 364.43 273.51 0.403723
4 350.27 268.24 373.50 280.79 0.400260
4 1509.58 553.34 1548.90 581.17 0.393597
6 108.90 200.30 134.02 215.84 0.362440
4 1490.89 590.62 1560.39 633.23 0.357081
4 1463.62 603.95 1496.17 621.95 0.345346
3 975.40 193.84 1004.30 237.88 0.215491
