4 548.05 65.54 571.43 90.74 0.864279
4 481.46 384.53 510.24 427.89 0.743903
4 532.22 406.05 561.13 452.25 0.690447
4 677.41 712.28 721.04 780.66 0.684248
4 615.45 214.33 640.27 250.84 0.665055
4 257.11 499.87 291.14 527.54 0.646814
4 254.73 295.10 291.49 312.76 0.631457
4 584.90 709.30 627.27 777.42 0.571680
4 526.83 186.20 547.00 228.36 0.536748
5 503.31 327.18 529.27 369.37 0.510542
7 493.80 418.21 564.10 565.00 0.504645
4 618.92 567.04 659.87 629.13 0.502527
4 918.93 346.66 965.03 375.81 0.487817
5 592.72 477.33 630.60 541.47 0.483395
4 260.18 0.00 293.08 11.29 0.473220
4 416.44 138.91 443.91 154.79 0.472179
4 239.50 294.53 291.02 318.28 0.469864
4 592.00 213.00 611.32 251.15 0.448636
6 568.31 531.80 622.24 623.89 0.437394
5 526.73 186.31 546.59 229.23 0.419914
5 601.38 637.70 693.80 787.52 0.402483
4 551.78 478.83 588.90 536.48 0.401850
6 601.53 637.37 693.97 787.38 0.397516
4 1004.70 432.42 1034.51 465.85 0.393419
6 671.51 29.13 773.97 136.31 0.375568
4 927.83 202.20 945.49 232.45 0.373472
4 720.00 315.61 734.52 327.20 0.371061
4 894.17 305.89 911.61 324.30 0.364180
4 504.06 326.84 529.36 369.53 0.353152
4 408.70 125.38 433.44 146.64 0.351040
5 584.74 709.31 625.90 777.67 0.346865
4 481.36 58.57 499.93 71.72 0.345900
6 494.84 421.01 564.09 562.36 0.264592
3 117.57 309.78 161.15 367.41 0.178073
