4 1414.93 271.66 1718.03 484.19 0.980878
4 1079.94 807.52 1342.75 895.61 0.978964
4 1104.33 807.69 1344.28 1073.96 0.976843
4 1761.07 690.74 1999.44 955.53 0.974431
4 1842.62 128.05 1999.50 362.86 0.963482
4 987.72 808.30 1344.14 1089.09 0.955651
4 1166.07 1208.53 1710.58 1498.55 0.953502
4 1415.38 281.01 1611.58 485.11 0.939346
4 880.98 617.39 1225.16 858.03 0.937093
6 1281.50 136.10 1571.25 353.90 0.935360
5 1077.82 0.11 1341.78 141.97 0.931065
4 972.30 0.13 1110.21 66.26 0.926826
4 1507.97 438.84 1611.77 612.26 0.920329
5 1199.46 26.88 1440.00 206.83 0.904675
4 1667.52 0.16 1820.38 137.71 0.902569
4 1104.20 617.60 1224.58 792.58 0.857416
4 1510.66 354.75 1848.21 610.19 0.855020
4 611.38 610.77 679.59 704.63 0.781871
1 535.73 401.29 608.13 490.86 0.748141
1 484.76 920.06 584.04 992.55 0.633935
2 534.43 403.48 608.08 494.70 0.613715
3 776.56 942.55 841.56 1013.32 0.610913
7 548.38 125.53 650.73 202.78 0.597919
3 722.06 395.08 833.16 476.79 0.591046
1 774.10 413.25 796.80 447.35 0.590030
3 551.86 145.13 588.12 200.57 0.588496
3 676.13 469.37 771.45 550.15 0.586803
2 442.21 287.08 549.69 364.97 0.581490
7 437.22 282.26 575.72 370.76 0.573729
3 383.95 128.14 482.46 202.43 0.554402
6 660.83 693.31 734.42 775.08 0.540267
7 741.22 224.73 823.63 323.22 0.533369
4 716.13 703.92 736.62 770.97 0.532656
10 661.92 693.97 736.37 773.40 0.524140
7 722.94 190.18 823.79 322.46 0.521597
3 808.75 1049.29 851.01 1098.99 0.482859
7 483.46 303.37 575.44 373.63 0.482859
3 384.36 129.20 424.73 201.69 0.466668
7 527.27 487.45 594.51 574.17 0.448389
1 629.86 495.73 664.95 550.35 0.421914
1 555.23 121.05 582.99 171.88 0.416222
2 498.61 289.48 545.59 336.42 0.411041
3 717.18 394.08 832.84 506.56 0.392595
2 484.92 925.05 528.48 991.54 0.389962
2 570.79 780.61 633.26 833.92 0.362397
7 429.08 147.70 482.54 191.73 0.358476
3 722.80 394.88 772.76 469.83 0.357742
1 1332.10 286.94 1376.56 322.90 0.351712
10 785.15 1004.57 820.47 1050.39 0.309413
3 773.80 411.19 833.08 457.76 0.295759
3 716.34 442.93 783.77 505.06 0.282262
7 586.88 137.76 650.10 190.02 0.253713
2 534.64 456.89 569.97 495.81 0.222675
10 1201.09 230.60 1243.01 292.15 0.206062
10 1303.89 334.45 1346.43 389.44 0.141947
