3 911.65 390.41 968.75 423.62 0.966705
4 301.01 208.38 419.88 258.91 0.950592
4 572.07 156.63 657.14 196.34 0.940149
4 0.27 623.43 144.28 766.84 0.939071
9 428.25 87.25 577.26 173.76 0.929109
4 810.01 90.54 857.45 122.11 0.868961
3 245.42 778.05 362.07 861.89 0.865304
1 721.10 598.73 769.75 657.63 0.853510
3 512.41 317.15 535.01 358.01 0.849099
2 586.77 719.79 629.20 804.79 0.844346
2 994.00 398.98 1020.58 457.73 0.822625
1 928.40 369.68 957.05 430.68 0.814511
2 721.25 598.04 770.91 657.87 0.801657
2 549.48 281.85 575.23 331.71 0.796153
1 587.19 719.11 630.39 804.30 0.789939
6 775.84 71.99 1002.30 286.62 0.777828
4 1180.09 53.46 1235.05 76.47 0.776229
1 993.96 399.62 1020.32 457.97 0.768593
2 921.55 275.08 938.68 322.56 0.768056
6 775.24 154.54 895.57 287.02 0.754821
1 467.38 829.24 509.99 895.52 0.738770
4 0.03 434.71 28.18 485.78 0.730681
2 26.20 381.60 64.50 445.21 0.717795
1 549.51 281.48 574.60 331.94 0.717625
1 26.02 381.17 65.67 445.47 0.692234
1 466.41 828.99 513.43 922.54 0.688292
4 1177.73 86.08 1254.45 110.79 0.683231
1 921.12 274.18 939.45 321.68 0.682038
4 1177.13 86.98 1255.58 119.37 0.681467
2 930.31 370.21 957.27 426.81 0.667383
4 536.45 121.07 596.09 163.18 0.654662
6 401.55 50.95 586.28 127.86 0.654007
4 584.09 131.85 643.60 161.58 0.653386
3 497.13 316.00 534.81 363.19 0.652128
2 548.25 188.04 563.98 225.44 0.636698
1 776.11 133.57 787.97 159.26 0.605549
5 434.25 153.83 525.30 174.10 0.592438
4 598.91 107.63 651.83 136.33 0.584665
4 573.89 131.46 646.35 166.78 0.580090
4 0.04 587.36 22.59 635.28 0.579552
4 576.10 102.17 611.83 128.00 0.570816
4 953.05 32.47 978.82 56.10 0.569828
2 511.51 304.01 534.47 351.38 0.564146
2 560.13 189.30 576.47 225.41 0.560268
6 776.61 226.42 872.08 287.06 0.544180
1 430.57 853.83 469.35 943.22 0.542243
4 1122.36 71.39 1161.79 94.79 0.532430
3 820.51 622.85 871.84 689.13 0.527120
3 751.66 610.89 785.57 654.62 0.523580
2 936.24 156.66 948.96 188.43 0.521482
2 436.74 829.04 512.94 942.98 0.501476
4 1070.91 136.60 1125.64 164.49 0.497294
5 665.12 23.43 699.59 56.88 0.494289
5 953.81 32.65 977.93 55.11 0.481337
4 628.49 79.12 679.30 111.13 0.471515
3 504.99 309.33 564.56 355.13 0.469694
2 775.97 133.54 788.69 159.01 0.444860
2 799.62 615.95 823.94 639.40 0.435014
4 637.96 112.90 692.66 141.56 0.432103
4 879.62 120.46 895.93 149.35 0.416126
2 430.25 854.39 462.60 895.81 0.413689
4 1167.95 83.55 1200.42 106.83 0.371844
4 913.74 155.37 940.26 169.65 0.355563
2 1017.63 44.77 1027.53 67.32 0.354678
4 870.08 22.96 894.11 41.58 0.354652
2 867.69 36.39 879.81 64.83 0.346218
5 627.52 78.88 679.67 112.56 0.341859
4 810.30 205.62 851.75 234.13 0.340969
4 651.62 93.68 695.84 117.25 0.340031
2 953.12 170.46 964.87 193.94 0.329249
4 1134.23 0.10 1154.21 13.68 0.327117
4 691.76 96.64 741.90 123.14 0.326387
2 588.48 194.81 602.20 228.63 0.320912
4 1351.86 230.90 1390.10 261.22 0.304168
2 587.69 178.06 605.20 225.49 0.301730
2 911.39 171.96 926.37 216.67 0.300909
4 774.54 70.95 822.49 98.85 0.300553
9 438.63 79.67 508.13 112.02 0.290029
3 696.84 795.74 735.31 849.88 0.287510
2 879.94 200.74 894.55 222.71 0.284877
4 869.76 37.29 895.80 64.20 0.268141
4 698.19 35.09 712.23 53.13 0.263786
4 1224.64 33.43 1250.09 53.85 0.260965
2 1061.67 61.09 1071.83 84.38 0.260704
2 800.80 616.30 847.37 687.18 0.250447
2 1101.97 28.29 1113.52 51.67 0.248338
2 875.85 201.86 896.58 272.26 0.220504
2 513.23 303.52 533.00 339.10 0.214432
7 1010.56 147.53 1057.51 187.04 0.204571
9 820.33 6.21 878.71 41.39 0.199929
9 818.91 17.00 845.77 39.07 0.172129
