4 648.34 1015.26 686.19 1049.77 0.836729
4 602.76 183.69 620.96 211.08 0.832704
4 657.97 109.54 673.03 128.12 0.814319
4 808.83 717.58 840.48 758.64 0.746183
4 857.15 182.12 877.93 207.36 0.712138
4 869.48 876.52 895.56 895.46 0.674013
4 809.31 731.00 841.07 759.42 0.633782
4 362.65 43.70 381.34 63.50 0.593910
5 349.09 268.15 409.57 378.19 0.560986
6 349.71 267.77 409.42 377.84 0.554196
4 756.65 21.40 767.42 35.02 0.502032
6 384.40 0.34 541.46 99.04 0.493913
4 694.86 415.85 715.49 456.67 0.487272
4 1203.90 946.31 1222.86 969.96 0.483710
2 825.50 997.86 841.52 1020.29 0.481801
4 742.25 66.30 762.66 82.91 0.480439
2 46.24 140.57 59.80 161.66 0.454643
4 784.43 17.64 795.14 30.22 0.440208
4 784.59 15.48 804.12 33.10 0.433575
4 694.27 991.90 706.53 1008.57 0.417748
4 1070.77 386.86 1096.24 407.01 0.405390
4 1138.00 20.37 1159.32 33.24 0.398660
2 670.82 0.21 678.67 11.45 0.330231
5 518.89 479.29 569.05 537.21 0.215766
6 970.65 8.92 1019.96 60.94 0.208875
9 824.71 1.24 870.27 34.94 0.164539
