4 1476.27 485.61 1539.62 610.37 0.864842
4 1126.13 446.18 1178.07 570.31 0.828246
4 752.02 499.76 814.39 625.62 0.783404
4 828.52 487.67 885.39 599.33 0.770085
4 1495.26 671.68 1596.60 705.12 0.768352
4 1385.03 673.07 1461.02 703.91 0.760307
4 617.52 506.61 677.24 631.87 0.743351
4 1506.67 95.63 1566.16 214.58 0.742095
4 770.26 745.18 861.04 780.20 0.739283
4 269.19 89.82 333.64 196.25 0.739079
4 375.33 512.76 440.11 640.49 0.722842
4 1173.61 83.99 1227.29 209.64 0.714303
4 1440.27 86.20 1497.72 212.22 0.711367
6 470.89 678.24 602.55 723.61 0.694842
4 489.47 99.28 546.99 225.28 0.688267
4 404.37 683.86 478.65 708.01 0.679744
7 473.19 678.36 601.85 723.92 0.659134
4 1756.83 114.82 1810.58 230.47 0.647485
4 274.41 181.96 325.72 195.72 0.620432
4 695.21 104.85 754.80 232.69 0.615192
1 1630.75 521.95 1656.75 567.17 0.606700
4 418.48 88.43 480.95 214.18 0.598368
4 162.69 691.05 211.18 705.42 0.575044
3 185.12 119.00 208.77 152.73 0.571368
4 766.70 103.12 827.00 238.19 0.569007
4 917.99 686.11 988.51 706.15 0.558419
4 423.34 182.18 478.92 214.63 0.557555
4 845.30 100.81 897.10 244.87 0.535480
10 714.72 920.08 868.12 1020.81 0.525427
4 470.92 698.66 541.50 724.47 0.518900
4 1041.75 671.32 1136.21 704.89 0.517485
4 491.90 182.15 545.70 225.27 0.515532
1 1630.21 519.06 1644.04 540.08 0.444596
4 1860.42 600.76 1915.57 696.44 0.415401
2 1393.71 697.89 1416.97 720.18 0.410714
2 1339.93 548.11 1355.82 564.56 0.408802
4 1258.54 512.36 1327.26 649.38 0.394422
4 716.10 105.25 754.76 232.30 0.386050
2 446.31 672.76 458.30 692.85 0.350292
10 780.02 819.21 862.71 892.41 0.345242
2 542.53 700.02 558.13 721.04 0.343602
3 1571.07 545.39 1603.26 564.69 0.339943
4 1440.42 181.99 1495.34 212.16 0.317291
4 769.70 182.22 825.69 237.01 0.299343
4 1652.32 30.53 1679.27 57.76 0.280090
7 1257.67 513.87 1328.87 650.40 0.243560
1 214.55 358.32 250.14 401.91 0.239621
10 1271.50 573.19 1315.92 624.42 0.235098
4 1616.69 69.91 1637.35 90.76 0.224890
4 716.11 182.42 751.70 232.19 0.214902
10 1571.87 548.77 1610.63 597.69 0.145772
