1 446.82 178.46 468.16 235.01 0.801969
1 319.31 250.06 363.13 339.70 0.754037
1 340.43 199.12 372.25 267.63 0.736703
4 260.50 52.44 286.71 61.57 0.683785
2 544.65 149.46 565.58 188.45 0.626416
4 844.22 50.52 856.99 59.72 0.554771
4 32.65 55.81 48.28 64.52 0.551816
4 826.04 51.40 834.09 57.06 0.550785
5 655.36 76.56 682.60 97.17 0.541097
2 771.93 99.23 849.94 193.16 0.503995
6 0.27 116.53 117.46 170.21 0.492188
2 602.15 151.06 622.27 196.80 0.485438
2 657.29 183.16 671.66 207.33 0.468942
7 598.82 99.01 633.80 123.28 0.461542
3 648.77 116.51 665.07 134.52 0.429889
6 655.12 76.08 681.69 97.28 0.380703
2 821.91 153.10 834.24 177.51 0.372625
7 619.02 160.46 655.35 189.83 0.352223
2 631.98 138.94 644.61 181.16 0.322917
2 773.37 158.13 787.70 189.77 0.253765
3 643.53 157.88 667.16 185.68 0.241452
2 648.30 105.62 661.64 133.01 0.233975
2 783.14 159.84 796.56 193.95 0.222521
