4 861.40 700.80 953.39 764.67 0.913306
4 806.69 286.43 915.59 345.78 0.897575
4 416.59 8.39 445.57 35.06 0.868457
4 934.42 112.67 1024.27 150.22 0.866582
4 306.72 0.00 339.22 22.09 0.858206
4 312.29 65.58 350.66 103.70 0.854954
4 973.94 180.70 1083.43 226.88 0.848002
5 859.24 32.28 979.20 86.77 0.835030
4 762.44 459.49 849.61 569.96 0.820391
4 703.79 301.48 773.04 373.89 0.815743
4 860.84 701.48 895.77 764.43 0.806519
3 981.89 709.88 1032.90 761.05 0.800036
6 627.57 7.49 794.55 74.63 0.792198
3 241.49 86.16 256.68 114.07 0.782966
4 732.86 375.74 810.11 461.25 0.780938
4 257.72 200.19 314.86 257.44 0.780253
4 160.88 325.92 242.33 437.29 0.768657
4 1022.95 259.20 1104.52 338.01 0.750182
4 869.76 404.49 900.85 444.52 0.737431
5 160.41 326.42 242.89 436.52 0.732721
4 1099.69 265.53 1199.74 355.24 0.731493
4 0.47 601.76 123.97 764.33 0.706291
4 883.59 79.93 954.87 109.71 0.696478
4 658.33 151.22 694.76 191.87 0.695006
4 216.27 268.07 283.20 346.02 0.689605
4 627.78 69.66 693.42 104.65 0.664455
4 113.96 462.77 193.88 521.01 0.661604
3 1322.22 657.46 1359.77 719.56 0.653384
3 1103.88 211.29 1142.68 238.84 0.621845
4 88.56 462.48 194.51 588.01 0.614062
4 87.84 499.07 169.95 588.22 0.600585
3 1091.53 404.15 1149.33 453.76 0.564492
3 1152.77 462.71 1202.43 502.21 0.560579
4 858.25 32.99 895.80 60.32 0.557796
4 825.87 598.44 898.43 679.28 0.554354
4 638.73 93.10 669.14 136.37 0.553403
3 1034.63 311.65 1124.33 367.54 0.531547
1 1253.69 488.34 1280.01 524.28 0.531166
4 869.92 393.26 895.78 444.20 0.521828
3 1124.96 337.25 1172.87 373.44 0.514611
4 951.50 745.97 984.09 764.86 0.510634
4 715.81 86.34 780.33 134.33 0.507612
7 1015.57 442.88 1083.22 520.18 0.488504
1 1118.64 208.09 1136.24 235.56 0.469747
3 1028.96 136.23 1060.37 158.31 0.463156
5 598.82 50.56 647.92 92.36 0.444409
2 1038.56 397.79 1065.72 432.37 0.422645
4 1225.75 216.40 1260.21 239.55 0.420828
3 990.89 157.97 1011.84 183.74 0.413739
3 1079.91 443.60 1103.39 479.89 0.405972
4 162.25 515.11 207.08 572.93 0.405547
3 1227.29 442.53 1269.44 480.62 0.399145
3 1086.36 477.72 1116.05 522.82 0.384101
1 881.41 12.06 891.28 33.64 0.375977
7 1039.72 476.62 1087.97 538.80 0.375666
3 1130.38 440.37 1180.89 479.65 0.371395
2 1251.71 520.62 1289.41 551.77 0.369613
2 1188.05 399.20 1212.59 431.90 0.351834
1 816.85 14.24 825.35 34.91 0.335847
3 1051.48 156.27 1090.47 180.47 0.317662
3 1169.42 181.55 1199.60 206.73 0.298315
4 717.39 85.85 758.49 113.99 0.288276
4 493.33 360.20 515.34 429.59 0.273225
1 826.30 13.68 836.06 39.21 0.264277
3 992.52 160.51 1017.75 183.56 0.248318
2 1255.33 341.06 1282.99 372.54 0.246133
4 858.90 37.33 875.88 57.47 0.223744
3 1080.39 169.16 1095.79 199.15 0.219721
