3 489.96 254.85 507.00 288.39 0.848306
1 603.38 414.30 644.53 518.99 0.808435
6 262.22 316.78 377.11 417.48 0.787841
2 486.87 231.38 508.20 277.10 0.675900
7 706.27 340.53 808.64 430.48 0.661717
1 845.75 217.32 864.13 246.00 0.659216
2 633.42 249.36 656.90 304.62 0.651808
2 719.81 418.43 755.61 516.78 0.637429
2 681.05 239.95 708.46 301.59 0.636383
3 630.18 212.96 669.40 250.34 0.607841
2 804.27 449.64 840.02 539.06 0.605440
2 750.03 431.66 786.51 519.45 0.579371
3 472.64 170.71 488.05 193.99 0.575291
3 654.45 258.16 687.22 296.88 0.570584
3 513.46 184.02 527.41 205.21 0.563003
4 632.03 72.18 644.83 79.70 0.562021
3 616.96 204.59 652.99 236.84 0.551740
4 549.08 67.55 558.20 74.64 0.542931
2 771.18 409.69 804.75 503.24 0.532390
1 327.67 343.31 369.77 393.08 0.530313
2 719.12 405.22 848.64 538.32 0.504258
3 498.51 202.91 522.53 233.49 0.493475
2 566.43 114.75 576.62 137.33 0.475340
2 699.36 233.96 713.13 294.61 0.468351
3 641.26 270.63 675.70 296.42 0.463747
2 655.82 252.91 672.72 277.86 0.455163
2 557.98 118.69 565.38 135.45 0.420705
7 798.50 233.42 871.61 287.54 0.418370
7 659.91 162.62 687.21 187.34 0.416362
2 826.51 431.01 848.53 516.66 0.396249
2 502.71 191.33 518.80 221.97 0.388389
7 617.30 204.86 669.38 249.80 0.348222
7 468.39 318.58 490.36 359.43 0.339173
7 712.94 368.58 757.63 422.70 0.337089
2 749.02 178.84 768.73 221.52 0.336855
7 374.51 354.05 485.08 456.88 0.286080
2 558.04 114.56 577.09 138.82 0.261878
3 652.46 216.69 669.38 250.51 0.194282
