3 404.41 177.16 438.70 208.00 0.895351
2 269.55 269.11 318.40 362.71 0.874662
1 521.42 340.77 563.09 456.18 0.854844
2 521.57 340.85 563.40 456.11 0.850767
1 666.55 340.29 707.61 474.51 0.848255
1 195.72 166.85 223.56 231.07 0.827583
2 399.80 213.74 427.51 297.03 0.817362
2 196.10 166.96 223.71 230.99 0.813750
2 332.97 69.26 345.45 101.14 0.772697
2 146.33 217.13 175.86 299.07 0.764151
2 851.29 145.88 879.28 213.58 0.760706
2 305.14 149.68 332.49 209.71 0.752320
2 644.43 86.39 657.70 124.96 0.751907
2 515.70 234.54 553.73 319.43 0.751736
2 349.21 198.53 382.17 278.24 0.748425
2 77.56 166.25 106.48 197.07 0.746044
2 891.70 146.51 921.79 202.75 0.745966
2 110.25 171.81 129.09 201.33 0.744192
2 530.76 95.23 545.04 140.97 0.731980
2 570.09 90.89 587.77 118.31 0.731417
2 331.99 259.89 369.14 350.04 0.712162
2 938.03 187.16 959.65 255.39 0.706409
2 606.01 64.68 616.85 101.87 0.704979
2 224.24 61.29 233.56 85.78 0.695426
3 610.20 40.82 630.05 55.01 0.685241
2 173.95 63.05 185.18 93.09 0.672203
2 401.52 53.26 413.63 78.44 0.669766
2 134.70 127.11 146.30 144.08 0.666917
2 584.02 47.34 592.20 70.42 0.645260
2 313.28 224.79 338.88 306.87 0.613922
2 516.33 168.48 539.78 203.21 0.610751
2 127.75 57.69 144.49 85.19 0.607126
2 873.11 93.31 890.29 116.33 0.599877
2 654.75 65.74 663.99 88.02 0.585963
2 378.15 41.00 387.33 66.57 0.584991
2 524.24 17.89 546.01 49.94 0.583008
2 87.78 117.24 109.03 141.36 0.578155
2 780.29 132.27 803.56 175.47 0.571456
2 247.60 25.88 270.96 55.99 0.571284
2 817.87 121.66 838.14 178.69 0.564910
2 922.33 111.67 957.16 155.59 0.539912
2 87.67 112.89 132.75 142.00 0.539315
2 310.21 76.99 321.90 115.59 0.538592
2 761.46 133.14 785.58 177.85 0.531397
2 108.09 60.79 120.61 75.19 0.531097
2 901.27 107.78 916.96 148.67 0.523363
2 509.35 52.25 520.39 67.69 0.522801
4 655.50 45.17 688.61 62.08 0.514753
2 510.63 197.75 549.17 276.87 0.501292
2 808.58 107.82 823.89 142.60 0.495663
2 715.69 63.47 728.49 94.55 0.495308
2 691.31 48.79 705.37 76.79 0.489190
2 804.31 86.55 817.82 113.10 0.465595
2 391.12 144.09 412.92 201.81 0.464621
2 498.61 147.18 519.89 204.30 0.451534
2 924.36 86.37 940.16 121.88 0.444681
2 87.28 112.92 146.56 145.21 0.444439
4 578.33 34.13 601.43 47.69 0.443695
6 888.06 55.06 959.66 122.39 0.435577
3 793.71 65.02 826.60 92.42 0.434373
2 757.82 89.03 768.86 112.54 0.422245
2 743.17 36.28 753.98 57.89 0.407538
2 577.00 37.27 583.70 56.60 0.390162
2 127.88 58.23 137.53 74.14 0.372080
4 778.19 48.62 794.20 56.18 0.369144
2 176.70 46.13 187.95 69.21 0.351845
4 634.53 39.84 660.48 53.90 0.339160
2 752.07 104.88 783.34 133.06 0.334693
3 134.66 70.22 144.82 86.04 0.309310
2 105.76 115.89 121.11 141.00 0.301582
2 157.51 21.92 181.45 68.96 0.266792
2 501.24 147.36 517.35 174.32 0.248552
2 749.79 104.92 767.61 173.76 0.224682
2 397.44 127.43 417.96 197.49 0.217565
