3 0.13 455.95 64.47 505.97 0.886236
4 143.85 89.06 175.28 109.37 0.839227
2 67.22 166.15 956.80 538.78 0.833016
4 195.17 92.15 219.01 116.73 0.827403
6 840.73 416.45 959.54 502.26 0.722253
2 372.77 263.30 643.98 418.66 0.685737
4 373.71 147.01 409.06 166.21 0.595393
7 125.32 351.51 179.69 393.45 0.595382
1 726.94 324.06 744.85 360.63 0.558168
3 340.45 483.85 363.55 509.62 0.554568
3 64.87 344.31 105.75 378.72 0.526338
4 79.07 97.76 98.56 112.22 0.522659
4 0.08 108.04 15.41 124.83 0.519863
7 30.49 397.01 71.22 441.47 0.515353
7 288.96 466.38 336.59 517.59 0.514928
7 12.86 376.65 48.48 409.60 0.509506
7 232.76 368.70 284.53 407.85 0.487098
1 867.86 183.70 882.36 204.16 0.470731
3 79.72 344.00 105.91 370.28 0.436738
7 838.85 416.57 959.59 501.00 0.432119
2 793.38 234.59 811.46 258.04 0.412057
2 939.29 222.58 955.11 250.32 0.406293
1 7.20 439.58 36.48 493.42 0.395823
2 638.27 226.49 649.53 253.38 0.385877
2 768.61 206.81 784.36 231.45 0.379665
2 442.43 214.14 454.70 240.91 0.379529
2 836.91 181.59 849.74 208.15 0.372412
1 737.23 394.22 755.04 441.55 0.368640
2 867.95 183.92 881.89 203.97 0.366925
7 163.29 499.95 228.43 539.65 0.361869
2 164.36 439.88 188.30 492.20 0.340739
6 823.60 416.36 895.50 493.10 0.340665
1 69.76 360.39 90.79 412.16 0.333842
1 246.91 149.82 268.15 205.88 0.328111
2 601.27 198.70 614.45 232.19 0.325364
7 911.28 368.27 959.44 427.78 0.323592
2 357.51 473.20 387.98 530.55 0.322258
2 793.40 468.85 822.53 532.22 0.307994
2 435.19 102.73 447.04 142.24 0.307274
2 542.97 108.50 564.46 149.67 0.298706
2 423.81 363.05 443.88 412.58 0.282505
1 247.40 149.82 260.05 171.40 0.282245
3 484.88 427.17 507.82 453.68 0.281408
7 219.60 463.61 282.12 532.03 0.251504
7 598.25 434.41 630.73 468.23 0.235608
3 910.44 368.56 936.62 398.92 0.225589
2 7.05 439.54 35.93 494.24 0.212286
2 737.45 393.96 755.00 440.03 0.179176
