4 531.00 460.00 596.00 507.00 0.980000
4 483.00 564.00 551.00 616.00 0.980000
4 732.00 827.00 792.00 938.00 0.980000
4 845.00 777.00 911.00 888.00 0.980000
4 920.00 749.00 990.00 862.00 0.980000
4 957.00 732.00 1000.00 827.00 0.980000
4 957.00 584.00 999.00 674.00 0.980000
4 903.00 594.00 950.00 687.00 0.980000
4 863.00 607.00 911.00 712.00 0.980000
4 817.00 627.00 867.00 722.00 0.980000
4 768.00 649.00 815.00 746.00 0.980000
4 717.00 677.00 767.00 777.00 0.980000
4 672.00 692.00 719.00 789.00 0.980000
4 624.00 699.00 673.00 799.00 0.980000
4 620.00 573.00 691.00 636.00 0.980000
4 704.00 550.00 771.00 602.00 0.980000
4 734.00 477.00 795.00 529.00 0.980000
4 795.00 455.00 863.00 507.00 0.980000
4 854.00 499.00 925.00 553.00 0.980000
