1 202.00 343.00 210.00 370.00 0.980000
1 443.00 333.00 451.00 350.00 0.980000
1 415.00 347.00 423.00 370.00 0.980000
1 404.00 460.00 412.00 487.00 0.980000
1 404.00 457.00 412.00 487.00 0.980000
1 404.00 457.00 412.00 487.00 0.980000
1 404.00 457.00 412.00 487.00 0.980000
1 404.00 457.00 412.00 487.00 0.980000
1 404.00 457.00 412.00 487.00 0.980000
1 404.00 457.00 412.00 487.00 0.980000
1 404.00 457.00 412.00 487.00 0.980000
1 404.00 457.00 412.00 487.00 0.980000
1 404.00 457.00 412.00 487.00 0.980000
1 404.00 457.00 412.00 487.00 0.980000
1 404.00 457.00 412.00 487.00 0.980000
1 404.00 457.00 412.00 487.00 0.980000
