1 442.00 430.00 451.00 478.00 0.980000
2 130.00 442.00 141.00 472.00 0.980000
2 208.00 505.00 217.00 533.00 0.980000
4 272.00 680.00 377.00 764.00 0.980000
4 288.00 610.00 393.00 690.00 0.980000
4 298.00 565.00 398.00 630.00 0.980000
4 318.00 522.00 405.00 580.00 0.980000
4 322.00 472.00 408.00 538.00 0.980000
4 351.00 430.00 430.00 482.00 0.980000
4 357.00 400.00 437.00 452.00 0.980000
4 365.00 370.00 437.00 418.00 0.980000
4 372.00 345.00 437.00 390.00 0.980000
4 380.00 320.00 442.00 365.00 0.980000
4 387.00 300.00 447.00 345.00 0.980000
4 394.00 278.00 452.00 320.00 0.980000
