4 470.00 89.00 597.00 237.00 0.980000
4 418.00 580.00 570.00 730.00 0.980000
4 410.00 752.00 549.00 917.00 0.980000
4 946.00 715.00 1000.00 937.00 0.980000
4 895.00 100.00 1000.00 233.00 0.980000
5 87.00 20.00 225.00 147.00 0.980000
5 83.00 207.00 273.00 320.00 0.980000
5 163.00 395.00 257.00 590.00 0.980000
6 453.00 250.00 674.00 410.00 0.980000
6 499.00 405.00 686.00 550.00 0.980000
6 478.00 0.00 612.00 55.00 0.980000
6 0.00 587.00 116.00 687.00 0.980000
6 0.00 715.00 145.00 940.00 0.980000
6 0.00 387.00 159.00 515.00 0.980000
