1 105.00 184.00 120.00 233.00 0.980000
1 342.00 483.00 357.00 530.00 0.980000
1 429.00 460.00 445.00 510.00 0.980000
1 433.00 412.00 450.00 459.00 0.980000
1 448.00 347.00 461.00 393.00 0.980000
1 464.00 363.00 475.00 398.00 0.980000
1 475.00 463.00 489.00 510.00 0.980000
1 480.00 487.00 495.00 530.00 0.980000
1 477.00 555.00 485.00 587.00 0.980000
1 488.00 530.00 501.00 575.00 0.980000
1 499.00 555.00 513.00 593.00 0.980000
1 509.00 527.00 524.00 570.00 0.980000
1 517.00 562.00 534.00 593.00 0.980000
1 500.00 598.00 520.00 629.00 0.980000
1 407.00 437.00 422.00 467.00 0.980000
1 384.00 424.00 400.00 455.00 0.980000
1 366.00 415.00 382.00 452.00 0.980000
1 377.00 420.00 392.00 452.00 0.980000
3 762.00 475.00 799.00 517.00 0.980000
