1 515.00 457.00 533.00 505.00 0.970000
1 533.00 461.00 551.00 512.00 0.970000
1 537.00 313.00 549.00 353.00 0.970000
1 496.00 257.00 506.00 300.00 0.970000
1 508.00 162.00 520.00 197.00 0.970000
1 432.00 135.00 442.00 167.00 0.970000
1 416.00 117.00 425.00 149.00 0.970000
1 400.00 114.00 407.00 143.00 0.970000
1 386.00 74.00 394.00 103.00 0.970000
1 382.00 67.00 389.00 93.00 0.970000
1 386.00 57.00 393.00 80.00 0.970000
1 390.00 50.00 397.00 74.00 0.970000
1 394.00 43.00 400.00 67.00 0.970000
1 398.00 37.00 405.00 60.00 0.970000
1 398.00 30.00 405.00 52.00 0.970000
1 398.00 23.00 405.00 43.00 0.970000
1 398.00 17.00 405.00 37.00 0.970000
1 398.00 10.00 405.00 28.00 0.970000
1 398.00 3.00 405.00 20.00 0.970000
1 398.00 0.00 405.00 15.00 0.970000
