1 330.00 462.00 377.00 539.00 0.980000
1 357.00 367.00 388.00 492.00 0.970000
1 464.00 330.00 486.00 435.00 0.970000
1 624.00 280.00 643.00 365.00 0.970000
1 657.00 258.00 674.00 345.00 0.970000
1 677.00 202.00 690.00 250.00 0.970000
1 690.00 248.00 708.00 310.00 0.970000
1 708.00 248.00 725.00 310.00 0.970000
1 725.00 248.00 740.00 308.00 0.970000
1 740.00 248.00 755.00 308.00 0.970000
1 755.00 248.00 770.00 308.00 0.970000
1 770.00 248.00 785.00 308.00 0.970000
1 785.00 248.00 800.00 308.00 0.970000
1 795.00 248.00 810.00 308.00 0.970000
1 805.00 248.00 820.00 308.00 0.970000
1 815.00 248.00 830.00 308.00 0.970000
1 825.00 248.00 840.00 308.00 0.970000
1 835.00 248.00 850.00 308.00 0.970000
1 845.00 248.00 860.00 308.00 0.970000
