1 715.00 257.00 727.00 303.00 0.980000
2 738.00 227.00 747.00 245.00 0.980000
3 632.00 752.00 662.00 764.00 0.980000
4 563.00 602.00 624.00 745.00 0.980000
4 540.00 492.00 596.00 602.00 0.980000
4 517.00 393.00 568.00 492.00 0.980000
4 592.00 378.00 673.00 453.00 0.980000
4 752.00 340.00 812.00 437.00 0.980000
4 809.00 349.00 882.00 465.00 0.980000
4 685.00 150.00 752.00 196.00 0.980000
4 190.00 260.00 231.00 339.00 0.980000
4 160.00 350.00 208.00 453.00 0.980000
4 117.00 427.00 179.00 570.00 0.980000
4 64.00 607.00 143.00 764.00 0.980000
5 438.00 68.00 477.00 117.00 0.980000
5 466.00 92.00 508.00 142.00 0.980000
