1 710.00 445.00 735.00 539.00 0.980000
1 660.00 462.00 685.00 539.00 0.980000
1 657.00 462.00 678.00 539.00 0.980000
1 728.00 430.00 745.00 537.00 0.980000
1 784.00 335.00 798.00 400.00 0.980000
1 880.00 400.00 897.00 452.00 0.980000
1 505.00 428.00 528.00 535.00 0.980000
1 519.00 360.00 537.00 428.00 0.980000
1 522.00 335.00 540.00 395.00 0.980000
1 528.00 307.00 545.00 360.00 0.980000
1 535.00 285.00 550.00 335.00 0.980000
1 542.00 268.00 557.00 315.00 0.980000
1 548.00 250.00 562.00 298.00 0.980000
