4 799.23 577.39 1033.26 764.08 0.614808
3 553.44 251.93 577.73 292.89 0.581339
3 532.50 321.09 557.82 369.04 0.571534
3 3.63 328.37 90.74 369.56 0.553950
4 738.60 78.33 782.95 122.23 0.547052
4 640.55 170.09 702.75 243.41 0.545376
4 822.78 228.75 894.80 300.60 0.541559
4 587.22 383.94 680.00 522.61 0.538270
4 778.54 153.51 838.09 211.05 0.525961
4 831.70 312.67 936.66 413.84 0.503708
4 512.16 97.00 570.74 179.07 0.499467
1 1333.77 295.79 1359.68 355.03 0.496082
1 453.81 328.28 474.91 399.38 0.493265
1 929.09 236.40 947.46 288.92 0.492480
3 458.42 282.68 488.08 326.77 0.484755
1 1319.00 443.14 1353.96 479.91 0.482451
3 602.88 72.23 615.77 96.58 0.466890
1 398.89 277.72 425.25 356.19 0.463921
1 553.71 232.44 578.82 278.33 0.456709
4 738.24 12.21 779.57 51.94 0.453843
1 38.02 382.45 82.58 449.59 0.413127
2 531.34 297.81 558.20 355.37 0.411508
4 595.66 267.75 670.07 367.29 0.407822
1 1107.68 400.40 1135.18 460.16 0.403833
4 866.83 12.60 902.07 42.77 0.392996
4 607.58 0.83 627.31 26.30 0.391286
1 951.26 181.53 968.05 218.79 0.389985
1 602.54 58.18 616.54 88.37 0.382741
4 728.79 0.00 759.37 10.77 0.366652
4 856.32 155.54 883.13 210.26 0.363139
4 673.36 0.00 701.62 7.54 0.362822
4 332.58 219.19 428.32 275.00 0.354219
4 824.27 0.00 865.91 17.05 0.353100
3 1004.07 210.16 1025.92 244.03 0.343062
7 566.05 39.70 589.67 70.40 0.330529
2 1119.20 426.77 1155.71 493.90 0.327415
3 974.55 209.30 1026.05 244.16 0.324640
4 915.14 155.05 948.90 212.88 0.322964
2 462.81 274.75 490.20 312.10 0.313479
3 930.38 184.97 951.07 225.47 0.311179
6 1004.93 93.84 1121.99 213.55 0.310908
4 278.91 214.61 428.26 291.87 0.305296
1 991.80 131.75 1007.72 171.31 0.299147
3 974.44 209.50 999.14 240.38 0.298813
3 789.38 13.43 800.37 30.66 0.287521
4 1128.07 0.00 1172.75 23.46 0.284800
9 972.79 169.99 1019.01 200.87 0.280793
2 978.66 136.09 989.86 171.67 0.279673
2 937.42 131.91 950.04 157.20 0.275607
4 311.74 209.38 402.25 252.95 0.273826
4 942.87 171.56 976.02 199.47 0.254040
1 1033.20 58.58 1050.99 95.49 0.240824
3 1058.65 332.96 1082.60 376.99 0.237699
1 69.99 233.47 92.58 272.70 0.232103
4 990.24 0.23 1011.68 19.54 0.228787
9 1057.40 156.96 1089.30 214.81 0.224507
3 929.19 204.67 942.95 225.50 0.222448
4 278.89 240.77 338.45 291.87 0.216317
4 0.11 713.13 34.47 764.18 0.210290
