4 445.44 216.36 480.26 259.95 0.461697
4 425.93 101.67 455.72 150.72 0.428702
4 687.96 354.72 747.55 404.07 0.427914
4 688.88 402.06 747.93 450.93 0.413259
4 586.41 373.46 645.01 424.19 0.411034
4 757.23 395.29 823.41 454.41 0.410832
4 623.75 354.85 671.81 399.47 0.403635
4 641.09 428.44 707.08 479.87 0.401297
4 431.82 162.74 461.30 208.04 0.394131
4 1081.91 649.76 1170.50 726.72 0.393746
4 925.01 498.08 996.39 561.51 0.393440
4 1203.29 726.80 1275.45 786.60 0.375769
4 558.68 298.92 615.17 354.56 0.372182
4 1007.24 546.92 1086.44 616.48 0.371650
4 1156.89 652.14 1237.76 718.46 0.365939
4 729.34 470.20 799.36 533.89 0.354878
4 975.52 640.93 1055.65 710.17 0.352371
5 470.26 251.74 591.39 379.45 0.344240
4 190.96 556.42 264.03 586.81 0.337149
4 184.95 613.04 255.95 651.31 0.328663
5 751.19 437.42 847.07 514.53 0.328070
4 185.85 583.96 259.50 617.13 0.327983
4 128.77 646.64 207.55 680.41 0.327768
4 87.80 714.41 180.38 750.85 0.325162
4 750.58 536.00 830.60 606.96 0.324706
4 894.06 581.83 970.08 647.02 0.322945
4 110.59 680.51 192.61 716.58 0.320667
4 814.05 533.44 877.43 580.84 0.319063
4 964.60 573.75 1048.32 644.45 0.318366
4 510.89 507.28 543.97 573.17 0.318338
6 682.63 172.54 772.68 311.12 0.316617
4 81.01 751.50 167.02 787.16 0.315282
4 1.12 135.24 28.96 161.30 0.309913
4 465.64 503.34 503.40 575.59 0.306727
4 194.77 667.25 240.47 730.96 0.304387
4 172.11 735.86 223.16 787.16 0.298947
4 854.58 500.03 925.51 565.78 0.295376
4 0.12 140.50 18.10 172.97 0.283576
4 1301.26 743.85 1372.39 787.29 0.281098
4 853.80 561.30 886.66 594.24 0.278889
6 680.67 171.04 927.83 394.23 0.253662
1 607.04 68.26 614.91 82.74 0.245070
6 1066.90 694.83 1170.26 780.98 0.239501
4 417.57 34.85 438.64 66.01 0.233887
6 1194.22 473.28 1399.34 633.35 0.228656
6 806.55 252.18 927.01 381.99 0.225739
4 550.77 512.39 576.31 560.58 0.221254
2 588.67 134.49 620.51 159.09 0.217741
