4 344.28 178.15 396.06 212.28 0.527132
4 515.52 90.46 546.73 146.83 0.493510
4 607.36 95.90 634.99 145.16 0.478202
4 346.12 83.52 411.31 115.92 0.464417
4 739.92 0.00 797.66 13.30 0.431444
4 503.73 0.20 527.71 18.59 0.404646
4 808.10 553.85 890.54 592.55 0.389474
4 632.92 356.46 707.66 393.11 0.387593
4 639.14 252.86 708.13 284.89 0.384875
4 806.85 635.44 905.00 676.42 0.380883
4 637.71 288.96 706.40 321.85 0.375033
1 917.05 312.28 929.18 334.67 0.374141
4 817.87 694.63 909.23 733.66 0.371053
4 792.05 356.28 870.03 391.67 0.370343
4 238.68 510.23 288.09 592.81 0.370052
4 640.64 322.56 712.17 354.66 0.368547
4 787.32 397.86 872.13 435.59 0.368406
4 789.61 518.65 874.07 555.45 0.367112
4 783.35 435.90 864.06 471.64 0.366482
4 788.85 323.67 860.80 356.52 0.365160
4 786.36 228.47 858.25 262.68 0.363647
4 683.13 218.00 751.15 249.84 0.363506
4 684.71 160.12 754.20 189.90 0.363303
5 840.11 63.80 871.52 124.17 0.363108
4 685.42 186.55 749.35 218.08 0.362585
1 906.02 194.74 916.39 215.63 0.362247
4 760.97 290.57 836.07 324.18 0.360616
4 784.09 472.39 871.01 509.48 0.359435
1 884.25 203.88 895.29 223.64 0.359292
4 792.88 260.73 869.32 297.41 0.359236
1 918.48 200.80 927.82 218.54 0.358003
4 385.53 42.74 423.91 71.07 0.354560
1 726.87 465.36 737.90 487.82 0.351249
4 396.12 0.00 457.55 19.93 0.350974
4 786.86 201.75 858.23 233.47 0.349487
4 839.61 776.83 921.59 787.84 0.348787
1 881.71 469.64 894.03 491.14 0.344797
4 697.67 71.93 762.65 102.61 0.343630
1 711.87 461.28 723.22 485.89 0.342746
3 1256.60 68.85 1299.86 92.82 0.340140
4 693.43 98.29 760.37 128.27 0.339650
1 678.39 38.56 689.21 59.43 0.337495
4 693.19 40.54 752.15 73.27 0.330169
1 814.69 36.78 824.50 68.64 0.329303
4 769.82 60.42 799.46 118.28 0.322519
4 705.51 120.38 759.52 155.29 0.317194
4 816.20 736.19 892.46 772.85 0.316970
4 544.06 499.65 579.26 582.74 0.316490
4 392.80 13.95 431.10 43.36 0.315042
1 962.38 566.54 973.85 584.35 0.303975
4 941.60 1.53 973.96 24.29 0.295926
1 931.69 514.78 945.97 546.76 0.292277
1 949.98 146.70 964.37 169.23 0.288384
1 950.80 506.57 965.75 526.16 0.283840
1 936.78 355.79 950.35 374.99 0.279955
4 912.96 0.16 932.34 12.79 0.263360
4 995.90 32.41 1028.23 53.13 0.261174
1 916.48 137.17 925.88 159.91 0.258995
6 980.34 332.02 1032.04 451.69 0.255627
4 917.21 30.30 969.62 52.02 0.250821
4 805.40 70.13 836.02 124.70 0.250734
6 884.82 13.03 910.49 44.58 0.238064
1 929.61 105.02 942.01 125.56 0.233349
5 751.56 592.62 782.97 663.08 0.220003
4 1258.35 128.10 1271.26 141.71 0.218334
5 721.29 589.88 783.57 663.68 0.216214
4 1003.26 602.27 1019.04 629.81 0.212904
1 981.03 737.48 995.67 753.85 0.207689
