4 638.57 108.70 658.05 142.45 0.423743
4 649.93 146.83 673.37 185.05 0.412209
4 671.51 607.18 736.95 639.44 0.397328
4 39.74 750.50 104.81 786.00 0.360143
4 1348.09 698.79 1377.60 716.95 0.356823
4 676.54 454.15 733.74 479.57 0.356696
4 558.55 637.06 596.11 664.43 0.352021
4 530.57 693.42 586.45 722.46 0.349190
4 688.38 644.11 732.01 670.48 0.346813
4 517.09 767.26 580.13 787.53 0.345232
4 672.45 573.89 729.11 600.55 0.342417
4 515.50 727.73 578.18 755.44 0.329100
4 533.33 663.57 593.11 692.13 0.318335
4 542.60 485.01 601.84 513.04 0.314710
4 670.64 548.19 728.19 578.30 0.306639
4 671.83 521.58 728.44 548.01 0.304405
4 557.58 534.62 604.71 560.63 0.299442
4 560.28 559.05 600.32 584.44 0.284536
4 676.30 495.85 730.66 523.14 0.282549
4 958.39 457.07 980.73 473.78 0.272206
4 572.38 270.86 616.84 302.40 0.263118
4 464.95 1.68 503.38 24.74 0.261170
4 659.49 295.45 682.22 334.01 0.259897
4 690.78 734.25 753.76 782.88 0.251818
4 452.03 14.25 497.49 46.17 0.236151
4 568.72 343.15 625.79 383.56 0.230868
4 1283.87 183.64 1315.79 204.11 0.230656
4 964.65 586.66 989.71 612.89 0.227949
4 588.34 382.53 611.40 404.24 0.215371
4 796.80 514.51 854.17 539.07 0.214879
4 1072.25 0.00 1096.74 18.81 0.213399
4 568.81 360.10 616.08 384.59 0.206711
