4 885.58 699.25 950.48 777.03 0.500733
4 1208.22 254.28 1240.42 285.82 0.496456
4 1138.97 329.21 1182.39 365.84 0.470511
4 1094.76 388.58 1140.83 433.43 0.459673
4 1312.63 215.47 1340.06 249.18 0.453106
4 979.47 572.93 1029.62 636.93 0.441220
4 1009.68 502.45 1061.82 564.96 0.401581
4 522.27 1270.75 661.43 1442.04 0.391283
4 789.57 854.04 882.32 963.72 0.379350
4 623.28 1099.26 734.26 1255.69 0.379074
4 963.52 443.15 993.40 470.11 0.300478
4 1759.44 261.64 1793.65 307.55 0.260255
5 756.06 135.42 789.34 160.30 0.249424
4 1228.48 81.49 1253.42 100.02 0.229632
4 1433.20 165.10 1473.58 187.69 0.213334
4 1264.26 192.67 1289.48 207.95 0.209101
