4 292.89 1264.98 360.03 1353.09 0.589314
4 438.59 1066.60 488.65 1134.08 0.527710
4 751.42 876.02 800.51 906.52 0.524440
4 798.89 478.07 822.16 499.29 0.514449
4 114.99 1239.31 178.25 1299.14 0.502604
4 566.07 829.94 629.53 859.22 0.494799
4 743.32 718.95 776.88 748.71 0.492328
4 645.61 780.72 683.49 821.49 0.489479
4 843.52 551.56 867.63 574.53 0.488135
4 884.32 529.43 912.36 551.85 0.486909
4 662.04 1470.04 725.08 1499.81 0.479270
4 1840.76 1139.30 1955.24 1188.28 0.479139
4 229.43 1071.04 298.17 1143.19 0.475929
4 808.53 734.30 850.84 765.16 0.472304
4 323.66 964.32 382.00 1022.79 0.455816
4 836.46 418.45 857.12 436.53 0.452676
4 1531.18 1082.08 1566.82 1120.62 0.450412
4 899.51 678.55 926.96 704.49 0.435301
4 845.52 373.43 864.02 392.78 0.434847
4 1609.04 1087.59 1649.85 1137.57 0.430584
4 63.26 1357.26 103.33 1409.15 0.430337
4 924.18 371.07 944.32 386.55 0.428041
4 1786.79 1209.68 1848.61 1282.05 0.426575
4 1635.13 1201.93 1689.22 1266.74 0.419218
4 1828.07 1287.29 1895.18 1366.31 0.418920
4 875.08 356.19 893.23 373.42 0.417613
4 511.89 883.94 555.81 937.60 0.417474
4 1827.55 1211.54 1897.12 1280.67 0.415259
4 735.64 1208.28 784.63 1271.58 0.414697
4 180.82 1145.12 241.03 1219.43 0.405100
4 1577.75 1195.11 1634.59 1264.91 0.403806
4 705.03 576.21 720.36 597.54 0.402076
4 757.20 429.28 779.44 449.16 0.402060
4 1737.65 1213.93 1798.37 1278.05 0.401402
4 839.59 938.43 902.60 987.30 0.398312
4 951.93 314.70 970.42 331.41 0.396079
4 1682.95 1204.28 1745.06 1277.44 0.395655
4 645.73 569.32 674.35 594.69 0.393902
4 763.55 1129.07 807.46 1186.46 0.390418
4 1478.35 1194.25 1532.78 1263.57 0.383129
4 1929.88 1274.21 1999.45 1381.05 0.383073
4 1525.56 1192.88 1583.87 1264.92 0.382509
4 1934.85 1213.55 1999.57 1287.31 0.381073
4 1478.51 1071.78 1519.20 1131.11 0.374895
4 1429.17 1191.80 1477.83 1254.20 0.374648
4 1609.77 1271.28 1669.74 1338.14 0.373954
4 617.15 615.47 639.33 639.41 0.372338
4 672.99 534.97 697.69 556.85 0.369111
4 0.26 1397.11 50.52 1489.74 0.367769
4 1662.64 1277.75 1733.12 1344.57 0.364527
4 710.95 491.29 729.00 510.90 0.351978
4 771.06 1256.42 821.47 1304.34 0.344700
4 776.45 1088.54 815.29 1127.11 0.341044
4 980.79 291.36 1012.81 311.04 0.340449
4 1716.45 1285.36 1783.86 1349.19 0.340329
4 924.83 487.41 944.71 506.65 0.337912
4 1420.04 535.73 1444.75 557.02 0.323153
1 884.91 719.45 903.97 763.50 0.322804
4 445.34 877.48 480.99 913.93 0.319221
4 691.43 517.19 715.02 536.67 0.317542
4 950.51 507.85 967.52 527.88 0.315180
4 1502.38 1267.94 1563.33 1333.87 0.314004
4 1769.12 1280.39 1845.40 1363.23 0.312555
4 936.96 556.07 958.90 577.06 0.308866
4 1428.67 1056.41 1476.24 1127.57 0.304579
4 1355.97 1234.54 1384.46 1315.47 0.300422
4 725.60 473.93 744.87 491.44 0.299877
4 1659.11 1070.92 1719.37 1143.40 0.294999
4 564.89 832.92 588.53 855.89 0.294096
4 960.49 250.38 980.39 264.42 0.286090
4 485.73 475.96 510.58 492.48 0.277875
4 748.15 460.54 763.62 478.69 0.277856
4 653.05 599.57 669.95 618.22 0.275948
4 597.21 638.56 618.67 661.70 0.271906
4 1556.55 1264.79 1615.68 1336.99 0.268364
1 845.64 1227.31 861.70 1258.36 0.267386
4 1505.42 366.22 1542.47 400.75 0.264286
4 915.94 614.31 941.75 635.98 0.259087
2 869.34 1116.60 931.60 1161.90 0.257331
4 994.94 200.91 1011.42 216.23 0.254643
4 923.89 598.14 943.50 615.96 0.254124
4 912.54 577.40 925.56 594.90 0.254024
4 518.33 821.27 539.33 854.79 0.253241
4 579.65 665.48 597.09 684.64 0.252625
4 914.76 274.10 928.49 286.80 0.246865
4 1525.04 1041.59 1569.16 1085.60 0.245166
1 918.09 1117.66 931.94 1146.19 0.241377
4 559.64 686.99 580.28 711.65 0.240338
4 1450.53 537.11 1485.99 558.00 0.234496
4 839.17 319.77 861.21 337.52 0.234448
4 909.31 639.22 936.12 674.92 0.233271
4 1309.69 836.91 1341.35 858.98 0.233012
4 943.32 435.90 958.91 454.67 0.230418
6 763.40 375.10 803.67 399.28 0.230127
3 188.35 1263.14 211.30 1294.69 0.230100
2 869.86 1122.64 905.54 1159.88 0.228237
4 802.12 372.87 818.94 389.53 0.226656
3 808.64 1484.27 851.65 1499.87 0.226017
4 1008.13 349.67 1029.64 365.41 0.223729
4 632.08 868.81 652.94 886.63 0.216831
4 1440.91 441.31 1475.40 456.63 0.214344
4 955.37 751.66 969.07 772.85 0.212091
4 1457.12 1262.60 1507.32 1331.44 0.210036
1 852.14 1346.86 873.49 1386.96 0.208460
1 888.67 1124.47 905.65 1160.33 0.207022
4 917.50 247.26 936.24 264.21 0.206672
4 854.56 858.98 875.29 876.90 0.202206
1 774.80 901.06 790.46 928.02 0.200965
4 856.62 1072.90 885.30 1097.55 0.200221
