4 764.14 434.31 930.39 516.07 0.526468
4 200.24 314.48 311.51 373.72 0.461733
4 257.45 283.47 397.76 342.94 0.453464
4 735.14 542.34 923.28 636.11 0.447498
4 340.15 199.84 453.78 245.69 0.443364
4 249.17 663.78 474.36 763.80 0.443111
5 231.31 217.28 402.30 302.95 0.430514
4 301.96 520.67 500.55 613.95 0.424234
4 280.03 592.98 472.33 688.87 0.421026
4 351.96 453.28 518.91 537.15 0.417291
4 570.57 28.59 635.87 58.25 0.402560
4 397.49 327.32 543.16 385.65 0.390434
4 379.54 397.84 525.63 476.58 0.378402
4 738.77 305.69 877.62 369.08 0.371764
4 391.21 359.89 540.46 428.19 0.371105
4 457.04 253.92 581.70 314.52 0.367594
4 419.59 294.12 551.49 348.89 0.354259
4 527.26 100.45 604.95 131.60 0.352400
4 740.31 280.04 849.19 323.50 0.352298
4 462.94 230.20 571.71 275.12 0.351784
4 736.98 254.48 850.27 303.44 0.329988
4 731.92 167.83 820.69 205.69 0.329525
4 554.91 46.75 619.51 80.81 0.320544
4 734.31 85.12 796.78 117.90 0.312687
4 741.41 230.90 843.87 271.67 0.305877
4 478.82 202.09 584.97 249.15 0.301542
4 721.61 35.94 786.37 60.51 0.300194
5 549.83 60.01 610.20 93.16 0.287696
4 740.27 190.41 837.73 232.05 0.285858
4 512.27 119.45 597.29 152.88 0.282965
4 491.94 169.45 587.42 203.40 0.270954
4 718.51 13.66 778.34 42.10 0.270091
4 730.34 64.69 797.21 92.50 0.267252
4 737.90 209.40 837.41 244.02 0.265656
4 494.82 152.58 588.03 180.91 0.260244
4 478.20 189.32 586.22 223.71 0.257595
4 509.46 135.24 587.89 165.54 0.217341
4 770.93 304.41 867.10 338.27 0.203157
