6 248.50 345.98 840.54 512.06 0.488892
5 1277.98 13.53 1359.57 79.01 0.436000
5 912.62 0.17 1079.58 50.15 0.409819
6 316.19 248.74 854.09 378.79 0.378824
4 895.74 0.04 926.42 26.06 0.323750
4 225.38 584.44 343.45 735.64 0.312551
6 552.21 76.86 817.91 136.09 0.312428
4 859.13 117.50 900.66 172.76 0.305510
10 338.18 366.49 394.79 405.07 0.304470
6 225.02 585.09 879.93 764.06 0.298226
6 445.06 185.38 799.05 271.93 0.265254
5 834.98 133.03 878.13 197.36 0.257943
6 497.15 134.40 838.75 199.44 0.254351
6 451.57 38.59 769.96 113.80 0.217807
6 249.03 1.91 897.86 512.73 0.210063
4 830.55 174.27 871.51 209.89 0.205312
6 575.38 0.33 727.55 32.81 0.204692
6 453.78 62.67 693.94 112.14 0.200979
