4 1307.70 235.73 1359.55 299.30 0.553412
4 450.78 31.40 541.49 78.38 0.526659
4 1106.24 75.13 1200.15 124.42 0.505798
4 1206.87 138.31 1319.12 197.65 0.489665
4 1060.92 31.92 1145.06 74.02 0.471289
5 375.74 0.20 609.80 59.72 0.462698
4 1028.16 6.10 1118.78 48.14 0.427737
6 463.98 410.10 808.31 598.95 0.421227
5 684.28 145.55 772.70 250.58 0.406302
4 1029.21 0.20 1098.77 15.93 0.384344
4 1338.96 288.82 1359.81 367.46 0.313626
6 413.00 296.59 795.08 489.14 0.311037
6 471.76 51.58 697.03 206.56 0.280627
1 684.02 406.05 742.08 486.57 0.274131
3 1161.91 90.34 1245.38 157.51 0.271018
5 775.81 318.67 845.60 444.64 0.267365
6 383.28 40.67 846.25 597.41 0.255793
6 1232.01 0.09 1359.39 78.27 0.225263
4 708.23 238.89 780.35 308.19 0.217426
