1 1129.33 579.73 1174.81 660.69 0.491325
3 1360.07 780.13 1399.70 834.86 0.479004
1 1289.47 717.55 1348.46 817.18 0.458995
4 1082.67 998.35 1272.22 1049.44 0.447269
1 735.82 557.69 768.85 633.71 0.417567
4 76.25 450.74 148.80 510.19 0.412783
1 594.15 642.18 634.53 729.73 0.387551
1 753.99 642.79 793.21 729.68 0.381343
4 0.35 401.10 148.75 510.48 0.378109
1 1251.08 751.23 1287.08 815.69 0.377097
1 822.79 609.50 868.10 692.78 0.362257
3 1292.43 361.76 1348.17 398.90 0.350261
2 800.50 578.37 833.03 653.22 0.332041
3 1304.89 443.08 1383.90 496.13 0.320337
2 629.71 651.39 660.67 712.58 0.311761
3 1194.07 283.65 1218.91 314.38 0.309265
1 478.73 484.53 506.90 556.48 0.301253
2 526.93 554.50 553.59 611.14 0.279964
2 788.07 649.41 828.02 711.03 0.276579
3 1296.07 299.34 1340.54 327.88 0.274228
2 474.85 515.47 500.56 562.38 0.271926
2 583.80 513.81 619.94 574.24 0.260934
2 800.65 607.72 836.70 692.37 0.238944
3 1252.18 291.14 1292.14 326.40 0.236522
3 505.40 515.95 539.81 556.29 0.234116
3 603.65 533.81 652.59 587.00 0.228254
7 1290.98 333.01 1357.75 396.60 0.224554
2 566.89 554.39 607.58 636.25 0.219611
3 1297.21 416.71 1384.05 464.86 0.219494
2 527.20 492.23 558.16 562.80 0.211714
3 1270.40 297.24 1292.87 326.47 0.209674
2 545.97 554.61 584.38 634.22 0.208626
3 1252.03 291.55 1275.48 317.03 0.204599
2 473.66 487.82 627.58 636.13 0.202936
