4 449.34 375.75 530.26 444.24 0.533061
4 663.57 441.63 741.19 534.96 0.518466
4 615.16 243.63 648.52 274.97 0.473339
1 1302.35 712.30 1359.21 799.55 0.425833
4 553.51 216.97 583.18 245.77 0.409757
4 691.62 549.74 805.54 715.52 0.389783
4 924.50 303.67 990.69 344.78 0.384284
1 1372.14 599.74 1399.70 671.20 0.365209
4 563.16 629.80 669.33 823.93 0.342845
1 436.53 1014.14 483.57 1049.09 0.314219
6 522.21 128.44 577.97 192.75 0.280456
4 567.67 630.41 654.95 739.63 0.276359
4 460.22 197.54 510.80 234.16 0.265030
1 1286.27 798.95 1339.11 901.71 0.245087
4 835.25 248.37 879.26 277.18 0.241334
4 634.40 303.47 669.23 341.90 0.237166
4 783.31 207.42 804.91 234.68 0.232876
6 0.30 300.38 145.75 537.09 0.228619
4 1116.61 369.29 1173.27 411.59 0.221861
4 580.04 83.48 601.37 109.63 0.208722
4 817.61 235.63 856.41 264.53 0.208401
