4 812.74 409.78 1050.90 509.82 0.579818
4 962.35 917.17 1289.50 1049.28 0.573658
4 182.29 5.09 285.15 105.78 0.571585
4 814.02 259.74 1004.85 357.10 0.561226
4 549.76 317.83 653.26 475.77 0.536074
4 814.67 194.50 997.66 275.27 0.533638
4 805.21 0.00 882.22 46.88 0.520765
4 963.56 622.75 1231.57 749.52 0.518745
4 505.38 509.68 634.45 716.41 0.516210
4 843.75 501.24 1118.53 619.19 0.466649
3 841.92 42.79 887.13 82.19 0.464902
4 946.98 756.39 1279.85 895.07 0.448203
1 782.73 0.73 804.62 57.70 0.445605
4 623.78 5.22 688.09 99.20 0.439915
4 612.25 106.98 687.99 212.10 0.415299
1 766.56 8.86 782.38 55.71 0.409193
4 414.04 0.32 490.67 77.19 0.406133
2 362.74 518.16 422.07 600.55 0.363922
4 650.67 0.00 696.51 10.08 0.362926
4 0.17 37.15 14.43 67.79 0.245491
1 371.72 526.87 395.39 584.45 0.237546
1 726.95 0.00 740.81 16.44 0.232159
