5 398.44 676.20 573.19 764.45 0.544494
7 581.94 554.58 648.94 609.50 0.405989
4 422.33 530.79 472.40 552.72 0.370713
4 0.04 719.48 44.08 764.26 0.363501
1 350.57 700.72 366.85 750.30 0.362995
4 176.61 634.04 219.06 673.99 0.353679
4 6.12 676.04 74.87 712.08 0.341766
4 0.19 698.39 64.40 747.46 0.339798
5 334.42 542.29 384.16 585.33 0.334652
4 190.06 614.55 288.34 652.12 0.330179
4 254.56 605.73 323.77 641.68 0.326244
4 302.82 687.24 396.96 734.53 0.325354
4 230.61 712.85 343.49 762.95 0.309525
4 293.42 586.34 333.62 613.26 0.309020
4 230.30 741.61 321.22 764.46 0.301241
6 686.02 467.76 730.59 495.88 0.289348
4 469.46 521.81 509.42 545.82 0.283566
4 343.55 671.53 416.99 712.42 0.268505
4 956.70 483.44 967.44 494.73 0.265037
6 742.42 476.52 767.45 504.92 0.257123
5 564.27 480.18 602.77 501.10 0.255838
6 535.62 524.60 601.60 561.99 0.241004
4 242.88 588.04 319.27 615.99 0.237123
4 326.38 549.01 345.37 567.59 0.235321
6 510.61 552.41 561.55 592.28 0.231051
4 348.77 654.72 429.00 681.00 0.228524
4 515.48 505.31 536.28 523.21 0.222964
6 620.95 531.19 682.69 560.80 0.222775
9 599.58 447.13 726.22 490.24 0.215622
9 466.63 477.89 526.12 505.12 0.201617
