4 573.55 1009.97 593.93 1049.09 0.413479
4 449.55 766.67 482.46 787.84 0.391049
4 385.33 1018.81 421.48 1043.84 0.380139
4 402.11 984.09 436.52 1012.93 0.378330
4 134.57 622.30 158.67 641.31 0.377800
4 507.16 945.57 550.98 977.17 0.374997
4 635.38 610.25 657.86 626.52 0.362149
4 790.87 666.54 806.67 692.99 0.360789
4 800.16 713.46 816.50 742.57 0.358343
4 529.18 671.80 557.68 690.62 0.345824
4 911.78 162.77 927.74 188.11 0.345354
4 831.28 515.07 844.97 535.38 0.345204
4 827.72 480.70 839.91 502.45 0.340151
4 792.32 236.58 809.31 246.57 0.336854
4 564.55 932.59 593.23 961.67 0.323539
4 623.64 643.21 646.49 661.68 0.320617
4 650.38 581.50 669.82 602.96 0.314561
4 465.34 651.91 495.22 670.29 0.305834
4 203.52 746.86 223.75 765.29 0.287770
4 506.57 752.98 528.30 784.66 0.282137
4 784.98 250.54 803.31 262.38 0.282035
6 358.94 661.01 486.72 786.47 0.281469
4 814.13 763.97 836.25 797.34 0.281379
4 823.23 815.00 845.13 839.13 0.272699
4 839.77 390.35 855.53 409.79 0.270391
6 621.40 82.38 667.36 105.21 0.270195
4 592.43 591.52 607.69 603.97 0.260349
4 748.75 339.51 770.70 350.16 0.260303
4 836.65 448.42 852.02 466.34 0.258584
4 878.59 255.15 897.62 264.27 0.255791
4 705.65 270.92 720.53 282.67 0.254766
4 533.56 88.11 561.02 102.32 0.251818
4 694.29 591.12 717.19 602.90 0.250832
4 962.99 0.00 973.94 9.22 0.250302
4 656.43 641.10 677.26 661.88 0.246947
4 46.54 834.43 68.03 851.49 0.244517
4 1017.44 241.66 1030.69 259.48 0.244087
6 1155.91 187.02 1265.93 346.89 0.241524
4 622.79 791.69 638.52 810.32 0.239388
4 720.39 293.03 741.77 305.79 0.236655
4 590.91 347.28 616.83 364.77 0.236428
4 767.45 307.93 781.48 320.04 0.236117
4 677.40 522.73 690.59 543.08 0.235267
4 835.41 426.66 859.90 466.28 0.234042
4 876.19 303.23 896.10 335.76 0.233101
4 771.16 258.76 790.52 272.18 0.232616
4 627.24 811.52 646.73 846.29 0.232148
4 613.82 667.48 639.13 688.68 0.231871
4 503.70 651.25 530.21 670.63 0.226285
4 611.91 812.12 632.12 845.32 0.226186
4 623.12 777.99 641.10 810.37 0.225251
4 644.87 663.35 666.49 685.99 0.224763
4 580.47 26.06 597.26 41.29 0.224053
4 752.94 384.27 773.80 402.44 0.222374
4 877.00 319.43 890.57 335.06 0.219998
4 717.71 170.62 735.94 187.54 0.216990
4 934.53 219.18 948.49 232.66 0.214896
4 923.43 375.89 949.48 413.53 0.210335
4 1145.20 353.76 1165.92 376.87 0.210245
4 677.98 582.96 694.41 597.66 0.210137
4 379.45 970.64 401.28 994.93 0.208071
4 400.74 215.39 421.44 228.36 0.206697
4 678.69 25.49 694.09 38.97 0.204394
4 839.18 362.85 864.91 410.03 0.203782
4 757.72 319.51 773.88 334.72 0.202423
