4 937.55 132.69 1191.48 357.41 0.671584
4 834.83 869.54 1139.62 1095.06 0.585102
4 0.38 876.57 233.62 1032.87 0.502721
4 176.49 48.80 450.11 220.39 0.475513
4 1887.99 1071.68 1999.27 1406.46 0.432931
4 165.96 308.18 543.59 483.43 0.418716
4 999.33 607.96 1369.65 823.62 0.351984
4 326.85 590.09 512.97 883.61 0.348051
4 1931.35 517.92 1999.06 638.28 0.295612
4 820.15 1127.20 1097.32 1375.49 0.286729
4 1791.98 147.53 1997.74 350.34 0.272457
1 869.82 981.63 931.98 1066.50 0.259691
6 0.62 1069.83 304.40 1498.92 0.252698
7 221.15 584.70 322.99 780.40 0.214108
