9 428.29 87.19 577.61 173.26 0.660937
4 300.88 208.69 419.86 259.28 0.643378
4 0.27 623.43 144.28 766.84 0.629753
3 911.50 393.18 969.27 427.91 0.623785
4 809.63 90.09 858.03 121.48 0.511226
1 721.10 598.73 769.75 657.63 0.484284
4 0.02 435.02 28.85 485.33 0.480811
1 26.02 381.17 65.67 445.47 0.477106
1 587.19 719.11 630.39 804.30 0.472901
1 549.51 281.48 574.60 331.94 0.460027
1 993.96 399.62 1020.32 457.97 0.445715
4 571.21 156.66 656.61 195.64 0.442033
3 245.42 778.05 362.07 861.89 0.439750
1 921.12 274.18 939.45 321.68 0.418003
1 466.41 828.99 513.43 922.54 0.404814
1 930.31 370.21 957.27 426.81 0.396526
6 775.84 71.99 1002.30 286.62 0.385479
3 497.13 316.00 534.81 363.19 0.377067
1 511.51 304.01 534.47 351.38 0.355659
1 430.57 853.83 469.35 943.22 0.343308
1 547.49 187.03 561.66 224.27 0.333528
4 953.81 32.65 977.93 55.11 0.324509
1 558.55 188.14 575.66 225.93 0.323040
5 665.74 23.30 698.69 56.06 0.315594
4 1177.73 86.08 1254.45 110.79 0.312808
4 536.94 120.54 596.24 162.87 0.311071
4 576.10 102.17 611.83 128.00 0.300273
4 1180.27 53.93 1234.31 77.26 0.299812
4 598.91 107.63 651.83 136.33 0.275907
3 820.51 622.85 871.84 689.13 0.274190
3 751.66 610.89 785.57 654.62 0.266752
2 775.97 133.54 788.69 159.01 0.265597
6 401.55 50.95 586.28 127.86 0.250867
4 573.89 131.46 646.35 166.78 0.250304
4 1122.72 71.28 1161.40 95.43 0.249441
4 0.09 587.71 23.17 639.89 0.249134
2 587.69 178.06 605.20 225.49 0.233242
4 1070.91 136.60 1125.64 164.49 0.232744
2 431.23 828.39 513.40 945.11 0.230224
4 628.49 79.12 679.30 111.13 0.221079
2 935.17 157.66 950.27 192.15 0.219590
3 504.99 309.33 564.56 355.13 0.207626
1 875.85 201.86 896.58 272.26 0.203223
