1 447.09 178.42 468.58 235.09 0.546645
1 340.43 199.12 372.25 267.63 0.507192
1 319.51 250.03 362.57 340.06 0.505430
2 544.74 149.93 565.92 189.83 0.386958
5 655.36 76.56 682.60 97.17 0.329616
4 260.50 52.44 286.71 61.57 0.326145
2 602.15 151.06 622.27 196.80 0.321602
4 598.82 99.01 633.80 123.28 0.316080
2 771.93 99.23 849.94 193.16 0.285212
2 657.29 182.43 671.64 207.63 0.255639
4 844.60 50.10 857.46 60.30 0.248473
1 631.98 138.94 644.61 181.16 0.245879
4 32.65 55.81 48.28 64.52 0.244477
3 542.59 167.27 565.42 193.30 0.242995
3 619.02 160.46 655.35 189.83 0.228569
2 821.91 153.10 834.24 177.51 0.227078
3 648.77 116.51 665.07 134.52 0.218704
5 0.27 116.53 117.46 170.21 0.201837
