4 416.94 8.93 445.26 34.65 0.552927
4 312.15 65.47 350.32 103.17 0.551292
4 306.81 0.00 338.53 22.80 0.511780
4 160.88 325.92 242.33 437.29 0.494856
4 257.72 200.19 314.86 257.44 0.491963
4 860.17 701.04 953.56 764.49 0.488891
4 703.79 301.48 773.04 373.89 0.486408
4 933.35 113.38 1024.63 150.07 0.456824
4 762.65 459.79 849.47 570.01 0.446605
4 869.76 404.49 900.85 444.52 0.442115
4 732.86 375.74 810.11 461.25 0.437965
4 216.27 268.07 283.20 346.02 0.426131
4 974.02 180.10 1083.26 226.99 0.422522
4 808.57 288.75 915.67 345.87 0.417760
4 0.47 601.76 123.97 764.33 0.414626
3 981.89 709.88 1032.90 761.05 0.402616
4 1022.95 259.20 1104.52 338.01 0.394774
4 654.26 151.97 695.39 197.23 0.389935
6 627.57 7.49 794.55 74.63 0.372497
4 88.56 462.48 194.51 588.01 0.364391
3 241.25 85.28 256.75 113.08 0.361945
4 859.89 31.74 979.52 85.98 0.360236
4 638.73 93.10 669.14 136.37 0.356681
4 1099.69 265.53 1199.74 355.24 0.354648
3 1322.28 656.24 1359.64 720.98 0.326411
4 627.78 69.66 693.42 104.65 0.325048
4 888.23 79.65 953.83 109.55 0.317373
1 1252.70 488.11 1279.86 524.44 0.287437
3 1152.77 462.71 1202.43 502.21 0.280798
7 1015.57 442.88 1083.22 520.18 0.279455
3 1091.53 404.15 1149.33 453.76 0.273965
4 112.36 462.76 193.60 518.87 0.271684
1 1118.64 208.09 1136.24 235.56 0.270166
3 1103.64 212.64 1141.97 239.41 0.268221
4 825.87 598.44 898.43 679.28 0.263185
3 1124.96 337.25 1172.87 373.44 0.260621
5 598.82 50.56 647.92 92.36 0.255019
3 990.89 157.97 1011.84 183.74 0.254107
4 715.81 86.34 780.33 134.33 0.243339
7 1039.72 476.62 1087.97 538.80 0.240890
3 1079.91 443.60 1103.39 479.89 0.237838
4 1225.75 216.40 1260.21 239.55 0.237064
4 920.36 83.35 953.49 109.04 0.235459
4 162.25 515.11 207.08 572.93 0.232778
4 493.33 360.20 515.34 429.59 0.231079
1 1038.56 397.79 1065.72 432.37 0.230831
1 881.41 12.06 891.28 33.64 0.229850
3 1086.36 477.72 1116.05 522.82 0.216127
1 816.85 14.24 825.35 34.91 0.208255
3 1227.29 442.53 1269.44 480.62 0.207451
3 1034.63 311.65 1124.33 367.54 0.205119
1 1188.05 399.20 1212.59 431.90 0.200887
