3 170.12 572.40 216.47 606.46 0.647222
4 933.22 392.02 1007.31 439.65 0.586784
5 829.58 200.00 882.71 264.62 0.582272
4 916.39 338.83 1003.30 374.37 0.575093
4 1112.46 501.17 1185.39 562.98 0.568457
5 301.58 231.19 350.36 285.28 0.549740
4 254.65 483.52 371.74 543.56 0.539659
4 196.87 397.75 309.39 441.99 0.531321
4 239.89 364.88 335.45 404.32 0.508050
9 584.93 120.30 622.73 158.64 0.492647
4 113.92 277.77 179.38 307.86 0.475257
3 520.86 329.94 552.35 349.36 0.451584
4 242.52 264.90 294.35 295.76 0.447497
4 0.37 398.59 105.26 438.94 0.445184
7 1044.61 327.88 1112.92 364.74 0.440261
7 120.10 424.00 191.49 459.20 0.437659
4 75.08 309.56 170.27 341.90 0.424983
4 341.93 248.74 381.42 287.02 0.423677
4 481.05 241.84 515.71 273.77 0.421459
4 261.11 549.49 339.56 634.45 0.414465
4 0.15 310.00 55.98 342.17 0.404920
4 80.11 403.84 105.47 432.89 0.388880
7 235.76 295.55 287.21 318.48 0.384527
1 177.56 560.57 195.68 597.26 0.369669
6 1184.93 326.11 1247.88 363.04 0.362628
7 181.86 334.38 254.86 365.82 0.359930
3 684.82 330.51 710.76 347.49 0.359040
4 149.02 639.13 230.53 729.79 0.352731
4 541.93 243.61 572.51 273.79 0.347897
4 474.14 529.57 515.57 561.72 0.343682
4 663.81 135.78 696.56 151.14 0.340492
1 334.43 274.61 345.89 303.99 0.325093
4 653.20 72.72 663.70 85.70 0.319593
4 654.74 119.74 676.40 135.20 0.318651
4 591.62 244.13 620.35 272.31 0.315686
3 709.63 326.15 730.02 343.68 0.310378
4 62.05 278.57 98.69 309.83 0.306314
3 113.64 322.72 147.53 350.03 0.296116
2 433.03 214.66 468.70 267.76 0.295974
4 744.38 93.34 759.13 105.15 0.292732
4 862.30 181.93 884.45 204.90 0.291770
1 906.52 228.12 917.41 251.76 0.287329
4 521.36 169.62 547.79 190.13 0.285103
1 797.53 207.36 806.53 227.98 0.282462
4 680.01 102.59 689.87 113.87 0.282309
4 555.97 219.94 583.28 248.42 0.277224
4 1073.67 227.95 1100.88 254.52 0.275863
4 827.53 139.71 844.07 159.09 0.275621
3 0.20 457.03 61.35 505.71 0.274306
2 214.53 268.21 234.03 303.78 0.271198
1 713.81 313.70 722.48 330.05 0.270886
3 967.25 329.71 991.48 345.45 0.270420
1 978.05 318.33 989.49 338.05 0.269663
1 812.18 195.87 820.96 215.24 0.266226
2 892.86 220.33 903.79 244.30 0.264594
3 1044.75 340.20 1067.87 363.27 0.264213
3 28.79 473.32 61.25 505.15 0.262568
1 637.19 139.99 645.13 156.64 0.261058
1 529.22 319.53 543.56 344.30 0.260825
4 552.90 204.83 577.17 228.83 0.258004
4 592.31 222.45 619.69 248.58 0.257740
1 695.58 320.79 706.55 341.69 0.254080
4 789.73 141.69 810.08 158.96 0.254061
4 490.87 140.51 530.19 156.89 0.250765
4 565.79 176.69 588.11 197.19 0.248960
4 599.01 202.43 624.14 227.29 0.247784
2 486.10 185.45 495.47 205.56 0.239830
4 525.27 141.31 563.80 162.42 0.232062
4 564.39 189.15 585.47 213.24 0.231301
4 760.02 124.01 771.78 135.41 0.229185
4 850.15 44.00 869.26 55.08 0.226829
4 558.74 130.24 574.73 144.29 0.226613
4 605.60 183.49 624.54 200.20 0.221275
1 351.76 278.53 362.47 298.74 0.220421
2 537.97 183.77 545.43 203.05 0.219050
4 774.31 127.25 795.78 142.44 0.212162
6 0.10 579.23 71.31 642.48 0.210441
2 190.38 333.57 208.14 355.71 0.209685
4 804.19 151.87 819.52 168.14 0.205817
4 540.57 152.88 558.83 166.89 0.205752
3 182.11 343.33 212.43 364.20 0.205460
6 1239.25 161.84 1359.59 243.72 0.200829
2 886.98 219.17 917.94 252.75 0.200633
4 658.99 35.76 668.04 44.04 0.200086
