4 1147.25 877.69 1263.14 990.82 0.537615
4 1374.63 977.68 1529.75 1079.46 0.537048
4 903.94 529.70 951.62 571.09 0.507133
4 1022.50 597.13 1085.30 649.92 0.495714
4 858.76 398.56 889.05 426.66 0.388429
4 962.04 446.72 1001.22 482.15 0.377179
4 962.32 400.63 989.48 426.43 0.376968
4 781.80 267.46 799.22 282.10 0.374723
4 855.87 364.37 879.29 384.66 0.373506
6 898.74 284.62 927.84 317.75 0.362507
4 955.43 375.10 968.22 392.73 0.326256
4 950.78 352.14 975.37 373.05 0.307364
4 510.81 212.56 539.22 222.26 0.306718
4 916.07 395.29 943.55 418.33 0.306267
4 910.71 377.40 937.18 399.49 0.299373
4 926.09 338.98 946.63 358.39 0.290697
4 834.90 272.32 849.18 286.34 0.289650
4 899.33 361.50 921.96 381.82 0.284356
4 837.72 249.19 851.21 260.01 0.283852
4 912.03 318.14 929.72 332.74 0.281399
4 858.12 269.74 873.22 282.87 0.279113
4 839.47 284.42 854.13 296.62 0.276382
9 793.11 194.38 813.57 205.84 0.267173
4 186.02 218.23 225.50 228.01 0.260955
4 793.60 248.14 808.84 260.76 0.259719
4 1000.98 207.31 1025.82 217.12 0.256326
4 883.97 326.35 901.19 344.57 0.242934
4 867.23 285.37 881.75 300.54 0.241135
9 734.27 225.01 936.22 264.38 0.240164
4 759.59 255.32 780.79 267.32 0.231713
4 758.18 327.03 774.52 337.80 0.230152
9 1846.55 297.04 1919.75 330.22 0.229935
4 1123.37 424.26 1149.12 441.98 0.227225
4 940.07 323.08 952.21 334.84 0.222862
4 955.26 241.05 972.17 255.88 0.221579
4 743.09 325.96 754.24 336.04 0.219988
4 1279.29 213.17 1301.38 222.41 0.213496
4 1674.13 318.95 1711.27 341.06 0.213387
9 1620.56 320.07 1675.36 342.75 0.212337
4 873.34 299.35 889.42 313.11 0.212087
4 881.89 311.11 901.42 328.50 0.206672
5 894.76 338.54 927.35 365.53 0.203358
