2 353.91 832.07 389.66 879.66 0.543690
2 969.73 173.52 988.98 217.81 0.519125
2 904.14 170.65 925.17 213.87 0.497195
2 162.97 409.57 191.07 464.12 0.473993
2 734.77 90.68 752.78 134.55 0.468572
2 772.55 93.48 790.66 131.80 0.454756
2 331.04 16.00 348.55 58.82 0.433624
2 130.44 397.80 166.16 452.18 0.429629
2 543.94 229.58 570.66 284.98 0.426701
2 794.45 98.82 808.82 144.66 0.419794
2 626.75 91.05 646.80 135.84 0.409115
2 1336.31 44.78 1360.13 81.41 0.392738
2 645.89 108.88 660.73 138.13 0.390218
2 51.34 357.94 88.39 418.65 0.376178
2 399.24 189.33 417.91 230.52 0.358865
2 415.09 223.50 444.33 281.45 0.355980
2 399.23 85.45 417.32 122.89 0.350503
2 1299.74 14.46 1327.46 53.89 0.349177
2 80.68 367.28 120.73 429.12 0.346060
2 372.19 295.70 397.16 349.90 0.335755
2 1313.02 108.42 1348.59 159.62 0.320798
2 376.55 188.02 394.36 219.79 0.308582
2 924.25 39.83 945.72 72.31 0.304877
2 0.17 928.09 60.62 972.37 0.289629
2 49.96 356.11 196.30 467.26 0.284148
2 391.77 301.70 421.24 356.70 0.270789
2 370.04 235.52 397.82 278.29 0.263750
2 1331.53 0.03 1351.17 20.20 0.249377
2 518.65 989.61 545.30 1026.93 0.232434
2 382.65 264.68 443.14 333.62 0.216021
