4 798.93 576.93 1033.34 764.02 0.650787
4 640.83 169.57 702.71 243.05 0.569069
4 587.24 384.03 679.81 522.44 0.565066
4 738.03 78.29 783.09 122.22 0.559329
4 822.33 228.71 894.75 300.42 0.535658
3 6.37 325.64 91.13 369.36 0.534876
5 512.88 96.99 570.43 177.91 0.533685
4 831.50 312.60 936.66 413.63 0.531272
4 777.93 153.59 838.12 211.09 0.521632
4 595.87 267.99 669.75 367.32 0.509902
1 38.33 382.39 82.23 449.73 0.504191
1 929.55 236.27 947.25 289.01 0.496663
3 555.50 255.26 577.85 292.99 0.491260
1 1334.22 295.83 1359.61 354.97 0.474798
4 737.62 12.09 779.10 51.81 0.471475
3 603.57 72.17 615.65 98.17 0.468818
1 1319.32 443.13 1357.16 479.93 0.455239
3 532.06 322.94 556.96 368.72 0.453656
4 856.37 155.68 882.85 210.12 0.437707
2 1107.45 400.62 1135.11 460.28 0.437328
2 554.24 232.45 578.39 279.34 0.436140
4 607.39 0.36 627.67 26.07 0.426410
4 866.22 12.74 900.32 42.70 0.412906
1 951.11 180.39 969.42 218.51 0.407800
1 454.77 328.52 472.70 384.78 0.399245
3 458.59 275.62 489.89 326.76 0.385343
3 973.87 207.29 999.88 240.27 0.378336
9 973.40 170.73 1018.87 200.93 0.377572
1 398.98 277.82 424.87 355.88 0.376983
4 915.00 155.86 948.52 212.26 0.376354
4 672.86 0.00 701.68 7.58 0.371571
4 728.82 0.00 759.11 11.17 0.369243
2 1120.03 421.31 1156.53 493.92 0.364905
3 1004.27 210.42 1024.69 244.03 0.360796
4 824.18 0.00 861.79 17.14 0.359272
3 789.57 10.74 800.97 30.88 0.348484
4 335.76 219.09 428.35 273.83 0.346495
4 279.08 238.47 340.27 292.45 0.331981
7 565.98 40.41 588.89 67.51 0.315903
3 929.93 205.64 943.97 225.45 0.308271
2 991.81 132.80 1007.52 171.11 0.298797
2 937.12 131.35 949.91 157.27 0.295489
2 977.93 136.32 989.89 171.60 0.289636
3 458.79 297.92 474.99 327.02 0.284017
9 1057.47 155.42 1089.59 214.96 0.279250
2 1033.50 58.96 1050.93 96.36 0.272117
4 310.85 208.99 396.19 252.05 0.271076
2 70.35 232.54 92.79 272.29 0.265281
2 544.78 296.43 558.27 353.67 0.254717
4 546.34 13.88 565.88 34.86 0.247593
4 942.44 171.00 976.84 201.22 0.239916
4 991.54 0.37 1012.12 19.46 0.238109
2 602.96 58.34 616.10 85.75 0.229952
2 453.98 354.42 468.73 398.43 0.216421
2 961.69 133.52 974.66 164.52 0.211179
2 471.99 275.37 489.75 310.19 0.203392
2 962.53 92.89 974.42 124.33 0.203172
