4 521.66 815.21 582.29 839.14 0.604609
4 720.11 815.02 777.39 839.45 0.570424
6 1141.54 786.79 1272.72 837.59 0.568823
4 933.93 886.31 1007.73 921.32 0.568633
4 975.71 839.36 1048.48 871.85 0.544981
5 1616.49 1189.19 1802.57 1293.53 0.524258
4 1069.52 1003.90 1164.39 1067.49 0.502570
4 1177.01 846.73 1259.64 873.84 0.499514
5 1317.14 1251.93 1527.28 1327.17 0.495791
4 1249.01 870.20 1279.79 901.25 0.492658
4 698.27 880.99 718.51 901.41 0.488317
4 1075.66 872.43 1160.96 906.19 0.485775
5 1233.96 1207.35 1409.28 1318.87 0.485385
4 825.97 866.62 910.43 897.62 0.483837
5 1868.14 1211.69 1999.69 1304.46 0.471601
4 342.10 746.14 376.91 760.79 0.458365
5 1791.57 1278.81 1999.72 1406.34 0.457282
4 1046.77 882.65 1088.68 919.22 0.456267
4 748.20 867.51 826.26 907.40 0.451953
5 760.49 1092.59 911.34 1177.44 0.451575
5 1077.60 1054.55 1149.03 1143.01 0.446209
5 1233.71 1209.09 1279.83 1310.43 0.443222
4 1115.47 862.22 1167.21 884.52 0.441910
4 1865.52 1364.07 1999.73 1499.32 0.435431
4 1625.74 733.90 1664.30 749.80 0.413459
6 831.55 800.48 1076.67 852.13 0.406827
4 1043.81 917.13 1097.63 966.10 0.405136
5 1127.27 1202.47 1212.96 1340.21 0.403264
1 1401.64 1142.94 1430.05 1197.39 0.402032
1 978.54 1237.44 1014.26 1321.82 0.393275
4 798.39 960.11 917.76 1008.18 0.391411
1 1793.04 1223.53 1826.37 1279.41 0.390965
4 1349.34 1251.46 1514.82 1279.88 0.389211
6 1187.31 917.89 1311.34 996.28 0.388338
1 1070.33 1191.32 1099.87 1268.08 0.387438
1 1344.89 1160.03 1369.66 1209.04 0.383007
1 1233.45 1135.01 1262.20 1198.92 0.382641
1 1021.71 1175.84 1054.46 1254.49 0.380480
3 1020.77 949.52 1036.50 977.01 0.380297
7 1605.12 1281.05 1687.33 1372.92 0.376939
5 1162.04 864.56 1242.51 905.25 0.376181
4 663.39 751.64 699.74 767.28 0.358978
6 1234.49 949.98 1494.87 1018.82 0.357645
1 992.05 1031.23 1012.15 1078.49 0.353768
4 830.96 889.82 940.25 938.38 0.351801
1 983.85 1171.60 1014.92 1239.41 0.341411
4 813.84 821.16 835.54 839.02 0.333221
1 994.91 1078.22 1021.44 1141.09 0.332174
5 833.20 799.96 872.81 850.24 0.322118
7 1775.46 1265.76 1859.22 1321.75 0.321321
4 1070.98 939.30 1120.27 1002.71 0.313875
1 1005.82 1129.17 1028.14 1191.15 0.313805
4 1306.16 868.10 1346.31 888.55 0.302931
1 983.26 1067.02 1002.70 1127.74 0.296933
4 818.85 946.51 934.81 990.35 0.296834
5 893.85 1088.58 952.42 1149.27 0.293645
1 937.30 1120.22 958.35 1180.08 0.292322
6 1234.16 953.13 1279.82 1018.21 0.283715
6 988.30 806.38 1076.76 844.07 0.282571
4 770.90 986.87 897.07 1037.34 0.281536
3 1094.12 1214.16 1114.03 1255.69 0.279749
6 720.32 1165.55 916.47 1499.17 0.266489
1 897.25 1189.81 918.35 1261.94 0.265290
3 1496.76 1099.44 1532.30 1134.60 0.264059
1 1277.93 1076.09 1303.27 1108.47 0.263344
6 784.42 1003.17 946.76 1118.56 0.259842
4 1283.85 867.94 1345.51 905.19 0.258766
10 911.66 1320.44 946.46 1358.31 0.247133
6 720.28 1166.55 915.89 1279.35 0.237957
4 770.75 997.66 800.71 1035.85 0.229287
4 321.64 635.60 343.49 643.51 0.226783
2 1038.06 1069.46 1051.29 1100.35 0.223521
4 284.37 635.09 307.57 644.32 0.222885
2 1273.73 1102.82 1298.66 1162.23 0.214174
2 982.29 1031.20 1056.39 1254.60 0.213972
3 647.85 1129.33 669.54 1186.62 0.210532
3 1258.03 1151.07 1287.55 1207.43 0.209787
4 1033.08 756.73 1077.30 773.70 0.209177
2 997.28 1160.65 1019.54 1195.08 0.206921
1 1948.33 1344.88 1975.61 1368.01 0.205615
7 906.21 1282.34 950.82 1357.60 0.201875
4 554.37 750.07 576.74 763.94 0.200287
