4 327.29 498.71 433.49 544.05 0.622859
4 159.27 542.88 269.77 588.91 0.606298
4 1776.17 568.95 1892.97 610.48 0.576191
4 1450.56 489.72 1533.80 530.45 0.572593
4 1210.50 423.29 1279.62 455.55 0.567487
4 720.14 403.45 787.12 443.41 0.563659
4 1666.07 551.58 1758.43 594.32 0.557586
4 532.40 442.41 621.31 481.91 0.537765
4 568.20 1121.99 706.78 1258.55 0.511350
4 1455.26 758.75 1530.07 828.81 0.507016
4 1534.91 518.69 1639.69 564.25 0.507015
4 45.79 522.60 147.87 562.11 0.498669
4 1744.50 824.05 1795.84 869.52 0.487159
4 621.48 418.38 695.07 461.40 0.478541
4 0.09 524.99 34.16 558.51 0.472077
4 1285.85 430.10 1369.31 476.46 0.467220
4 826.25 911.26 976.93 993.66 0.432102
3 720.09 1307.24 750.03 1404.81 0.428877
4 848.41 294.32 881.05 322.50 0.413175
4 832.44 313.02 861.35 345.20 0.412076
1 1821.95 1050.39 1851.34 1099.50 0.398273
1 1311.97 976.07 1335.96 1024.75 0.391046
4 1187.19 623.78 1213.58 655.72 0.385419
4 334.60 1003.57 448.20 1117.16 0.357538
1 1300.82 974.95 1316.94 1018.43 0.339725
3 1305.09 1003.15 1333.41 1032.57 0.317336
4 967.02 532.18 1008.24 553.20 0.307732
4 834.69 278.34 847.02 295.25 0.300258
6 1166.05 97.90 1189.97 114.58 0.299740
4 140.92 882.04 257.69 923.93 0.285954
4 1123.68 328.23 1153.40 351.02 0.282828
4 794.22 555.08 822.75 580.82 0.282580
1 1142.12 577.26 1156.81 614.05 0.278934
4 1073.43 150.19 1098.70 172.76 0.273354
1 718.21 1339.21 736.88 1388.82 0.265768
6 655.52 369.28 727.48 419.37 0.260122
6 1511.66 360.59 1560.50 393.57 0.254718
1 795.46 637.67 811.18 672.39 0.252457
4 1192.29 93.62 1221.98 111.65 0.250721
3 701.16 431.51 728.69 455.62 0.244597
4 1082.79 333.09 1098.26 368.50 0.237663
2 1181.82 173.00 1197.67 200.13 0.231612
2 1866.66 564.00 1881.89 581.53 0.226699
9 1158.61 96.94 1219.60 128.81 0.218986
3 1374.91 441.28 1388.16 470.80 0.214276
4 1958.63 221.13 1998.92 257.18 0.212937
6 133.48 791.64 206.74 878.78 0.210251
4 1231.63 390.96 1271.02 413.16 0.208879
4 720.09 555.25 733.78 581.22 0.205434
