4 343.61 178.16 396.50 212.22 0.524457
4 515.73 90.69 547.14 146.40 0.509567
4 607.08 95.96 634.90 145.29 0.488510
4 1256.52 68.07 1300.31 92.45 0.469981
4 348.04 84.17 411.53 116.25 0.446764
4 740.50 0.00 800.91 12.92 0.435345
4 239.16 510.19 288.33 592.81 0.424862
4 639.47 253.08 707.81 285.23 0.413518
4 503.56 0.20 527.26 18.52 0.411374
4 633.12 356.44 707.88 392.65 0.404554
4 819.01 695.36 909.01 732.74 0.403360
4 638.12 288.91 706.95 321.29 0.396431
4 807.00 635.72 904.81 677.92 0.386964
4 761.39 290.68 836.42 324.44 0.385723
4 640.78 322.74 711.61 354.87 0.385532
4 683.53 218.32 751.13 249.75 0.382757
4 792.16 261.51 869.39 297.33 0.382603
4 789.37 323.63 861.42 356.20 0.382036
4 791.89 356.13 870.19 391.70 0.378054
4 808.59 552.89 890.39 592.74 0.377965
4 783.20 435.56 863.97 470.85 0.377790
4 684.62 159.96 753.93 190.31 0.376788
4 840.20 64.01 871.61 124.35 0.376391
4 698.63 72.28 762.65 101.87 0.376126
4 685.66 186.55 749.30 217.90 0.376068
4 784.72 472.55 871.15 510.01 0.374230
4 786.65 228.17 858.42 262.49 0.373126
4 798.79 397.91 871.97 434.99 0.372642
4 395.37 0.00 457.48 19.61 0.370268
4 787.37 201.90 858.56 233.11 0.369941
4 790.74 519.04 873.80 555.55 0.365321
4 693.58 98.99 760.85 128.52 0.362073
4 693.06 40.77 751.76 73.44 0.361085
1 917.59 312.65 929.10 334.87 0.360207
4 385.19 42.91 423.67 71.13 0.359669
4 839.01 777.24 922.26 787.83 0.358864
4 769.79 60.39 799.26 118.29 0.358366
1 882.45 470.45 893.98 490.63 0.356427
1 726.52 464.19 737.57 488.92 0.354580
1 906.16 195.01 916.35 214.20 0.351421
1 919.04 201.62 928.13 218.94 0.350184
4 705.36 120.88 758.36 155.56 0.341929
1 814.51 37.04 824.87 68.14 0.340374
1 884.58 204.18 895.86 223.05 0.340154
4 394.34 14.02 430.28 44.83 0.334772
1 678.15 38.57 688.77 59.26 0.334144
1 711.88 461.08 723.69 485.06 0.332681
1 937.21 355.36 950.51 375.04 0.328316
4 816.94 736.95 892.58 772.91 0.326898
1 931.79 514.75 945.72 546.53 0.322778
1 962.53 566.91 973.88 585.27 0.320528
1 950.04 506.27 965.65 526.08 0.318120
2 950.66 147.01 963.18 169.76 0.310757
6 915.77 30.16 969.42 53.27 0.296608
4 543.95 499.69 579.63 583.14 0.293774
2 916.27 137.29 926.36 160.13 0.292991
4 804.81 70.57 836.90 123.68 0.291842
4 913.04 0.00 931.94 12.77 0.289834
2 931.22 105.04 942.74 126.39 0.285121
4 942.24 1.01 975.50 25.51 0.273450
2 1207.61 21.75 1233.43 52.32 0.268489
1 980.89 738.26 995.71 754.11 0.261620
3 992.42 714.98 1005.41 746.57 0.259351
4 998.61 564.67 1022.72 590.01 0.250864
2 1088.79 413.04 1111.71 428.95 0.245223
4 1258.45 128.42 1271.07 141.49 0.240087
5 1014.76 704.47 1041.37 747.35 0.234763
7 996.60 31.88 1027.40 53.27 0.230201
3 1057.19 336.17 1091.48 371.01 0.221335
4 1003.30 599.74 1019.20 628.92 0.218011
7 885.25 13.47 910.50 44.66 0.216552
2 968.06 515.11 975.17 526.99 0.214440
3 867.96 79.38 902.69 113.97 0.208743
2 801.77 105.67 811.45 124.23 0.208462
2 1120.39 0.26 1137.94 33.64 0.207574
2 1150.30 412.85 1176.89 429.14 0.207458
2 936.82 146.54 946.66 167.80 0.202027
