9 845.34 0.08 916.90 70.21 0.617638
4 927.21 328.29 996.41 449.49 0.534151
1 531.87 126.09 550.03 168.98 0.442732
1 551.56 126.56 572.26 166.87 0.399330
2 549.74 175.64 569.63 216.19 0.398558
2 576.54 179.30 598.23 222.18 0.395952
1 179.73 105.14 203.34 147.74 0.374872
3 638.89 174.85 670.66 204.85 0.366691
1 712.63 279.49 730.41 316.65 0.359818
2 639.45 157.33 665.11 196.12 0.340953
6 1014.19 983.05 1163.99 1049.66 0.339960
3 718.11 324.19 756.52 395.52 0.337886
1 615.93 956.08 650.67 998.14 0.316717
2 702.85 317.49 720.78 359.16 0.309595
2 531.56 124.58 599.66 222.41 0.267993
2 570.80 169.91 590.96 192.25 0.248956
10 622.59 731.81 653.25 786.52 0.246855
6 555.88 0.00 1278.90 1049.43 0.223508
2 744.75 1026.95 766.09 1049.29 0.220745
3 721.29 364.03 747.08 395.29 0.219145
