4 1208.37 252.90 1243.87 285.26 0.571240
4 1095.67 388.97 1141.60 433.26 0.541968
4 1313.19 215.92 1340.92 248.15 0.541819
4 884.25 698.58 950.44 777.20 0.538251
4 1141.51 329.45 1183.53 365.54 0.534780
4 789.58 853.53 883.41 963.45 0.513044
4 975.18 571.92 1029.90 637.04 0.468665
4 623.75 1098.95 735.86 1254.27 0.460473
4 1010.41 501.77 1063.43 566.81 0.458956
4 524.27 1269.73 661.80 1441.91 0.454907
4 720.04 1106.28 735.00 1178.02 0.418797
6 1795.36 280.26 1999.55 532.12 0.382488
4 1265.48 192.66 1279.63 205.63 0.285714
4 1759.28 258.66 1793.41 303.19 0.277814
4 63.89 256.72 89.75 272.60 0.275561
6 1431.67 165.03 1473.97 188.47 0.245536
4 106.99 239.93 171.41 265.37 0.242289
6 754.67 136.40 789.49 161.31 0.239545
6 1757.10 220.46 1998.71 308.09 0.215502
4 0.10 407.95 18.95 456.36 0.212403
