4 570.54 616.69 605.49 654.26 0.526256
4 680.65 382.48 707.86 407.17 0.516380
4 496.60 311.28 521.41 329.53 0.508580
4 788.05 288.43 810.35 306.24 0.459101
4 1065.17 49.71 1085.29 65.45 0.398866
5 945.08 624.00 1007.65 665.70 0.387589
4 287.37 185.12 305.13 198.61 0.386706
5 654.79 333.43 703.93 361.24 0.385021
4 390.30 731.54 430.99 773.46 0.382854
4 120.28 192.12 136.50 205.20 0.377049
5 828.53 390.09 863.96 428.52 0.376098
4 863.78 403.29 882.56 426.17 0.375357
4 1362.37 13.14 1379.44 23.46 0.367887
4 808.42 449.25 840.21 473.46 0.365054
6 1031.88 648.28 1095.92 687.28 0.364716
4 1346.06 285.06 1368.64 302.15 0.364618
4 1064.26 70.81 1076.86 80.47 0.355469
4 353.62 120.25 369.83 130.58 0.350722
4 127.32 360.92 169.79 399.88 0.347461
4 1153.15 16.26 1168.19 25.50 0.346700
4 855.22 601.77 882.47 619.60 0.345512
4 279.86 265.50 297.65 280.88 0.345323
4 836.97 424.91 863.97 452.26 0.340232
4 888.48 614.76 906.62 629.46 0.337261
5 882.19 193.84 910.60 220.03 0.330641
4 1237.63 34.55 1253.78 45.50 0.329250
9 364.01 131.67 417.68 173.96 0.328987
5 546.35 328.74 583.53 359.34 0.327259
4 310.67 180.79 326.09 194.84 0.323102
4 234.72 203.93 269.70 229.09 0.311039
6 1032.42 648.02 1065.17 678.30 0.303850
4 828.58 172.39 849.91 192.13 0.303734
4 205.27 211.55 228.75 229.34 0.300521
4 42.06 287.75 64.13 302.19 0.286467
5 308.69 264.93 346.76 291.52 0.278466
4 888.04 164.00 906.14 176.97 0.271442
4 1300.88 205.52 1316.03 217.93 0.261635
4 927.26 98.85 951.24 113.53 0.255413
4 352.59 150.98 364.38 163.48 0.249910
5 1158.44 266.82 1196.81 283.25 0.245596
4 988.42 56.10 1004.36 69.73 0.241784
4 913.07 168.14 924.36 177.56 0.241781
4 957.48 303.65 973.57 316.52 0.241683
4 1309.01 226.58 1326.06 238.35 0.239467
6 858.40 624.23 904.14 696.78 0.236125
4 395.87 114.58 411.90 127.14 0.232805
4 666.33 322.56 684.38 336.07 0.226973
4 333.00 293.50 347.42 303.96 0.226567
4 1226.32 55.32 1249.76 66.68 0.224983
4 270.25 283.63 285.10 293.87 0.223632
4 0.36 334.96 23.49 356.98 0.223592
6 148.82 238.99 193.25 268.35 0.221754
9 353.49 134.35 397.26 165.58 0.217591
4 412.48 563.67 430.45 578.86 0.216785
6 158.89 304.97 218.95 338.75 0.212346
4 938.71 287.47 962.96 310.76 0.210336
4 865.32 148.67 885.17 165.25 0.206340
4 948.33 118.50 960.74 129.32 0.205008
4 234.80 211.91 251.24 225.70 0.202753
4 159.00 319.57 192.57 338.29 0.201420
