3 693.89 145.77 715.45 189.80 0.624082
4 1263.97 191.90 1341.38 249.86 0.538850
6 603.28 425.01 1163.53 647.74 0.506737
4 1184.08 159.84 1267.06 209.46 0.501389
4 1329.25 217.45 1359.77 269.78 0.487244
4 1152.00 138.36 1232.68 184.83 0.481050
4 825.63 7.71 901.01 41.95 0.478372
4 870.35 22.02 913.55 56.25 0.462342
6 1035.89 54.89 1217.87 182.87 0.460472
6 391.56 199.84 766.95 368.49 0.455488
6 913.42 31.52 1083.85 131.43 0.419204
6 408.36 112.56 691.79 228.69 0.416553
6 556.54 273.38 976.14 460.75 0.409990
4 1264.05 209.48 1279.79 242.02 0.392440
4 1039.41 90.85 1082.05 131.07 0.383692
6 489.93 52.73 615.47 115.89 0.366894
5 767.06 192.24 842.33 293.13 0.337741
6 407.84 15.07 576.94 97.17 0.319268
4 773.14 0.00 880.65 18.58 0.271003
6 898.62 11.03 958.45 84.65 0.266603
6 1113.96 637.66 1359.27 764.23 0.255474
6 381.34 0.23 522.44 64.37 0.236863
6 1030.23 426.41 1163.52 569.20 0.228548
6 745.82 263.41 812.47 306.26 0.201934
