1 1129.23 579.91 1175.48 661.17 0.568902
1 1290.06 717.79 1348.80 817.41 0.483083
4 1082.49 998.28 1270.36 1049.50 0.452408
4 120.07 439.11 150.08 498.80 0.445992
1 735.84 557.75 768.95 633.82 0.431093
3 1194.40 283.45 1219.65 315.05 0.413476
4 76.28 450.87 148.90 510.18 0.410929
2 596.08 642.10 634.69 729.73 0.402747
2 753.88 643.04 793.99 729.75 0.393655
2 1251.55 751.25 1279.86 815.84 0.389393
3 1359.46 781.34 1399.74 834.61 0.387242
4 0.30 401.01 148.80 510.49 0.377481
3 1251.49 290.75 1279.93 321.67 0.373146
2 823.81 610.75 867.24 692.94 0.365509
3 1304.28 442.92 1384.26 495.35 0.351232
2 799.70 578.85 832.92 655.30 0.340405
7 604.09 534.24 652.28 586.85 0.333644
2 478.90 484.51 507.20 556.55 0.314961
2 629.11 651.29 660.88 712.32 0.313036
2 566.24 551.67 606.03 636.09 0.312035
3 1293.53 361.83 1348.98 398.86 0.310461
2 527.20 552.77 551.02 610.73 0.293464
2 474.72 515.16 500.93 562.57 0.283846
2 789.01 649.79 828.18 711.37 0.278136
3 1296.02 299.74 1340.94 327.01 0.277858
3 1148.49 710.23 1200.57 740.58 0.271972
3 734.71 600.63 757.72 630.46 0.271971
2 582.82 513.61 620.22 574.36 0.269545
3 505.43 516.11 539.79 556.99 0.260241
2 526.85 492.62 558.55 562.65 0.256065
2 800.67 608.35 837.38 692.30 0.251493
3 1297.92 420.72 1377.07 465.36 0.239980
3 1023.12 670.56 1072.05 701.05 0.237771
3 1271.50 294.89 1295.84 326.68 0.233758
7 1292.57 331.42 1357.00 367.19 0.225629
2 1226.64 287.97 1250.29 317.16 0.220241
2 547.95 552.28 583.54 632.82 0.215306
4 1256.52 45.98 1337.88 68.23 0.210621
2 473.31 486.36 871.09 734.74 0.209220
5 1346.12 47.17 1384.67 67.33 0.204250
2 474.36 487.60 625.30 636.09 0.203346
