4 237.12 987.95 334.32 1049.48 0.541663
4 506.97 820.38 564.44 895.44 0.519560
4 436.56 952.95 519.77 1049.37 0.512140
4 628.04 795.05 676.21 851.50 0.501706
4 628.54 652.14 646.72 670.63 0.466358
4 631.21 693.27 659.48 722.89 0.465069
4 921.56 842.37 1045.86 897.92 0.407940
4 1349.15 768.98 1399.67 788.88 0.400507
4 1184.12 738.49 1238.96 774.21 0.398017
4 805.95 814.15 856.42 864.34 0.396344
4 1053.13 792.12 1127.50 847.61 0.393779
1 936.73 933.74 955.69 989.13 0.393673
4 596.55 598.55 609.88 611.19 0.392142
4 1013.89 873.92 1150.83 925.27 0.391456
4 988.61 740.85 1076.06 771.37 0.380770
4 1103.19 786.99 1175.64 845.82 0.379997
4 719.97 768.08 818.68 812.33 0.378653
4 862.52 810.65 930.61 860.68 0.377127
4 721.06 707.61 751.45 737.62 0.376590
4 616.30 595.06 629.09 605.12 0.368942
4 1335.92 742.07 1371.86 765.98 0.364785
4 979.60 798.20 1051.55 844.60 0.364028
4 918.77 800.32 981.64 848.74 0.361372
4 720.22 674.85 745.20 697.82 0.360656
1 1075.69 751.41 1089.94 785.93 0.359162
6 759.48 658.90 832.90 697.23 0.358724
4 948.68 767.86 1052.68 805.63 0.353574
4 795.10 754.91 879.27 788.89 0.346076
4 1260.40 781.23 1302.79 794.92 0.323484
1 77.80 736.56 96.60 770.90 0.323128
4 672.32 609.57 709.49 629.49 0.320666
4 1280.47 729.06 1313.40 750.49 0.317183
3 71.10 751.34 121.46 782.96 0.314713
4 944.68 699.96 991.50 728.79 0.309643
6 36.93 601.73 104.81 629.48 0.292011
4 658.12 595.92 670.24 608.01 0.291099
4 620.27 570.02 630.15 579.94 0.290343
4 718.82 632.24 742.08 651.89 0.281467
4 785.86 623.77 803.72 638.64 0.274168
10 105.31 595.19 275.13 719.04 0.273101
4 829.77 672.05 861.12 694.76 0.272971
1 975.81 712.35 988.75 744.32 0.272044
1 760.12 691.55 773.05 722.24 0.266192
3 1092.37 719.98 1141.11 750.48 0.251225
1 1101.79 729.85 1118.05 763.00 0.248716
1 614.92 623.98 627.61 645.13 0.243956
4 789.51 729.71 872.94 764.99 0.243870
1 1076.38 722.53 1092.33 750.79 0.238211
4 819.78 652.47 839.96 670.27 0.236207
4 1169.58 884.36 1188.44 917.07 0.228702
4 754.69 686.02 811.27 720.01 0.224529
4 968.65 683.79 999.61 701.18 0.222836
4 911.07 655.04 943.46 679.21 0.215569
4 942.15 668.19 985.12 691.15 0.213787
4 865.77 636.27 916.49 659.04 0.210577
9 1052.21 686.57 1109.15 734.91 0.210023
2 222.26 696.88 235.57 717.51 0.204141
4 750.00 631.16 776.81 646.96 0.203343
4 675.30 587.11 690.18 600.83 0.203204
10 130.64 678.17 159.03 707.07 0.203132
4 750.85 689.15 767.32 710.06 0.201661
