4 603.78 705.66 781.62 764.37 0.585518
4 0.03 155.82 26.05 183.05 0.559726
3 1185.79 465.92 1217.86 514.63 0.538092
4 999.03 117.44 1055.27 149.67 0.505840
6 486.51 308.55 758.96 438.36 0.487882
6 570.96 406.12 852.00 548.68 0.485019
4 110.84 65.43 143.74 96.91 0.478095
6 527.34 518.38 794.10 670.27 0.457075
4 520.60 268.69 625.01 317.39 0.449257
4 449.91 207.01 536.90 252.40 0.448233
6 382.65 125.19 591.01 230.85 0.438697
6 1222.38 397.78 1359.47 523.62 0.431737
4 505.22 245.91 608.11 292.09 0.418553
4 532.66 309.29 633.31 327.79 0.416791
4 473.38 221.04 569.91 271.53 0.412971
6 1065.93 276.23 1359.29 386.92 0.412315
6 1037.82 73.33 1258.66 148.20 0.393706
5 1223.29 411.72 1279.65 510.90 0.378269
6 803.97 0.17 889.59 56.73 0.375306
6 1181.84 0.36 1359.57 80.02 0.361607
6 207.96 34.50 256.10 73.75 0.351048
6 1016.80 145.93 1277.58 282.27 0.343080
4 1117.32 70.19 1182.96 95.96 0.335212
6 962.13 149.67 1027.56 224.98 0.305015
6 311.47 20.51 444.64 134.10 0.303666
4 359.69 138.98 447.33 188.85 0.297977
6 534.02 0.44 638.48 92.96 0.277524
6 666.46 0.08 799.01 72.37 0.277483
9 385.12 67.40 444.42 134.05 0.272249
5 448.08 58.76 501.73 119.96 0.267490
6 582.98 0.38 680.56 80.74 0.264616
5 495.52 48.83 544.75 108.45 0.264272
4 23.54 102.56 45.43 114.48 0.258401
5 1138.72 55.04 1188.49 92.01 0.248884
4 948.09 0.00 986.59 26.59 0.228901
6 905.23 107.57 1002.38 188.31 0.222908
3 907.30 153.15 959.17 189.04 0.220530
4 1013.46 151.52 1036.50 169.12 0.220387
6 580.90 32.73 638.26 92.71 0.216813
6 436.84 2.44 544.90 108.64 0.202550
4 1152.18 49.23 1189.41 69.94 0.202306
