4 549.61 317.50 653.84 476.12 0.604338
4 962.32 917.00 1279.18 1049.30 0.587581
4 181.70 4.78 285.10 105.97 0.576516
4 812.63 409.63 1050.47 509.97 0.573928
4 505.28 509.89 635.41 716.33 0.565293
4 814.12 259.61 1005.01 357.00 0.558949
4 612.15 106.92 688.30 212.16 0.553731
4 804.79 0.00 882.79 46.51 0.548579
4 814.93 194.50 997.37 275.19 0.532924
4 623.30 5.53 688.32 99.40 0.532052
4 843.01 501.70 1117.82 619.48 0.526535
4 963.27 622.48 1231.33 749.46 0.521710
3 842.01 36.36 887.82 82.80 0.513409
4 412.39 0.36 489.74 76.73 0.505958
4 947.00 754.85 1280.06 894.26 0.473792
1 782.57 0.51 804.79 57.55 0.438821
1 766.32 8.14 783.13 55.93 0.412644
4 650.29 0.00 696.94 10.11 0.373268
2 363.62 518.68 422.28 599.72 0.370669
1 727.43 0.00 740.49 16.45 0.255994
4 0.16 37.11 14.38 67.75 0.252620
2 370.89 526.60 395.91 584.28 0.238623
