4 675.08 584.55 772.05 648.59 0.551036
4 742.93 479.88 833.31 532.27 0.544689
4 1028.82 501.61 1112.83 555.26 0.524785
4 1011.97 416.61 1098.63 460.56 0.522251
4 1266.08 350.13 1353.95 397.97 0.522080
4 868.83 599.88 965.74 668.22 0.514479
4 1090.38 544.76 1190.42 608.79 0.509370
4 1288.98 493.89 1382.62 548.18 0.504192
4 1193.96 519.75 1294.90 579.57 0.504053
4 983.51 573.83 1078.86 634.79 0.502507
4 576.88 514.97 653.01 563.97 0.492131
4 1209.01 371.10 1263.87 413.46 0.486834
4 1112.68 472.11 1206.83 531.32 0.481786
4 1337.53 414.53 1399.72 473.64 0.474273
4 1023.62 868.97 1108.37 984.24 0.473254
4 1186.79 819.53 1276.02 932.35 0.423154
1 561.85 867.86 582.90 928.09 0.409085
6 199.30 550.52 442.38 667.59 0.391037
4 878.40 734.39 944.10 839.17 0.390296
4 1271.07 624.50 1331.63 720.40 0.388401
1 1132.19 432.42 1158.79 469.96 0.387086
4 1294.11 790.61 1383.35 905.94 0.383334
4 1076.91 682.01 1143.99 784.26 0.382504
5 200.13 602.12 311.67 666.33 0.379843
4 1340.99 610.25 1396.19 705.36 0.378545
4 1149.01 659.49 1210.76 755.16 0.373157
4 1263.68 362.55 1279.77 395.76 0.355381
4 1345.14 767.15 1399.75 876.93 0.349198
4 1212.10 638.73 1276.98 748.42 0.348309
5 307.85 553.63 442.35 633.91 0.334005
3 936.11 418.01 1006.88 464.57 0.328623
4 120.37 508.55 213.97 543.61 0.303412
4 940.70 722.36 1004.09 829.63 0.302355
7 645.68 783.24 771.07 871.15 0.295262
4 0.01 656.77 29.14 711.76 0.273488
4 396.71 531.25 474.72 573.99 0.258381
4 1387.06 475.89 1399.80 511.89 0.257369
4 706.43 784.46 770.69 837.53 0.255232
4 346.10 454.51 385.75 478.53 0.254707
4 1120.65 420.59 1179.21 443.54 0.252876
4 959.19 391.40 989.02 413.91 0.234421
3 936.16 428.52 966.43 464.51 0.224879
2 980.35 139.11 995.59 170.85 0.208526
3 575.85 110.73 603.34 136.83 0.206610
