4 728.65 335.24 792.45 362.13 0.557240
4 616.58 387.76 690.68 418.34 0.495706
6 707.24 443.03 1158.32 573.04 0.472477
6 1071.13 444.80 1359.57 541.07 0.469161
4 485.23 215.52 520.36 236.06 0.467941
4 757.79 384.69 836.83 422.24 0.430393
6 567.25 264.71 790.13 336.66 0.421663
1 857.97 395.32 870.78 428.16 0.416754
4 614.94 354.99 686.82 394.50 0.412866
4 694.91 186.36 722.27 198.83 0.396584
5 586.49 370.88 668.33 404.34 0.381896
6 1109.62 631.11 1359.44 764.23 0.372607
4 730.50 184.71 762.82 199.56 0.371765
6 618.25 214.88 779.57 262.08 0.369270
6 508.58 152.24 574.74 189.81 0.335022
3 887.40 419.42 922.27 439.29 0.333600
5 504.38 187.51 552.65 214.03 0.331569
1 841.62 337.42 852.05 363.67 0.293556
4 676.16 256.37 716.69 269.57 0.288003
6 770.67 263.77 803.90 314.97 0.255138
4 406.38 68.93 422.91 77.16 0.249078
4 677.40 256.79 762.68 280.01 0.248646
4 721.60 262.87 763.93 280.29 0.245893
4 817.39 295.66 831.72 312.23 0.243875
4 647.30 132.90 667.42 145.24 0.243541
9 1050.41 108.91 1232.79 142.83 0.237496
6 638.48 192.20 740.30 226.37 0.233756
2 793.18 219.64 801.74 242.35 0.233029
6 493.29 176.51 535.93 198.87 0.228294
2 792.13 252.44 799.75 270.76 0.223575
6 422.73 249.89 449.87 283.68 0.211382
2 871.22 403.27 883.24 423.53 0.208999
4 494.48 207.64 512.36 218.33 0.207092
6 675.47 256.45 803.24 314.48 0.205014
