5 1167.84 117.83 1352.50 226.25 0.538003
4 806.18 416.37 1020.91 525.19 0.518376
4 248.38 373.78 439.81 468.49 0.512592
4 134.11 439.93 343.79 551.20 0.497701
4 0.30 508.81 234.39 649.89 0.490114
4 649.15 635.25 912.17 764.28 0.451922
5 1167.93 118.22 1233.14 212.76 0.438473
4 875.84 326.53 1057.41 418.53 0.390245
4 80.15 360.06 129.90 444.24 0.388286
4 0.18 354.53 129.44 491.44 0.385156
4 612.69 179.67 734.22 246.18 0.377276
4 1155.12 151.55 1178.09 179.18 0.372470
4 152.77 274.77 307.78 380.58 0.357454
4 819.18 50.71 905.66 96.08 0.332951
4 677.11 144.52 784.67 199.56 0.329440
4 927.97 0.00 971.90 18.41 0.324139
4 899.86 298.88 1064.39 363.09 0.323363
6 1091.36 0.20 1184.84 39.46 0.320138
4 640.52 164.22 754.45 217.18 0.320104
4 922.74 267.33 1086.61 327.57 0.318600
4 728.56 115.59 829.09 164.05 0.313577
4 273.54 233.21 350.24 276.87 0.313427
4 872.89 15.90 956.73 55.30 0.307955
4 937.36 231.60 1087.32 288.74 0.306204
7 1199.09 1.33 1264.52 63.59 0.303381
4 465.57 106.06 498.57 170.88 0.302706
4 756.14 101.42 841.19 149.50 0.297592
4 704.93 132.31 807.09 181.36 0.283240
4 951.67 205.42 1102.59 259.82 0.278634
4 177.37 217.66 218.49 244.31 0.275617
4 981.87 140.58 1107.42 181.45 0.270513
4 984.78 165.11 1107.69 212.26 0.265117
4 338.02 216.31 377.91 251.89 0.247018
4 869.23 42.67 946.00 79.59 0.245049
4 765.77 82.97 874.65 128.13 0.240983
4 1083.71 0.00 1112.94 8.75 0.238792
4 591.16 118.45 630.43 152.54 0.236070
4 589.74 136.33 608.18 175.31 0.231635
4 77.23 336.13 181.76 388.39 0.222070
4 1014.33 119.33 1130.13 166.36 0.221744
