6 398.77 676.26 572.95 764.43 0.532848
1 351.19 702.34 367.22 750.12 0.529974
5 334.96 542.07 384.44 585.45 0.403601
4 176.45 633.29 220.18 673.73 0.394077
7 581.84 555.57 649.37 610.12 0.393588
4 423.06 530.33 472.29 552.48 0.378921
4 230.88 712.71 344.40 758.84 0.358682
4 6.25 676.57 75.61 709.30 0.357834
4 201.71 613.07 289.14 651.99 0.353265
4 0.15 696.78 64.06 748.31 0.346594
4 0.08 718.52 45.47 764.30 0.338302
4 302.91 686.71 397.47 735.36 0.314473
4 231.50 741.58 320.56 764.61 0.312065
4 258.62 605.40 323.32 641.22 0.311632
4 469.70 521.56 509.39 545.80 0.291921
6 686.90 466.91 731.42 496.25 0.291500
5 563.63 477.87 603.13 500.77 0.280588
4 292.55 586.65 333.70 613.21 0.276637
4 326.71 549.15 345.62 569.58 0.270837
1 478.90 604.00 490.02 633.47 0.264910
4 957.29 483.63 967.90 495.14 0.252616
6 509.96 552.04 561.94 592.37 0.251646
4 243.99 588.48 319.18 615.48 0.249732
4 379.18 410.13 420.46 420.67 0.244343
4 391.32 631.29 457.44 667.94 0.244276
6 742.33 475.64 766.58 503.86 0.241859
6 675.04 477.21 702.27 508.86 0.240921
4 346.48 654.61 428.80 682.13 0.235538
4 303.81 712.66 343.97 760.64 0.230791
6 509.15 493.81 670.82 592.70 0.218622
5 371.50 641.67 439.15 676.40 0.218588
2 568.69 497.24 624.25 534.76 0.217478
4 513.85 501.98 539.00 523.23 0.214401
6 599.11 447.23 677.26 500.51 0.214159
6 622.01 530.99 683.11 560.60 0.213265
2 499.90 593.66 510.86 619.01 0.211650
6 551.78 525.31 600.78 562.18 0.202696
4 343.40 670.90 416.12 709.84 0.201412
