4 1842.29 127.67 1999.81 365.01 0.658192
4 1414.62 258.95 1717.82 484.69 0.624236
4 1756.08 690.03 1999.63 955.02 0.599969
4 987.64 807.03 1344.07 1088.17 0.586087
4 1666.74 0.02 1812.43 138.69 0.578693
5 880.67 617.01 1225.50 856.72 0.576835
5 1078.64 0.04 1340.88 142.54 0.552192
4 972.94 0.08 1106.73 66.49 0.538449
5 1199.28 27.81 1439.80 206.78 0.518792
6 1280.38 135.77 1570.63 364.83 0.516927
5 1199.40 50.69 1279.74 200.26 0.438731
3 384.41 129.97 426.64 201.20 0.434022
4 1508.79 353.32 1847.78 609.94 0.423295
4 1360.62 1209.19 1686.17 1279.41 0.415725
2 535.91 403.09 609.58 491.18 0.412864
4 1165.47 1207.87 1711.00 1498.83 0.395363
4 1102.61 1291.46 1279.58 1499.16 0.391990
10 662.02 693.78 736.04 775.69 0.372395
3 550.48 144.50 589.31 201.05 0.357294
7 723.79 190.38 823.64 325.27 0.352161
3 721.50 394.15 833.53 509.78 0.333074
3 771.16 941.23 849.72 1099.07 0.331151
3 773.36 942.49 842.23 1013.54 0.308030
10 1201.22 231.21 1243.58 291.80 0.299789
7 439.16 285.17 576.25 371.62 0.298521
3 678.28 467.08 771.74 549.23 0.283894
9 720.32 886.71 1038.86 1499.33 0.279526
4 720.12 710.27 736.53 765.14 0.273653
2 537.05 425.85 590.26 458.94 0.260049
1 727.00 219.88 783.08 276.72 0.256973
1 484.67 923.86 529.45 991.31 0.254660
2 499.98 293.41 546.21 338.10 0.252407
7 428.55 144.86 482.62 193.55 0.251007
3 809.96 1049.24 848.73 1098.16 0.248494
2 472.75 314.75 504.96 369.57 0.248073
1 572.89 779.87 632.24 833.91 0.245579
7 548.97 122.15 650.09 202.34 0.242719
4 610.48 610.94 679.68 705.20 0.242704
2 780.12 241.73 814.23 294.55 0.228344
2 734.70 394.59 795.01 476.11 0.228237
2 1334.34 287.90 1376.69 328.62 0.222322
2 633.87 496.13 663.07 551.47 0.219557
4 1254.56 219.64 1280.01 265.22 0.219532
10 784.21 1003.80 820.86 1051.13 0.218511
