3 1750.58 846.97 1844.26 910.31 0.622323
3 1521.33 712.04 1600.08 779.47 0.620830
2 683.23 726.21 719.46 797.62 0.549182
2 894.91 519.84 920.68 588.06 0.501543
3 995.04 896.45 1039.61 944.78 0.488556
3 1190.68 589.27 1234.66 633.48 0.484759
2 857.61 688.15 892.99 767.03 0.469778
2 923.10 545.75 946.45 594.93 0.469652
2 1101.73 565.33 1129.24 623.29 0.467033
2 205.75 279.28 249.74 353.18 0.460176
2 813.60 660.90 849.97 699.70 0.452636
2 996.70 830.57 1025.79 889.26 0.441219
3 908.55 770.32 951.53 821.12 0.434515
2 1016.45 791.76 1047.01 852.51 0.431316
2 972.76 801.19 1001.34 873.08 0.429252
2 898.19 683.88 933.94 731.45 0.417261
2 865.74 621.95 906.46 679.85 0.402663
3 1406.14 518.25 1460.68 587.06 0.387624
2 727.75 622.62 761.24 679.24 0.381169
2 965.53 741.65 994.69 789.65 0.379903
2 771.46 636.17 807.64 676.79 0.368836
2 882.34 636.60 907.04 696.00 0.363295
2 958.91 713.95 988.70 762.60 0.349545
2 940.95 721.36 963.24 764.36 0.329877
2 1034.57 844.11 1070.05 888.99 0.318440
2 1037.23 758.77 1075.20 815.39 0.315290
2 950.48 837.00 966.80 878.46 0.245620
2 726.04 616.84 1077.36 942.76 0.240667
2 1409.16 515.74 1432.63 572.76 0.235020
2 752.57 631.61 777.24 670.14 0.218896
