4 658.17 108.98 673.15 127.91 0.544620
4 600.71 183.19 621.30 210.77 0.531558
5 348.71 268.17 409.65 378.23 0.396149
4 362.55 43.62 381.26 63.67 0.363083
5 647.82 1015.58 686.46 1049.62 0.359958
4 857.66 181.94 877.69 207.75 0.356533
4 808.63 717.30 840.09 758.47 0.355941
4 694.55 412.90 715.19 456.11 0.304786
4 742.12 65.04 761.80 82.21 0.297277
1 825.24 997.31 840.91 1019.60 0.290476
4 783.71 15.41 801.55 32.96 0.273763
4 1137.49 20.33 1159.26 33.27 0.257720
2 752.24 1009.26 765.32 1028.32 0.243679
4 754.94 20.88 766.88 35.44 0.238286
2 46.14 140.57 59.74 161.61 0.234891
4 1204.08 946.59 1221.38 969.95 0.224062
6 385.39 0.46 528.46 99.08 0.216594
