4 10.05 408.93 154.23 529.31 0.649824
4 814.21 157.39 903.05 200.62 0.384094
6 881.65 248.76 1069.58 360.63 0.375855
5 1286.73 282.06 1359.70 390.68 0.362841
6 531.75 28.37 624.68 92.94 0.323467
6 1207.81 435.77 1359.42 633.27 0.318079
4 831.72 10.21 888.31 34.45 0.302699
6 845.94 182.21 894.31 263.39 0.295854
6 1100.60 439.13 1225.91 596.09 0.295830
7 1116.30 239.67 1240.33 390.00 0.289213
4 849.20 37.81 904.81 63.59 0.287475
6 267.04 82.47 548.28 292.97 0.279932
5 222.62 511.09 470.83 616.85 0.276468
5 241.19 671.93 394.89 764.22 0.276238
6 911.63 421.30 1003.86 563.52 0.273386
6 668.54 647.11 938.58 764.27 0.264590
6 413.23 82.39 546.40 163.34 0.260274
6 1003.98 427.44 1104.64 570.90 0.255165
4 286.54 586.25 420.52 690.84 0.250855
6 671.02 399.15 938.73 763.88 0.250332
