4 519.68 320.83 566.89 384.43 0.534445
4 579.01 232.62 621.18 281.77 0.520998
4 421.08 361.72 486.66 436.12 0.508110
5 150.45 325.48 261.71 389.38 0.496647
4 676.77 491.85 756.26 610.28 0.487078
4 625.36 147.30 668.41 176.35 0.483737
4 63.07 454.89 173.49 562.70 0.477877
4 532.97 205.89 570.82 247.95 0.455059
1 355.39 435.39 375.34 484.46 0.454865
4 686.47 56.33 703.17 72.72 0.447725
4 246.68 297.77 311.87 345.36 0.425067
3 290.67 667.94 331.13 718.92 0.416219
4 260.38 237.83 335.72 281.18 0.382533
4 759.79 48.05 778.38 63.63 0.378890
4 446.15 68.77 467.58 87.78 0.371248
3 126.26 404.66 159.40 433.66 0.370679
2 291.93 635.00 332.57 706.74 0.370065
1 711.65 166.02 722.74 192.53 0.363803
4 0.04 599.47 52.80 706.71 0.357402
1 52.27 314.37 69.68 357.54 0.356828
4 613.47 24.45 625.47 39.11 0.346228
3 3.42 445.74 67.54 471.99 0.340450
4 679.56 26.05 694.19 39.93 0.339408
4 618.71 3.08 632.35 16.22 0.308767
4 879.12 32.19 898.19 45.82 0.305414
4 918.04 60.94 941.76 78.77 0.305308
4 729.63 7.29 745.64 19.49 0.298649
2 745.45 177.40 757.71 202.43 0.297784
4 653.63 25.91 668.17 36.96 0.292176
4 667.90 10.29 681.45 22.04 0.288727
4 646.78 13.38 658.72 26.78 0.283823
4 907.14 47.47 929.13 63.42 0.274612
4 540.42 38.02 557.99 46.13 0.274474
2 0.36 316.79 16.31 357.33 0.265313
2 921.70 278.83 936.65 310.69 0.256044
2 745.37 130.09 756.65 152.88 0.255578
1 81.16 346.54 91.12 373.05 0.254838
