4 674.93 585.21 771.91 648.60 0.539264
4 1265.86 350.47 1353.84 398.38 0.531219
4 1011.52 416.30 1098.69 460.60 0.521546
4 868.09 600.13 965.69 668.16 0.515514
4 1029.14 502.03 1112.97 555.67 0.514322
4 1288.21 493.68 1382.84 548.10 0.502998
4 983.36 574.07 1078.83 634.75 0.500638
4 1090.58 544.62 1190.65 608.37 0.498231
4 1024.17 869.09 1108.02 984.19 0.497537
4 743.00 480.23 833.22 532.33 0.488161
4 1194.44 520.28 1295.47 579.49 0.485230
4 1211.47 370.48 1264.16 412.76 0.480291
4 1339.66 416.22 1399.52 474.47 0.478678
4 1112.74 470.36 1206.01 530.34 0.462529
4 1189.50 820.35 1275.82 932.79 0.442202
4 1292.69 790.31 1382.76 906.06 0.416561
4 576.42 514.59 653.43 564.42 0.414425
6 199.28 551.84 442.60 667.63 0.413326
4 878.06 734.54 943.51 839.55 0.405992
1 561.84 867.43 582.65 928.18 0.403436
4 1341.26 612.02 1397.89 705.78 0.390299
3 936.43 419.57 1005.86 464.20 0.382706
4 1271.26 624.31 1330.17 719.88 0.381345
4 1077.49 682.94 1142.95 783.57 0.381050
1 1132.29 433.37 1157.36 467.13 0.376864
5 200.05 601.98 311.84 666.33 0.373647
4 1345.96 767.46 1399.61 876.70 0.372099
4 1150.42 657.89 1210.56 755.78 0.347610
4 1213.63 639.09 1277.16 748.40 0.341220
5 308.65 556.13 441.64 633.61 0.308573
4 942.21 720.71 1005.88 827.96 0.303270
4 0.02 656.30 30.22 711.77 0.290012
4 113.20 509.45 213.44 543.52 0.275887
6 646.10 783.84 769.88 869.77 0.260468
