4 728.13 335.03 792.54 362.12 0.557583
4 617.18 387.54 691.08 418.51 0.487077
6 1072.13 444.66 1359.64 541.70 0.476114
6 707.65 442.92 1157.55 573.03 0.448002
6 567.76 266.36 790.06 336.81 0.430541
4 615.64 355.11 686.50 394.47 0.428737
4 485.55 215.03 520.53 236.22 0.417242
1 857.27 394.37 871.58 427.18 0.415446
4 757.96 384.84 836.72 422.25 0.399545
4 587.13 371.12 643.17 404.07 0.395090
4 731.90 184.70 762.77 199.72 0.363852
6 1109.54 631.00 1359.40 764.36 0.351268
6 505.26 186.98 552.82 212.85 0.347193
6 618.78 216.29 779.84 261.98 0.346296
6 509.37 152.50 574.89 190.21 0.334220
4 677.27 256.25 719.68 269.85 0.319281
4 695.02 186.91 721.52 199.21 0.311570
4 357.67 187.26 380.55 209.13 0.266619
6 492.70 176.61 533.73 198.20 0.257062
9 1052.21 108.67 1233.84 143.39 0.250321
