4 633.25 268.05 659.77 295.90 0.485257
4 794.03 569.19 828.28 635.23 0.478043
4 582.22 220.50 608.20 242.80 0.478012
4 504.09 135.79 530.83 158.14 0.477089
4 737.13 372.05 769.93 407.65 0.465012
4 738.12 316.38 768.76 344.92 0.460820
4 597.49 199.82 624.36 225.31 0.457871
4 784.12 124.93 809.44 135.56 0.451701
4 442.01 468.87 479.35 492.12 0.433026
4 701.49 584.77 736.03 640.61 0.427652
4 267.34 153.32 291.24 171.14 0.427078
4 299.82 161.91 322.67 177.66 0.420397
4 304.59 178.94 327.12 194.46 0.411364
4 79.46 633.69 120.05 650.34 0.334437
4 596.15 134.35 620.07 158.65 0.322299
6 732.40 23.80 800.90 46.61 0.292483
4 779.90 53.96 800.14 66.44 0.280054
4 551.25 121.27 567.97 134.34 0.262082
4 565.48 19.63 582.53 32.32 0.258561
