1 158.00 357.00 168.00 395.00 0.980000
1 150.00 357.00 158.00 395.00 0.980000
1 245.00 357.00 254.00 395.00 0.980000
1 254.00 357.00 262.00 395.00 0.980000
1 320.00 307.00 327.00 345.00 0.980000
1 327.00 307.00 334.00 345.00 0.980000
1 334.00 307.00 341.00 345.00 0.980000
1 341.00 307.00 348.00 345.00 0.980000
1 357.00 307.00 364.00 345.00 0.980000
1 364.00 307.00 371.00 345.00 0.980000
1 371.00 307.00 378.00 345.00 0.980000
1 378.00 307.00 385.00 345.00 0.980000
1 385.00 307.00 392.00 345.00 0.980000
1 392.00 307.00 399.00 345.00 0.980000
1 399.00 307.00 406.00 345.00 0.980000
1 406.00 307.00 413.00 345.00 0.980000
1 413.00 307.00 420.00 345.00 0.980000
1 420.00 307.00 427.00 345.00 0.980000
1 427.00 307.00 434.00 345.00 0.980000
