1 253.00 792.00 278.00 839.00 0.980000
1 370.00 940.00 395.00 980.00 0.980000
1 418.00 792.00 452.00 820.00 0.980000
1 38.00 340.00 87.00 407.00 0.980000
1 93.00 380.00 139.00 442.00 0.980000
1 117.00 389.00 145.00 442.00 0.980000
1 268.00 289.00 302.00 340.00 0.980000
1 268.00 240.00 290.00 279.00 0.980000
1 268.00 207.00 288.00 247.00 0.980000
1 288.00 182.00 318.00 267.00 0.980000
1 288.00 83.00 302.00 120.00 0.980000
1 238.00 17.00 253.00 58.00 0.980000
1 449.00 88.00 464.00 130.00 0.980000
1 526.00 88.00 538.00 130.00 0.980000
1 553.00 90.00 565.00 130.00 0.980000
1 570.00 90.00 580.00 130.00 0.980000
1 647.00 163.00 660.00 202.00 0.980000
1 693.00 163.00 705.00 202.00 0.980000
1 934.00 107.00 962.00 163.00 0.980000
1 934.00 10.00 952.00 55.00 0.000000
