1 417.00 638.00 429.00 681.00 0.980000
1 362.00 757.00 371.00 787.00 0.980000
1 587.00 612.00 595.00 645.00 0.980000
1 511.00 312.00 519.00 347.00 0.980000
1 490.00 257.00 498.00 285.00 0.980000
1 487.00 195.00 495.00 218.00 0.980000
1 485.00 149.00 495.00 177.00 0.980000
1 484.00 45.00 496.00 72.00 0.980000
1 484.00 1.00 492.00 25.00 0.980000
1 440.00 32.00 450.00 55.00 0.980000
1 438.00 28.00 445.00 50.00 0.980000
1 435.00 22.00 442.00 45.00 0.980000
1 427.00 0.00 432.00 15.00 0.980000
1 284.00 125.00 292.00 158.00 0.980000
1 266.00 22.00 279.00 65.00 0.980000
1 298.00 210.00 318.00 242.00 0.980000
1 250.00 332.00 260.00 367.00 0.900000
