1 434.00 88.00 438.00 105.00 0.980000
4 305.00 127.00 324.00 190.00 0.980000
4 308.00 207.00 329.00 268.00 0.980000
4 443.00 450.00 480.00 510.00 0.980000
4 492.00 450.00 534.00 514.00 0.980000
4 492.00 510.00 534.00 574.00 0.980000
4 540.00 503.00 588.00 574.00 0.980000
4 457.00 547.00 505.00 608.00 0.980000
5 520.00 597.00 570.00 677.00 0.980000
5 535.00 687.00 590.00 770.00 0.980000
5 580.00 682.00 633.00 755.00 0.980000
6 537.00 557.00 604.00 654.00 0.980000
6 607.00 632.00 662.00 717.00 0.980000
6 660.00 632.00 710.00 712.00 0.980000
6 694.00 732.00 747.00 787.00 0.980000
6 637.00 737.00 692.00 787.00 0.980000
