1 493.00 780.00 505.00 830.00 0.980000
1 500.00 779.00 512.00 830.00 0.980000
1 535.00 792.00 549.00 847.00 0.980000
1 512.00 780.00 525.00 830.00 0.980000
1 493.00 792.00 505.00 830.00 0.980000
1 493.00 780.00 505.00 830.00 0.980000
1 500.00 779.00 512.00 830.00 0.980000
1 535.00 792.00 549.00 847.00 0.980000
1 512.00 780.00 525.00 830.00 0.980000
1 493.00 792.00 505.00 830.00 0.980000
1 500.00 779.00 512.00 830.00 0.980000
1 535.00 792.00 549.00 847.00 0.980000
1 512.00 780.00 525.00 830.00 0.980000
1 493.00 792.00 505.00 830.00 0.980000
1 500.00 779.00 512.00 830.00 0.980000
1 535.00 792.00 549.00 847.00 0.980000
1 512.00 780.00 525.00 830.00 0.980000
1 493.00 792.00 505.00 830.00 0.980000
1 500.00 779.00 512.00 830.00 0.980000
