4 380.00 514.00 438.00 539.00 0.970000
4 518.00 502.00 563.00 535.00 0.970000
4 628.00 510.00 678.00 539.00 0.970000
4 675.00 506.00 727.00 539.00 0.970000
4 935.00 494.00 959.00 527.00 0.970000
4 928.00 367.00 959.00 397.00 0.970000
4 880.00 373.00 920.00 397.00 0.970000
4 840.00 373.00 879.00 397.00 0.970000
4 777.00 375.00 820.00 400.00 0.970000
4 730.00 380.00 775.00 406.00 0.970000
4 692.00 384.00 727.00 408.00 0.970000
4 633.00 384.00 677.00 410.00 0.970000
4 562.00 384.00 598.00 410.00 0.970000
4 508.00 391.00 546.00 418.00 0.970000
4 457.00 400.00 495.00 426.00 0.970000
4 354.00 404.00 397.00 432.00 0.970000
4 300.00 406.00 343.00 438.00 0.970000
