4 481.00 340.00 540.00 387.00 0.980000
6 602.00 535.00 700.00 653.00 0.980000
6 635.00 510.00 742.00 622.00 0.980000
6 675.00 490.00 792.00 597.00 0.980000
6 715.00 467.00 810.00 582.00 0.980000
6 768.00 443.00 849.00 555.00 0.980000
6 812.00 487.00 900.00 590.00 0.980000
6 863.00 512.00 955.00 622.00 0.980000
6 916.00 547.00 1000.00 670.00 0.980000
6 972.00 630.00 1000.00 705.00 0.980000
6 318.00 753.00 475.00 764.00 0.980000
6 238.00 727.00 375.00 764.00 0.980000
6 195.00 705.00 315.00 764.00 0.980000
6 398.00 470.00 482.00 573.00 0.980000
