1 250.00 848.00 285.00 900.00 0.980000
1 149.00 474.00 168.00 523.00 0.980000
1 216.00 439.00 240.00 500.00 0.980000
1 295.00 464.00 312.00 510.00 0.980000
1 357.00 507.00 380.00 555.00 0.980000
1 452.00 514.00 470.00 567.00 0.980000
1 462.00 484.00 477.00 530.00 0.980000
1 532.00 454.00 546.00 497.00 0.980000
1 554.00 474.00 570.00 520.00 0.980000
1 577.00 510.00 593.00 555.00 0.980000
1 635.00 478.00 657.00 527.00 0.980000
1 685.00 440.00 705.00 484.00 0.980000
1 763.00 399.00 788.00 447.00 0.980000
1 788.00 370.00 807.00 420.00 0.980000
1 800.00 384.00 817.00 434.00 0.980000
1 827.00 420.00 845.00 470.00 0.980000
1 870.00 405.00 890.00 454.00 0.980000
1 970.00 387.00 995.00 434.00 0.980000
1 819.00 277.00 833.00 327.00 0.980000
