1 439.00 457.00 444.00 470.00 0.990000
1 444.00 480.00 449.00 495.00 0.990000
1 439.00 445.00 444.00 457.00 0.990000
1 439.00 438.00 444.00 449.00 0.990000
1 439.00 431.00 444.00 441.00 0.990000
1 439.00 424.00 444.00 434.00 0.990000
1 439.00 417.00 444.00 427.00 0.990000
1 439.00 410.00 444.00 420.00 0.990000
1 439.00 403.00 444.00 413.00 0.990000
1 439.00 396.00 444.00 406.00 0.990000
1 439.00 389.00 444.00 399.00 0.990000
1 439.00 382.00 444.00 392.00 0.990000
1 439.00 375.00 444.00 385.00 0.990000
1 439.00 368.00 444.00 378.00 0.990000
1 439.00 361.00 444.00 371.00 0.990000
1 439.00 354.00 444.00 364.00 0.990000
1 439.00 347.00 444.00 357.00 0.990000
1 439.00 340.00 444.00 350.00 0.990000
1 439.00 333.00 444.00 343.00 0.990000
