4 542.00 708.00 679.00 764.00 0.980000
4 562.00 570.00 683.00 673.00 0.980000
4 543.00 405.00 645.00 482.00 0.980000
4 545.00 367.00 630.00 422.00 0.980000
4 543.00 335.00 625.00 387.00 0.980000
4 543.00 307.00 625.00 355.00 0.980000
4 543.00 279.00 625.00 327.00 0.980000
4 543.00 252.00 625.00 300.00 0.980000
4 543.00 224.00 625.00 272.00 0.980000
4 543.00 200.00 625.00 248.00 0.980000
4 543.00 172.00 625.00 220.00 0.980000
4 543.00 144.00 625.00 192.00 0.980000
4 543.00 116.00 625.00 164.00 0.980000
4 543.00 88.00 625.00 136.00 0.980000
4 543.00 50.00 625.00 98.00 0.980000
4 543.00 22.00 625.00 70.00 0.980000
4 420.00 40.00 470.00 77.00 0.980000
4 405.00 67.00 457.00 115.00 0.980000
4 405.00 88.00 457.00 136.00 0.980000
