1 806.00 552.00 839.00 628.00 0.970000
1 535.00 611.00 567.00 697.00 0.970000
1 582.00 583.00 620.00 659.00 0.970000
1 572.00 550.00 597.00 625.00 0.970000
1 526.00 530.00 550.00 602.00 0.970000
1 427.00 615.00 450.00 694.00 0.970000
1 405.00 537.00 430.00 605.00 0.970000
1 377.00 525.00 399.00 585.00 0.970000
1 340.00 463.00 363.00 535.00 0.970000
1 377.00 468.00 399.00 525.00 0.970000
1 924.00 683.00 963.00 777.00 0.970000
1 893.00 714.00 920.00 777.00 0.970000
1 967.00 744.00 999.00 797.00 0.970000
1 967.00 479.00 984.00 520.00 0.970000
3 924.00 405.00 987.00 467.00 0.970000
3 924.00 344.00 967.00 377.00 0.970000
3 924.00 314.00 967.00 344.00 0.970000
3 924.00 285.00 967.00 314.00 0.970000
3 924.00 265.00 967.00 294.00 0.970000
