1 545.00 8.00 555.00 52.00 0.990000
2 558.00 0.00 570.00 55.00 0.990000
4 127.00 5.00 202.00 100.00 0.990000
4 295.00 0.00 347.00 72.00 0.990000
4 438.00 100.00 490.00 203.00 0.990000
4 392.00 302.00 465.00 453.00 0.990000
4 360.00 485.00 452.00 683.00 0.990000
4 582.00 185.00 711.00 263.00 0.990000
4 582.00 247.00 716.00 338.00 0.990000
4 582.00 388.00 751.00 485.00 0.990000
4 603.00 477.00 798.00 590.00 0.990000
4 687.00 595.00 880.00 714.00 0.990000
4 677.00 726.00 914.00 852.00 0.990000
4 689.00 876.00 921.00 1000.00 0.990000
10 601.00 40.00 634.00 77.00 0.990000
