1 158.00 612.00 177.00 648.00 0.980000
1 706.00 148.00 714.00 175.00 0.980000
1 714.00 148.00 721.00 175.00 0.980000
1 759.00 169.00 771.00 195.00 0.980000
1 762.00 195.00 773.00 225.00 0.980000
1 759.00 125.00 771.00 148.00 0.980000
1 759.00 108.00 771.00 130.00 0.980000
1 759.00 118.00 771.00 140.00 0.980000
1 759.00 130.00 771.00 150.00 0.980000
1 759.00 140.00 771.00 160.00 0.980000
1 759.00 150.00 771.00 170.00 0.980000
1 759.00 160.00 771.00 180.00 0.980000
1 759.00 170.00 771.00 190.00 0.980000
1 759.00 180.00 771.00 200.00 0.980000
1 759.00 190.00 771.00 210.00 0.980000
1 759.00 200.00 771.00 220.00 0.980000
1 759.00 210.00 771.00 230.00 0.980000
1 759.00 220.00 771.00 240.00 0.980000
1 759.00 230.00 771.00 250.00 0.980000
