1 714.00 170.00 719.00 189.00 0.990000
1 714.00 170.00 719.00 189.00 0.990000
1 714.00 170.00 719.00 189.00 0.990000
1 714.00 170.00 719.00 189.00 0.990000
1 714.00 170.00 719.00 189.00 0.990000
1 714.00 170.00 719.00 189.00 0.990000
1 714.00 170.00 719.00 189.00 0.990000
1 714.00 170.00 719.00 189.00 0.990000
1 714.00 170.00 719.00 189.00 0.990000
1 714.00 170.00 719.00 189.00 0.990000
1 714.00 170.00 719.00 189.00 0.990000
1 714.00 170.00 719.00 189.00 0.990000
1 714.00 170.00 719.00 189.00 0.990000
1 714.00 170.00 719.00 189.00 0.990000
1 714.00 170.00 719.00 189.00 0.990000
1 714.00 170.00 719.00 189.00 0.990000
1 714.00 170.00 719.00 189.00 0.990000
1 714.00 170.00 719.00 189.00 0.990000
1 714.00 170.00 719.00 189.00 0.990000
